0 0.1278209556706966 0.2968668252080856 0.11632124352331606 0.491474435196195
0 0.054075993091537135 0.339922711058264 0.05058146229130685 0.31361474435196196
0 0.25093552101324124 0.3412485136741974 0.14032815198618306 0.428038049940547
1 0.3976280944156592 0.4091973840665874 0.19421991940126657 0.4592984542211653
0 0.7319660333909038 0.4126516052318668 0.1190846286701209 0.4424256837098692
1 0.836350028785262 0.42220570749108205 0.08260218767990789 0.41872770511296076
1 0.5902878526194588 0.4243579072532699 0.19496833621185955 0.47059453032104637
1 0.8898675877950489 0.4672294887039239 0.03880253310305124 0.3161474435196195
0 0.10465457685664939 0.5702259215219976 0.06077720207253886 0.1678002378121284
1 0.21230569948186528 0.6215457788347206 0.15057570523891767 0.3512960760998811
1 0.3324208405296488 0.6810760998810939 0.11216465169833047 0.3015101070154578
1 0.6618480138169258 0.7047443519619502 0.09744386873920552 0.2537217598097503
1 0.7739205526770293 0.7310523186682522 0.13506044905008635 0.3562782401902497
1 0.45131548647092684 0.7327705112960761 0.10355210132412206 0.25507728894173604
1 0.5615112262521589 0.7466111771700357 0.11438687392055268 0.23519619500594532