1 0.7613669769720726 0.657124268054652 0.09402253797158255 0.2992843201040989
1 0.1167858892699657 0.35540013012361743 0.070906418422342 0.17729342875731946
1 0.1939441450269476 0.3597918022121015 0.08803527682508575 0.20819778789850357
1 0.29473787359137676 0.36922576447625244 0.13087702106810387 0.23096942094990242
1 0.4456222439980402 0.37247885491216653 0.17492895639392453 0.27651268705270005
1 0.6192920137187653 0.3749186727391021 0.16754042136207742 0.2813923227065712
1 0.7646741793238608 0.38874430709173713 0.11239588437040667 0.23747560182173064
1 0.8415899069083782 0.3928106701366298 0.05358647721705047 0.2391021470396877
1 0.888375796178344 0.40777488614183477 0.04132778049975502 0.20006506180871828
1 0.08286134247917688 0.5278139232270657 0.059892209701126894 0.2033181522446324
1 0.1336844683978442 0.5362719583604424 0.09294463498285153 0.2033181522446324
1 0.8902155805977462 0.5801886792452831 0.020509554140127388 0.12849707221860768
1 0.8687824595786379 0.5847430058555628 0.02663890249877511 0.1480156148340924
1 0.8317932386085253 0.6086532205595315 0.04869181773640372 0.19843851659076123
1 0.21108770210681038 0.6094664931685101 0.11252327290543851 0.31717631750162656
1 0.32804997550220477 0.6148340923877684 0.1259676629103381 0.2667534157449577
1 0.4505267025967663 0.6314248536109304 0.11614404703576679 0.2635003253090436
1 0.661795688388045 0.6346779440468445 0.0977217050465458 0.2635003253090436
1 0.5623444390004899 0.6444372153545869 0.11243998040176384 0.2830188679245283