1 0.8193701111568547 0.3484272658035034 0.03478797859201317 0.17438690022848438
0 0.7743762865376699 0.3631530845392231 0.0633676410045286 0.23430312261995428
1 0.7030485796624125 0.3952589489718203 0.09691642651296829 0.23453922315308454
0 0.1894359818855496 0.3952627570449353 0.05363524083985179 0.17514089870525515
0 0.5875463153561137 0.4108758568164509 0.1400988060930424 0.31146991622239145
0 0.24544874433923422 0.4225552170601676 0.06520790448744339 0.21449352627570448
0 0.44787566899958825 0.4231873571972582 0.14729518320296417 0.28125666412795125
0 0.32486825854261014 0.42966108149276466 0.09642239604775628 0.2408910891089109
0 0.20714697406340057 0.5333777608530084 0.03142033758748456 0.06294744859101295
1 0.6318443804034583 0.5661271896420411 0.08789625360230548 0.0797029702970297
0 0.24215314944421576 0.5681530845392232 0.04791272128447921 0.08375476009139375
0 0.2973137093454096 0.577936024371668 0.06601482091395636 0.09722772277227723
1 0.5455496088925484 0.6015384615384615 0.08574722107863318 0.10635186595582634
1 0.37599217785096745 0.603069306930693 0.10068752573075339 0.1155064737242955
1 0.4638575545491972 0.6066184310738766 0.0895100864553314 0.10889565879664889