0 0.4338965311004785 0.3458744855967078 0.15607057416267942 0.3131481481481481
0 0.2855053827751196 0.36840020576131693 0.15474282296650718 0.3252777777777778
0 0.5784150717703349 0.3752932098765432 0.1412799043062201 0.3020267489711934
0 0.16804724880382776 0.3923662551440329 0.10642942583732057 0.2970781893004115
0 0.7095723684210526 0.40955246913580245 0.11770933014354067 0.238858024691358
1 0.1067135167464115 0.448641975308642 0.05672846889952153 0.2820576131687243
0 0.7452691387559808 0.6144855967078189 0.09580143540669857 0.18576131687242797
0 0.6310675837320574 0.6404166666666666 0.13414473684210526 0.2335082304526749
1 0.38157296650717704 0.6571862139917695 0.11721291866028707 0.3081995884773662
0 0.5044437799043062 0.6647016460905351 0.12252392344497609 0.34174897119341563
1 0.2933821770334928 0.664891975308642 0.10111842105263158 0.2865740740740741
1 0.2263127990430622 0.66994341563786 0.09377392344497607 0.29050411522633746
1 0.17086423444976076 0.6861008230452674 0.08215909090909092 0.2754938271604938
1 0.15030203349282298 0.7036985596707819 0.050604066985645936 0.2530761316872428