1 0.5416552832462836 0.3689315910837817 0.1544234632382483 0.38428900845503455
1 0.6690297308155886 0.37227132974634897 0.11106066693451186 0.3248654880860876
1 0.391793893129771 0.37853958493466566 0.14558055443953397 0.37737125288239814
1 0.2722840498192045 0.3800768639508071 0.09539172358376859 0.3128055342044581
1 0.7532924869425471 0.39570330514988467 0.06664925672961028 0.2979400461183705
1 0.7999578143832865 0.409934665641814 0.04266372036962635 0.2587624903920061
1 0.20033748493370832 0.4113412759415834 0.06238650060265167 0.2846348962336664
1 0.16637404580152673 0.42964258262874716 0.04267175572519084 0.22746348962336665
1 0.7950642828445158 0.5799385088393544 0.04492969063881077 0.09607993850883935
1 0.7517557251908397 0.5867294388931591 0.06036159100040177 0.11273635664873173
1 0.6982121333869024 0.6005572636433513 0.06496584973885094 0.1465411222136818
1 0.2033206106870229 0.6060491929285166 0.043443149859381275 0.08681014604150653
1 0.26016271595018076 0.6151614142966949 0.07677380474085979 0.16652574942352039
0 0.33760948171956606 0.6309146810146041 0.09908396946564886 0.1734358186010761
0 0.6207030936118924 0.633097617217525 0.1011892326235436 0.16242890084550346
0 0.4266412213740458 0.634631053036126 0.09072719967858578 0.17933128362797848
0 0.5185154680594617 0.638228285933897 0.10894736842105264 0.18960030745580322