0 0.7861442193087008 0.4770391271632807 0.06334922526817639 0.29794582392776525
1 0.27249702026221695 0.47703536493604215 0.11511720301946762 0.2678404815650865
1 0.7007310290027811 0.4785364936042137 0.11342073897497021 0.2979307750188111
1 0.19940405244338497 0.48607223476297967 0.06746126340882003 0.21668924003009782
1 0.5660607866507747 0.48982693754702783 0.15238379022646006 0.30847253574115874
1 0.4079539133889551 0.49359292701279156 0.16195470798569725 0.3069751693002258
1 0.14379022646007153 0.49961625282167044 0.04681764004767581 0.18659142212189617
1 0.1477651966626937 0.6658916478555305 0.042054032578466426 0.14893905191873588
0 0.6411462058005563 0.6839729119638827 0.07847834723877632 0.21519939804364183
1 0.35552244735796584 0.6907411587659895 0.09046483909415971 0.22873589164785554
1 0.19225268176400476 0.6922498118886381 0.06587206992451332 0.2287434161023326
1 0.2665375446960667 0.6952483069977426 0.08412793007548669 0.2166817155756208
0 0.7893226062773142 0.6967644845748683 0.045868096940802544 0.1745673438675696
1 0.45125943583631306 0.6982656132430399 0.09123559793404847 0.1896087283671934
0 0.7257608263806118 0.7042814145974416 0.07925307906237584 0.165522949586155
1 0.5465991259435836 0.7185854025583145 0.09756853396901073 0.15199398043641835