1 0.7071363815530154 0.5462707330123061 0.07804887662593614 0.2161369716425896
1 0.23558927867560112 0.5479668271803104 0.06834055971620023 0.18421615837346175
1 0.5212613322822232 0.5501016586409844 0.10519511233740639 0.17350454788657035
1 0.6202286164761529 0.5509015516318887 0.09816318486401261 0.1911556982343499
1 0.421570752857706 0.5530470840021402 0.09186046511627907 0.17404494382022473
1 0.3218801734331888 0.5546548956661317 0.0903508080409933 0.18047084002140182
1 0.5244856129286558 0.3273461744248261 0.16288529759558534 0.24163723916532906
1 0.36801931415057154 0.3384055644729802 0.15582577847851792 0.2305831995719636
1 0.6563815530153725 0.34134563937934725 0.1137091052424123 0.19794007490636703
1 0.770518328734726 0.34741305510968434 0.1046945210878991 0.15978063135366505
1 0.2472920772566023 0.36800963081861954 0.0917461568782026 0.16673087212413054
1 0.15955459203783998 0.38647137506688073 0.08497437918801735 0.12767790262172285
1 0.7737918801734331 0.5072124130551097 0.06472999605833661 0.1412306046013911
1 0.16632636972802523 0.5193392188336008 0.07959795033504138 0.11411985018726592