0 0.4726452965847813 0.42101716738197426 0.14361294188136609 0.21370815450643776
0 0.32850509286998203 0.4210128755364807 0.1477231875374476 0.2686351931330472
0 0.20828040742959855 0.4266137339055794 0.11098861593768725 0.242068669527897
0 0.6215847813061713 0.4347510729613734 0.15389454763331337 0.21027467811158798
0 0.7693738765727981 0.4347596566523605 0.14509886159376872 0.16050643776824036
0 0.7954224086279209 0.5605150214592275 0.10732174955062912 0.11502145922746781
1 0.6794248052726184 0.5678068669527897 0.14015578190533254 0.15535622317596567
1 0.5403714799281006 0.5776781115879829 0.13766327142001197 0.14934763948497856
1 0.41450269622528463 0.5836824034334764 0.12079688436189336 0.14762231759656652
1 0.3254943079688436 0.6158669527896996 0.0817855002995806 0.12787124463519314
0 0.25446974236069503 0.6184463519313305 0.06196524865188736 0.15019742489270385
0 0.20621929298981426 0.6240214592274678 0.05414020371479928 0.13216309012875535