1 0.5386099203919167 0.3516936790923825 0.15254133496631966 0.5121393841166937
1 0.3948469075321494 0.35465964343598055 0.13078383343539499 0.45324149108589945
1 0.2408909981628904 0.37706645056726096 0.17437232088181262 0.5369529983792545
0 0.1062369871402327 0.3841004862236629 0.13164115125535825 0.4181199351701783
1 0.6735884874464176 0.3854538087520259 0.12366197183098591 0.5018638573743922
1 0.8710134721371708 0.3911183144246353 0.08250459277403552 0.3705672609400324
1 0.7813288426209432 0.3997649918962723 0.09052051439069198 0.4591734197730956
1 0.034467238211879976 0.42489465153970823 0.06281077770973667 0.4899837925445705
1 0.7050061236987141 0.672066450567261 0.10933864053888549 0.23230145867098867
1 0.45310777709736677 0.6885332252836305 0.14320269442743416 0.36247974068071315
1 0.5936007348438457 0.70177471636953 0.14004898958971218 0.31116693679092383
1 0.32236680955297 0.703387358184765 0.12176974892835273 0.3143922204213938
1 0.08610838946723821 0.7241896272285251 0.05341702388242499 0.26847649918962724
1 0.1389007960808328 0.725 0.07449479485609309 0.270097244732577
1 0.038227189222290264 0.746871961102107 0.036037966932026946 0.14528363047001622
1 0.21578383343539498 0.7533468395461912 0.08986527862829148 0.23278768233387356