0 0.3939615589962627 0.28478152309612986 0.1782060864922584 0.48466916354556805
0 0.2456647090229578 0.304438202247191 0.11332621462893752 0.38665418227215975
0 0.5794340630005339 0.33440074906367045 0.1818259476775227 0.45157303370786517
0 0.14753603844100371 0.33764669163545574 0.08684997330485851 0.38066167290886394
0 0.7348371596369461 0.3470848938826467 0.12744260544580885 0.39204744069912606
0 0.08647624132407902 0.35784644194756554 0.054426054458088624 0.3037078651685393
0 0.8514869193806728 0.36810861423220975 0.11301121195942337 0.38665418227215975
0 0.9466097170315003 0.4267665418227216 0.0405766150560598 0.24179775280898877
0 0.9229658302189001 0.432003745318352 0.0701708489054992 0.32218476903870163
0 0.6755098772023492 0.5759550561797753 0.11450080085424454 0.3104619225967541
0 0.09509877202349172 0.6051248439450686 0.056721836625734115 0.17154806491885144
0 0.33493593166043784 0.6169475655430712 0.10607047517351842 0.3724719101123596
0 0.14041110517885746 0.6277215980024969 0.08114255205552588 0.21923845193508115
0 0.5603416978109984 0.640705368289638 0.10840363053924186 0.25019975031210984
0 0.22784570208222105 0.6457927590511859 0.1075867592098238 0.3402746566791511
0 0.4452722904431394 0.6637141073657927 0.1121142552055526 0.4360424469413233
0 0.862362520021356 0.6721348314606741 0.07389749065670048 0.25313358302122346
0 0.915904965296316 0.6730586766541823 0.04537106246663108 0.26496878901373283
0 0.7759103043246129 0.7399188514357053 0.09426588360918313 0.40368289637952565