1 0.28656788145774925 0.42537815126050416 0.07333600320384462 0.280855614973262
1 0.6984441329595515 0.4290603514132926 0.0648898678414097 0.2744690603514133
1 0.6025931117340809 0.4340297937356761 0.11988386063275933 0.34093964858670744
1 0.47486784140969157 0.4337700534759359 0.12875050060072088 0.34653170359052715
1 0.3689607529034842 0.438357524828113 0.0859391269523428 0.27014514896867836
1 0.7574329195034041 0.4451031321619557 0.05951942330796957 0.25613445378151256
1 0.23234881858229875 0.45579831932773107 0.052202643171806166 0.24085561497326202
1 0.7923928714457349 0.4782123758594347 0.05174609531437726 0.22915202444614208
1 0.28896475770925106 0.6301184110007639 0.05650380456547858 0.06237585943468297
1 0.7492190628754505 0.6329182582123759 0.05670804965959151 0.07255920550038197
1 0.7009731678013617 0.6419595110771582 0.04832198638366039 0.10744843391902216
1 0.34319383259911895 0.6513789152024446 0.06083700440528634 0.0911459129106188
1 0.6439927913496195 0.6683155080213904 0.06892270724869844 0.1326585179526356
1 0.41092711253504205 0.6695874713521772 0.0785622747296756 0.14589763177998472
0 0.4886003203844614 0.6712414056531704 0.08412895474569483 0.14003819709702062
0 0.5712034441329595 0.6720053475935829 0.08353624349219063 0.15378915202444615