1 0.9299931365820179 0.3036605657237937 0.1400137268359643 0.46422628951747086
1 0.811197666437886 0.3100083194675541 0.1289155799588195 0.500216306156406
1 0.6636890871654084 0.3211064891846922 0.17569663692518875 0.5057737104825292
0 0.48457789979409743 0.4184359400998336 0.19496225120109814 0.5806322795341098
1 0.3138400823610158 0.5257487520798669 0.14998627316403568 0.47911813643926787
1 0.1644028826355525 0.5945507487520798 0.14898421413864105 0.3837770382695508
1 0.8925978037062458 0.6045174708818636 0.03639670555936857 0.17742096505823626
1 0.7155833905284832 0.6622129783693844 0.06397391901166781 0.26286189683860234
1 0.8547597803706246 0.6627537437603993 0.044454358270418666 0.2639434276206323
1 0.7892278654770075 0.6694093178036605 0.08223061084420041 0.3304991680532446
0 0.5970178448867536 0.6954991680532446 0.17001372683596433 0.4958236272878536
1 0.4267913520933425 0.7523460898502495 0.17410432395332875 0.37324459234608987
1 0.27807824296499656 0.7642762063227954 0.11689773507206588 0.20076539101497504