1 0.17221494932432432 0.30580357142857145 0.07838260135135136 0.2544642857142857
1 0.8420882601351352 0.31741071428571427 0.06762246621621622 0.21875
0 0.7865815033783784 0.32857142857142857 0.10272381756756757 0.36607142857142855
0 0.32788851351351356 0.34746875 0.12283783783783783 0.39136607142857144
0 0.2382559121621622 0.36354017857142856 0.08124155405405405 0.36458035714285714
1 0.7158023648648648 0.37380803571428567 0.12332770270270271 0.3244017857142857
1 0.5844467905405406 0.3827366071428571 0.1663597972972973 0.3779732142857143
1 0.445698902027027 0.39553571428571427 0.17349239864864865 0.39285714285714285
1 0.17221283783783783 0.46994196428571433 0.06993243243243243 0.1488125
1 0.20586570945945945 0.5032723214285714 0.05869087837837837 0.1547589285714286
1 0.24543707770270268 0.53378125 0.056752533783783775 0.1532767857142857
1 0.31760768581081084 0.553125 0.11578969594594594 0.17410714285714285
1 0.7865054898648648 0.5535714285714286 0.06625422297297297 0.10714285714285714
1 0.649305320945946 0.5748526785714286 0.0790160472972973 0.22470535714285714
1 0.7249429898648648 0.5766383928571429 0.08248733108108108 0.1264910714285714
1 0.3889273648648649 0.5863080357142857 0.0954222972972973 0.17261607142857144
1 0.4749641047297297 0.6026785714285714 0.1011106418918919 0.20535714285714285
1 0.5631820101351351 0.61503125 0.10609375 0.1800625