1 0.12857236197321137 0.6038943047716778 0.05132963083959491 0.12723447922011288
1 0.16133779810519439 0.6139815289892253 0.06916367200261353 0.12893791688045153
1 0.7835282587389742 0.619712673165726 0.07669389088533159 0.11166752180605438
1 0.2217624959163672 0.6262083119548486 0.08677883044756615 0.1400513083632632
1 0.7005243384514864 0.6266469984607491 0.0936327997386475 0.16247819394561314
1 0.3120026135249918 0.6392945100051309 0.0967265599477295 0.17238070805541306
1 0.6071904606337799 0.6469933299127758 0.10689970597843843 0.14981015905592612
1 0.4134188173799412 0.6617829656233967 0.09635739954263313 0.13936890713186248
1 0.5015370793858216 0.6623858388917394 0.10206141783730807 0.13749615187275527
1 0.15311989545900032 0.4212416623909697 0.060568441685723624 0.20420728578758338
1 0.24605521071545244 0.42739353514622885 0.10465534139170207 0.2360082093381221
1 0.36888271806599154 0.4564648537711647 0.14906893172165958 0.2715751667521806
1 0.7658461287161059 0.46270651616213443 0.09360013067624959 0.18759876859928168
1 0.8282179026461941 0.4666418676244228 0.04585102907546553 0.13800410466906107
1 0.6585119242077753 0.47262698819907645 0.11872263966024175 0.2115443817342227
1 0.5160568441685723 0.4751051821446896 0.15200914733747142 0.24831195484864033