1 0.7499252491694351 0.35018860946745567 0.08124584717607973 0.25806952662721894
1 0.8051370431893687 0.3508173076923077 0.02638704318936877 0.17944526627218935
1 0.13632890365448505 0.38534023668639056 0.030963455149501662 0.20115384615384613
1 0.6599127906976744 0.39002218934911237 0.09972591362126246 0.2682100591715976
0 0.26898671096345517 0.3933579881656804 0.10026578073089701 0.2734023668639053
0 0.1844518272425249 0.40309171597633137 0.06574750830564784 0.26920118343195265
1 0.5405668604651163 0.4279807692307692 0.15505398671096346 0.3175
1 0.3891756644518272 0.43699334319526634 0.15376661129568106 0.3192529585798817
1 0.6948525747508305 0.5419156804733728 0.09153239202657808 0.20809171597633133
1 0.2592960963455149 0.5723520710059171 0.0908513289036545 0.14470414201183432
1 0.6046200166112956 0.5856730769230769 0.07884136212624585 0.18613905325443786
1 0.34542151162790696 0.5887573964497042 0.09034468438538207 0.1997041420118343
1 0.4328654485049834 0.6307877218934912 0.07918604651162792 0.1669008875739645
1 0.5270971760797342 0.653698224852071 0.08160299003322259 0.12988165680473374