0 0.805272463768116 0.3244950405770965 0.11141449275362318 0.20895401262398555
0 0.6979159420289854 0.3336248872858431 0.11931014492753624 0.2596753832281335
1 0.5651420289855072 0.36214156898106403 0.14825507246376812 0.27162308385933276
1 0.4198231884057971 0.37116321009918846 0.15095072463768114 0.24999098286744817
1 0.2697333333333333 0.4099278629395852 0.1672927536231884 0.2607935076645627
1 0.1026463768115942 0.41161857529305684 0.06848115942028986 0.2082687105500451
1 0.15738840579710145 0.4175969341749324 0.10608115942028987 0.24366997294860235
1 0.7252927536231885 0.4830883678990081 0.09522318840579709 0.10594229035166816
0 0.6225797101449275 0.546541929666366 0.10428985507246377 0.1571055004508566
1 0.1597536231884058 0.5941027953110911 0.04240579710144928 0.15664562669071236
1 0.5060985507246377 0.6073038773669973 0.14147246376811592 0.21370604147880973
0 0.3059391304347826 0.6231830477908026 0.08086376811594204 0.20759242560865646
0 0.2255304347826087 0.6238638412984671 0.09627826086956523 0.19452660054102794
1 0.3921420289855072 0.62690261496844 0.09558840579710144 0.23306582506762852