1 0.5337796520822351 0.36261421319796955 0.13345282024248814 0.26228426395939086
1 0.3812862414338429 0.36579187817258885 0.17005798629414867 0.28691370558375634
1 0.2325724828676858 0.4135583756345178 0.12987875593041645 0.22204060913705584
1 0.6610121244069583 0.42023350253807107 0.1433210332103321 0.2861522842639594
1 0.7727490774907749 0.45931979695431474 0.09373220875065894 0.25264974619289343
1 0.839346336320506 0.4790913705583756 0.04453347390616764 0.2617360406091371
1 0.31729836584080123 0.5258477157360406 0.12537163943068003 0.17656852791878172
1 0.45243806009488663 0.5301725888324873 0.14472851871375858 0.2237969543147208
1 0.578012651555087 0.5775736040609136 0.10278334211913547 0.20286294416243655
1 0.6667395888244597 0.6234670050761422 0.07043226146547181 0.15860913705583754
1 0.7322034791776489 0.6383908629441625 0.07062730627306273 0.16206091370558376
1 0.7967422245651028 0.6471522842639593 0.058429098576700055 0.1450659898477157