0 0.3850503256364713 0.36070222822417286 0.18513913558318532 0.1852802160702228
0 0.5595559502664299 0.3665530047265361 0.17891059798697453 0.16322079675894666
0 0.24301953818827707 0.3670661715057394 0.1213262285375962 0.16424713031735313
0 0.7295441089402013 0.372491559756921 0.1624629958555358 0.16294395678595544
0 0.8913617525162818 0.41106347062795406 0.13085849615156897 0.11989871708305198
1 0.1716873889875666 0.513673193787981 0.057998815867377145 0.22788656313301822
1 0.19910597986974543 0.536799459824443 0.06191829484902309 0.22282241728561783
1 0.25023090586145647 0.5549966239027684 0.0800947306098283 0.2227548953409858
0 0.8841119005328597 0.5621336934503713 0.13175251628182358 0.1627548953409858
0 0.7407371225577265 0.5641694800810263 0.14932504440497335 0.21949358541525996
0 0.4372764949674363 0.5673497636731938 0.1356542332741267 0.23530722484807562
1 0.33376258140911785 0.574780553679946 0.10624629958555358 0.25151924375422013
0 0.5814268798105388 0.5987711006076974 0.17173475429248075 0.29950033760972317