1 0.5883878048780488 0.3327428571428571 0.16116585365853658 0.3169142857142857
1 0.42993414634146343 0.34455238095238094 0.1632829268292683 0.3310095238095238
1 0.7137146341463415 0.34848095238095234 0.09767317073170731 0.2702952380952381
1 0.29212926829268293 0.37606190476190476 0.10523414634146341 0.2949809523809524
1 0.7916682926829268 0.38931428571428567 0.06821463414634146 0.2567238095238095
1 0.8400048780487804 0.4176809523809524 0.036107317073170726 0.19726666666666667
1 0.20132195121951219 0.4353666666666667 0.0797170731707317 0.32978095238095234
1 0.1458829268292683 0.4887714285714286 0.055668292682926834 0.19659047619047618
1 0.6717243902439025 0.5827 0.10637560975609756 0.20730476190476188
1 0.5697926829268293 0.5915285714285714 0.10446341463414635 0.22305714285714287
1 0.7595585365853659 0.5968761904761904 0.08594634146341464 0.2508952380952381
0 0.8105146341463415 0.5982714285714286 0.08737073170731707 0.19273333333333334
1 0.35579268292682925 0.6126571428571428 0.10280487804878048 0.2234095238095238
1 0.46140243902439027 0.6263190476190477 0.10817073170731707 0.26787619047619043
1 0.26384878048780486 0.6390857142857143 0.0916 0.23055238095238095
1 0.187909756097561 0.6604761904761904 0.0772829268292683 0.14761904761904762