0 0.3616279863481228 0.3558823529411765 0.14987713310580203 0.4550802139037433
0 0.02669283276450512 0.3799554367201426 0.049290102389078494 0.33923351158645276
1 0.21415358361774745 0.38232620320855615 0.15390443686006827 0.4794474153297683
0 0.5165358361774745 0.38411764705882356 0.1634470989761092 0.49016042780748664
1 0.09384982935153584 0.3939126559714795 0.10169283276450511 0.41349376114082
0 0.8812559726962457 0.43223707664884137 0.10517406143344711 0.28336898395721927
0 0.6583481228668943 0.44472370766488417 0.1235221843003413 0.4366844919786096
0 0.7761706484641637 0.45897504456327987 0.11616382252559727 0.39388591800356504
0 0.44061774744027304 0.6740819964349376 0.156320819112628 0.3677718360071301
0 0.04091808873720137 0.6841800356506239 0.042245733788395905 0.26319073083778965
0 0.3050716723549488 0.6909893048128342 0.114580204778157 0.26611408199643494
1 0.07961774744027304 0.7126916221033868 0.06776791808873721 0.23821746880570407
0 0.7057713310580205 0.7189483065953653 0.12007508532423208 0.33629233511586454
1 0.21480546075085324 0.720409982174688 0.07602730375426621 0.22869875222816402
0 0.5797576791808874 0.7269607843137255 0.13698976109215016 0.32379679144385026
0 0.1420136518771331 0.7326024955436721 0.08607508532423208 0.2709090909090909