1 0.15715533088235295 0.3835519801980198 0.05787683823529412 0.15571782178217822
1 0.1954641544117647 0.3925185643564356 0.06464154411764705 0.16870049504950496
1 0.5448046875 0.4026361386138614 0.12729319852941176 0.18646039603960396
0 0.6652504595588236 0.41190903465346534 0.10899356617647059 0.20995668316831684
0 0.7668451286764706 0.4130569306930693 0.10354319852941177 0.19492574257425743
1 0.2816015625 0.4163428217821782 0.12662224264705882 0.23120049504950496
0 0.8378239889705883 0.4185241336633664 0.11498621323529412 0.11551361386138613
1 0.4124655330882353 0.42160272277227717 0.13835018382352943 0.25038366336633666
1 0.8413419117647059 0.5468224009900989 0.07974264705882353 0.09488242574257426
1 0.21353860294117646 0.5653774752475247 0.06586397058823529 0.13446782178217823
1 0.773821231617647 0.5939511138613862 0.08716452205882352 0.12478341584158416
0 0.26197380514705887 0.5942605198019802 0.068984375 0.17738242574257423
0 0.7008432904411765 0.5965284653465347 0.10389246323529411 0.1435519801980198
0 0.33162913602941174 0.598796410891089 0.07042738970588236 0.16170173267326732
0 0.5999264705882353 0.609526608910891 0.12080882352941176 0.17944925742574258
0 0.4000827205882353 0.6164263613861386 0.08509191176470587 0.17344678217821782
0 0.4894393382352941 0.6171410891089109 0.0946875 0.18601485148514854