1 0.2675776397515528 0.4341219096334186 0.10610606784519828 0.24931798806479114
1 0.39525083612040135 0.4492625745950554 0.16651696129957 0.2693691389599318
1 0.6949737219302436 0.4532054560954817 0.11331103678929766 0.26190963341858486
1 0.5605566172957477 0.45448849104859335 0.16268036311514572 0.27811594202898554
1 0.18058289536550406 0.46002557544757033 0.06207357859531772 0.21757885763000853
1 0.779775441949355 0.4741986359761296 0.06504538939321547 0.2595652173913044
1 0.12728858098423318 0.4792071611253197 0.049130434782608694 0.1894458653026428
1 0.8234161490683231 0.49817988064791136 0.045303392259914 0.1864705882352941
1 0.23396559961777352 0.591845694799659 0.08092689918776876 0.15896845694799658
1 0.16625895843287147 0.5986700767263428 0.050625895843287146 0.08907075873827792
1 0.326450071667463 0.5993179880647911 0.10249402771141902 0.17050298380221654
1 0.7707787864309603 0.6206265984654732 0.05851887243191591 0.16026427962489345
1 0.6087028189202103 0.6248806479113385 0.11277114190157668 0.15342710997442455
1 0.7011849020544673 0.628606138107417 0.08559961777353081 0.14382779198635975
1 0.4163664596273292 0.6378815004262575 0.09312470138557095 0.12657289002557545
1 0.5101887243191591 0.6395822676896846 0.09347826086956522 0.12997442455242966
1 0.8175035833731487 0.6433120204603581 0.048767319636884854 0.11185848252344417