1 0.7162566715186802 0.40628242074927956 0.09820960698689957 0.30343900096061477
0 0.785562833575934 0.40851104707012487 0.06214944201843765 0.30981748318924107
1 0.3302377486656963 0.41550432276657057 0.129665211062591 0.294985590778098
1 0.854422610383309 0.41922190201729104 0.01646288209606987 0.1391162343900096
1 0.8316812227074236 0.42532660902977903 0.03211547792333819 0.20512007684918349
0 0.24126637554585154 0.42964937560038424 0.08757884522076662 0.3059846301633045
1 0.46729015041242117 0.4325984630163305 0.1504949053857351 0.33109510086455335
1 0.603418243571082 0.43584534101825173 0.1432751091703057 0.3241402497598463
1 0.14045123726346434 0.43881364073006723 0.04897622513343037 0.199433237271854
1 0.1763634158175643 0.4395629202689722 0.04899078117418729 0.25664745437079733
1 0.8225788452207666 0.5575888568683958 0.029437166424065988 0.08539865513928915
1 0.7817370208636585 0.5963928914505283 0.047704997573993206 0.1149759846301633
1 0.32151140223192626 0.6299615754082613 0.08310043668122272 0.17442843419788667
1 0.7384764677341097 0.6426657060518732 0.06889859291606017 0.20752161383285303
1 0.4064313440077632 0.6449519692603266 0.09573508005822416 0.18327569644572525
1 0.6699078117418729 0.650254562920269 0.08702571567200389 0.19772334293948127
1 0.4944080543425522 0.6594524495677233 0.10186802523047064 0.1565609990393852
1 0.5873168364871422 0.6654562920268973 0.09069383794274623 0.16088376560999038