0 0.19233449477351916 0.36644856543037085 0.1099054255848681 0.27103568929321203
0 0.2805550024888004 0.37481805458362494 0.10615729218516676 0.30037088873338
0 0.3823394723743156 0.39770468859342195 0.12256844201095073 0.2817634709587124
0 0.5248780487804878 0.43073827851644503 0.15577899452463911 0.25545836249125264
0 0.6636286709805874 0.4590517844646606 0.1266600298656048 0.1987193841847446
1 0.21352414136386264 0.5788628411476556 0.05273270283723245 0.17382085374387682
1 0.24739173718267796 0.5861546536039188 0.07865604778496765 0.17440867739678095
1 0.7729865604778497 0.5925122463261022 0.12337481333997014 0.14653603918824354
1 0.29264808362369343 0.5951329601119664 0.08952712792434048 0.1755703289013296
1 0.3668815331010453 0.6092127361791463 0.10957192633150821 0.168740377886634
1 0.4803359880537581 0.6134499650104969 0.15529616724738676 0.18001399580125962
1 0.6441264310602289 0.6246186144156753 0.12847187655550027 0.139370188943317