1 0.12297654690618762 0.3198109243697479 0.05034431137724551 0.12491596638655462
1 0.15891716566866268 0.3327888655462185 0.05236526946107784 0.11305672268907563
1 0.21590319361277446 0.377405462184874 0.08150698602794411 0.20439075630252102
1 0.838932135728543 0.3775735294117647 0.03714570858283433 0.17741596638655463
1 0.3064720558882235 0.4064128151260504 0.11094810379241517 0.23719537815126052
1 0.7958707584830339 0.40717436974789917 0.06479540918163672 0.2282142857142857
1 0.7205513972055888 0.4321376050420168 0.08780938123752495 0.25293067226890753
1 0.43871756487025954 0.46821953781512604 0.16386227544910179 0.2767752100840336
1 0.5999001996007984 0.49186974789915966 0.1558882235528942 0.25684873949579834
1 0.22014471057884233 0.5086607142857142 0.08100798403193613 0.15387605042016808
1 0.3083283433133732 0.5384611344537815 0.09270459081836327 0.11683823529411765