1 0.2114636752136752 0.5336203319502074 0.05184472934472935 0.13259336099585062
1 0.2703810541310541 0.5661177385892115 0.06569088319088319 0.13327282157676348
1 0.7409633190883191 0.5692427385892116 0.0531517094017094 0.125
1 0.35125712250712254 0.5923962655601659 0.08784188034188034 0.15470954356846472
1 0.6854843304843304 0.5936955394190871 0.06042735042735043 0.11892634854771784
1 0.4375854700854701 0.6120980290456431 0.08172364672364672 0.1412085062240664
1 0.5268892450142451 0.6149585062240663 0.09081552706552706 0.14692946058091286
1 0.6123896011396011 0.6169424273858921 0.08161680911680912 0.1187396265560166
1 0.23926282051282052 0.35138485477178427 0.0875 0.18617219917012448
1 0.7813728632478631 0.370573132780083 0.07770299145299145 0.20380186721991703
1 0.3306374643874644 0.3991804979253112 0.09004985754985756 0.14898340248962655
1 0.7091043447293447 0.40479771784232366 0.07347934472934474 0.1508817427385892
1 0.44309650997150996 0.4309984439834025 0.13263176638176638 0.22610477178423236
1 0.5929024216524216 0.4331561203319502 0.14663105413105412 0.2407935684647303