1 0.06729166666666667 0.3071442125237192 0.13458333333333333 0.21580645161290324
0 0.9182500000000001 0.33713472485768503 0.1565 0.19988614800759014
1 0.07755000000000001 0.478965844402277 0.13176666666666667 0.1344022770398482
0 0.846225 0.5148671726755217 0.16911666666666667 0.2213851992409867
1 0.09884166666666666 0.6264041745730551 0.13101666666666667 0.14844402277039848
0 0.761375 0.6587571157495257 0.12608333333333335 0.16760910815939278
0 0.688325 0.7642314990512334 0.12331666666666666 0.16603415559772297
1 0.13314166666666666 0.7694497153700189 0.11961666666666666 0.1461100569259962
1 0.20934166666666668 0.8696394686907021 0.08868333333333334 0.12258064516129032
1 0.584025 0.8840891840607211 0.10805 0.1249146110056926
1 0.29530833333333334 0.9135009487666035 0.09394999999999999 0.10404174573055028
1 0.47764999999999996 0.9386432637571158 0.08863333333333333 0.1201707779886148
1 0.38784166666666664 0.9478083491461101 0.09568333333333333 0.10055028462998103
0 0.06685833333333334 0.11084440227703984 0.13038333333333335 0.19132827324478177