1 0.6462899999999999 0.45195588235294115 0.17258 0.1686176470588235
0 0.8540099999999999 0.4769558823529412 0.09602 0.13626470588235293
0 0.44421 0.4798970588235294 0.13241999999999998 0.20685294117647057
0 0.76139 0.4838235294117647 0.10678 0.14411764705882352
0 0.34351 0.5018823529411764 0.08702 0.15082352941176472
1 0.15744999999999998 0.5004852941176471 0.12290000000000001 0.11861764705882352
0 0.25981 0.5053970588235295 0.08762 0.15785294117647058
1 0.85317 0.5599411764705883 0.10234 0.08458823529411766
1 0.76838 0.5852941176470589 0.10076 0.1411764705882353
1 0.67662 0.6112794117647059 0.10923999999999999 0.17550000000000002
1 0.5872200000000001 0.6202205882352941 0.11844 0.15808823529411764
1 0.14612 0.6205882352941177 0.13624 0.16470588235294117
1 0.46764999999999995 0.629764705882353 0.1153 0.14776470588235294
1 0.28715999999999997 0.6387205882352941 0.09431999999999999 0.17744117647058824
1 0.37619 0.638235294117647 0.08438 0.14705882352941177