0 0.21676666666666666 0.45163043478260867 0.14686666666666667 0.1641304347826087
0 0.8403833333333334 0.5325434782608696 0.14743333333333333 0.13465217391304346
0 0.18213333333333334 0.5806304347826088 0.1376 0.14386956521739133
0 0.8639333333333333 0.6944130434782609 0.17453333333333332 0.20621739130434782
0 0.14886666666666665 0.7298260869565218 0.1644 0.21617391304347824
0 0.86875 0.8568695652173912 0.16416666666666666 0.1746086956521739
1 0.5985 0.0936304347826087 0.14366666666666666 0.1698695652173913
1 0.4465166666666666 0.09634782608695652 0.15303333333333333 0.17530434782608695
0 0.6978 0.14678260869565216 0.10893333333333333 0.13704347826086957
0 0.3345166666666667 0.15969565217391307 0.10236666666666668 0.13678260869565217
1 0.76885 0.26269565217391305 0.11770000000000001 0.16017391304347828
0 0.26176666666666665 0.27008695652173914 0.12353333333333334 0.1662608695652174
0 0.8081499999999999 0.4041739130434783 0.14963333333333334 0.15617391304347827