0 0.7980384615384616 0.49576785714285715 0.13966666666666666 0.17010714285714287
0 0.29873076923076924 0.5719821428571429 0.10002564102564102 0.12967857142857145
0 0.764525641025641 0.6127678571428571 0.10853846153846153 0.11839285714285713
0 0.30678205128205127 0.6815178571428571 0.10587179487179486 0.10589285714285714
1 0.7035256410256411 0.7226071428571428 0.09935897435897435 0.13092857142857142
1 0.32503846153846155 0.766375 0.10135897435897437 0.0970357142857143
1 0.6572307692307692 0.7979285714285714 0.09907692307692308 0.09585714285714286
1 0.36685897435897435 0.8257678571428572 0.06192307692307692 0.09439285714285714
1 0.5789358974358975 0.8443571428571428 0.09633333333333334 0.09585714285714286
1 0.4297179487179487 0.8510892857142858 0.07994871794871795 0.06646428571428571
1 0.6318076923076923 0.08871428571428572 0.11489743589743591 0.12028571428571429
1 0.49951282051282053 0.8586428571428572 0.0862051282051282 0.07442857142857143
1 0.4980128205128205 0.09764285714285714 0.155 0.13814285714285715
1 0.3444615384615385 0.11296428571428571 0.1555897435897436 0.12592857142857142