0 0.241891495601173 0.4727492668621701 0.1729325513196481 0.34725806451612906
1 0.39590420332355813 0.48050586510263926 0.16424242424242425 0.3275806451612903
1 0.751217008797654 0.4874193548387097 0.18474095796676443 0.3472727272727273
1 0.5733186705767351 0.4875293255131965 0.19453567937438904 0.3885483870967742
0 0.08380254154447703 0.514450146627566 0.16760508308895405 0.2723020527859238
1 0.9005278592375366 0.5784384164222874 0.18033235581622678 0.3357624633431085
0 0.4481622678396872 0.7307038123167156 0.18273704789833822 0.3089149560117302
1 0.76658357771261 0.7433870967741936 0.1333626588465298 0.24923753665689147
1 0.6211290322580645 0.7445454545454545 0.16698924731182796 0.30727272727272725
0 0.2628543499511241 0.7512463343108505 0.19335288367546433 0.2854838709677419
1 0.8743499511241447 0.7760630498533724 0.08692082111436951 0.15916422287390028
0 0.9594330400782014 0.7888563049853372 0.08113391984359726 0.10557184750733138