0 0.17281428571428573 0.3892258883248731 0.06562857142857143 0.1946954314720812
0 0.24399285714285718 0.3980583756345178 0.10512857142857143 0.24789340101522844
1 0.82225 0.4123857868020304 0.1187857142857143 0.21563451776649745
0 0.34760714285714284 0.41312182741116754 0.11235714285714286 0.23741116751269037
0 0.7158142857142857 0.4256472081218274 0.1002 0.21677664974619287
0 0.46467142857142857 0.43222081218274117 0.12648571428571428 0.29083756345177664
0 0.6060285714285715 0.44633248730964464 0.12634285714285715 0.29368020304568526
0 0.15215714285714285 0.5121065989847716 0.08431428571428572 0.18664974619289343
0 0.8862071428571429 0.5154822335025381 0.07527142857142857 0.12233502538071067
0 0.22503571428571428 0.5518781725888324 0.07578571428571428 0.169746192893401
1 0.29949285714285717 0.565989847715736 0.0847 0.17766497461928935
0 0.8208571428571428 0.5736040609137056 0.07028571428571428 0.12690355329949238
0 0.7438428571428572 0.5751903553299492 0.07625714285714286 0.16053299492385786
0 0.5645785714285714 0.5806345177664974 0.0863 0.2069543147208122
0 0.6593571428571429 0.5879314720812183 0.09871428571428571 0.17078680203045687
1 0.3837642857142857 0.598020304568528 0.09038571428571429 0.14527918781725888
1 0.47907857142857146 0.6227030456852792 0.08958571428571428 0.11850253807106599