0 0.9145156249999999 0.5563636363636364 0.04153125 0.17333333333333334
0 0.048984375000000004 0.5584090909090909 0.09171875 0.16732323232323235
1 0.8764062499999999 0.5849242424242425 0.0590625 0.23045454545454547
0 0.815578125 0.6019696969696969 0.07490625 0.23424242424242425
0 0.1526875 0.606540404040404 0.105375 0.21308080808080807
0 0.536734375 0.6117929292929293 0.09846875000000001 0.1932828282828283
0 0.43221875 0.6298484848484849 0.10818749999999999 0.2697979797979798
0 0.6408125 0.6331060606060607 0.10037499999999999 0.14500000000000002
0 0.731796875 0.636439393939394 0.08859375 0.1920707070707071
0 0.246546875 0.636489898989899 0.08684375 0.21237373737373735
0 0.330984375 0.6430050505050505 0.09946875 0.2254040404040404
0 0.9055312499999999 0.34633838383838383 0.048562499999999995 0.28863636363636364
0 0.85840625 0.3463636363636364 0.0543125 0.2684848484848485
0 0.766046875 0.39954545454545454 0.13834375000000002 0.30414141414141416
0 0.469125 0.40070707070707073 0.12575 0.26606060606060605
0 0.01965625 0.4031060606060606 0.0393125 0.10924242424242424
0 0.350375 0.4064141414141414 0.10700000000000001 0.29767676767676765
0 0.615328125 0.4115909090909091 0.16190625 0.29792929292929293
0 0.085984375 0.41792929292929293 0.09071875 0.1893939393939394
0 0.25678125 0.432979797979798 0.0885625 0.23969696969696971
0 0.17581249999999998 0.4356313131313131 0.082875 0.1843939393939394