0 0.3409375 0.3008970976253298 0.094375 0.153245382585752
0 0.22513750000000002 0.38038258575197886 0.132775 0.26472295514511873
0 0.8055374999999999 0.4058311345646438 0.118575 0.2945118733509235
0 0.8800875 0.43098944591029026 0.100175 0.2445646437994723
0 0.14598125 0.46059366754617415 0.11946249999999999 0.2879419525065963
0 0.08703125 0.5666754617414248 0.0965625 0.1940369393139842
0 0.5617125000000001 0.7303562005277046 0.08592499999999999 0.21532981530343007
0 0.8168375 0.7390633245382586 0.098675 0.21163588390501317
0 0.27771250000000003 0.7419525065963061 0.09542500000000001 0.15936675461741426
0 0.46708750000000004 0.7415171503957783 0.09667500000000001 0.22182058047493403
0 0.6542 0.7426781002638523 0.0909 0.2505277044854881
0 0.374625 0.7477836411609498 0.09425 0.2396306068601583
0 0.74609375 0.7534564643799473 0.1071875 0.2562532981530343
0 0.89633125 0.8205672823218998 0.12016249999999999 0.22688654353562004
0 0.19285 0.8434300791556727 0.0857 0.1934564643799472
0 0.1262125 0.8458443271767809 0.10492499999999999 0.15606860158311345
0 0.7035750000000001 0.2492084432717678 0.08465 0.13430079155672822
0 0.58955 0.25427440633245385 0.1016 0.13387862796833774
0 0.457925 0.2631266490765171 0.10835 0.10936675461741426