1 0.37991875 0.6836723348593853 0.1398375 0.12601046435578808
1 0.26550625 0.7328221059516022 0.10476250000000001 0.09742969260954873
1 0.1666125 0.7701079136690647 0.079475 0.09221059516023546
0 0.868815625 0.35871811641595813 0.17388125 0.2556965336821452
0 0.497346875 0.3875604970569 0.23719374999999998 0.23489862655330282
1 0.707896875 0.39780575539568347 0.18454374999999998 0.24100065402223675
1 0.30450312500000004 0.526324395029431 0.22650625000000002 0.2809025506867234
1 0.8516843749999999 0.5624591236102028 0.14336875 0.09156311314584696
1 0.156665625 0.5794604316546763 0.11208125000000001 0.21974493132766515
1 0.689515625 0.5894375408763898 0.15903124999999999 0.09973839110529759
0 0.060634375 0.6194113799869195 0.10751875 0.2185480706344016
1 0.52786875 0.6347809025506868 0.1669875 0.14333551340745584