1 0.7532714285714285 0.2878778467908903 0.052257142857142856 0.2155072463768116
1 0.7261285714285715 0.3281573498964803 0.06654285714285714 0.19668737060041408
1 0.6672428571428571 0.3723913043478261 0.10877142857142857 0.2437474120082816
1 0.55875 0.43384057971014495 0.1575 0.2258592132505176
1 0.4483428571428572 0.4886128364389234 0.12811428571428574 0.18633540372670807
1 0.33554999999999996 0.52324016563147 0.13681428571428572 0.21832298136645964
1 0.2417357142857143 0.572184265010352 0.10632857142857144 0.17128364389233955
1 0.6503642857142857 0.5915631469979297 0.07501428571428571 0.07339544513457558
1 0.155 0.5936335403726709 0.11285714285714285 0.1562111801242236
1 0.08449999999999999 0.6106728778467908 0.08042857142857142 0.13645962732919253
1 0.5855714285714285 0.6272360248447205 0.08542857142857142 0.11575569358178053
1 0.5075285714285714 0.6666666666666666 0.10362857142857143 0.08281573498964803