1 0.3744363636363636 0.5771857923497268 0.10887272727272727 0.17076502732240437
1 0.5066909090909091 0.5983606557377049 0.06792727272727273 0.08196721311475409
1 0.31478181818181816 0.6054918032786886 0.09138181818181818 0.17273224043715846
1 0.4570181818181818 0.6391530054644808 0.07767272727272727 0.07612021857923497
1 0.2696 0.646967213114754 0.08101818181818182 0.14639344262295081
1 0.39625454545454547 0.6679234972677596 0.07250909090909091 0.07901639344262296
1 0.24245454545454545 0.675655737704918 0.048545454545454544 0.10540983606557376
1 0.3538 0.7083333333333334 0.05305454545454545 0.06147540983606557
1 0.6786727272727272 0.223551912568306 0.055527272727272724 0.10830601092896175
1 0.6558181818181817 0.2747814207650273 0.06072727272727273 0.15612021857923497
1 0.6269272727272728 0.3129508196721311 0.07567272727272727 0.16688524590163933
1 0.5852363636363637 0.3640710382513661 0.11592727272727273 0.17076502732240437
1 0.5206545454545455 0.4255464480874317 0.13221818181818182 0.18442622950819673
1 0.6327090909090909 0.43275956284153 0.05814545454545455 0.04584699453551913
1 0.593690909090909 0.48721311475409834 0.06010909090909091 0.0673224043715847
1 0.4476 0.4974590163934426 0.13156363636363635 0.197103825136612
1 0.5516909090909091 0.5407923497267759 0.06338181818181818 0.07612021857923497