1 0.78546 0.32981981981981984 0.10292 0.2812612612612613
1 0.84861 0.3312162162162162 0.05722 0.2720420420420421
1 0.68577 0.33822822822822823 0.14354 0.2920720720720721
1 0.55253 0.3614414414414414 0.12906 0.2544144144144144
1 0.41590999999999995 0.4109159159159159 0.14382 0.2812912912912913
1 0.27536 0.49608108108108107 0.15472 0.2173873873873874
1 0.13953 0.5433183183183183 0.13906 0.19774774774774773
1 0.04424 0.5766666666666667 0.08848 0.17435435435435437
1 0.70474 0.7832732732732732 0.06948 0.11909909909909909
1 0.76052 0.7831831831831833 0.06104 0.11291291291291292
1 0.64563 0.789084084084084 0.07926000000000001 0.11870870870870871
1 0.5670499999999999 0.792972972972973 0.1181 0.10846846846846846
1 0.45509000000000005 0.7967867867867867 0.11818000000000001 0.08606606606606607