1 0.75905 0.42258695652173917 0.15309999999999999 0.41908695652173916
1 0.3897333333333333 0.4257246376811594 0.21780000000000002 0.5036231884057971
0 0.24429999999999996 0.4274130434782608 0.13693333333333332 0.3852608695652174
1 0.5967208333333334 0.4269347826086957 0.221775 0.4915507246376812
0 0.13852083333333332 0.48478260869565215 0.09870833333333334 0.45652173913043476
1 0.9513208333333334 0.506036231884058 0.039308333333333334 0.30192753623188406
1 0.9231208333333333 0.5152173913043478 0.06290833333333333 0.34057971014492755
1 0.08827916666666667 0.5271739130434783 0.058225000000000006 0.3442028985507246
1 0.9398583333333332 0.7101449275362319 0.04138333333333333 0.11594202898550725
0 0.7828791666666667 0.7141304347826087 0.11909166666666667 0.286231884057971
1 0.15123333333333333 0.7165434782608696 0.08413333333333332 0.1606231884057971
1 0.6747583333333333 0.7177536231884057 0.11284999999999999 0.3079710144927536
1 0.9155500000000001 0.7347826086956522 0.0511 0.13043478260869565
0 0.23110833333333333 0.7382826086956522 0.11888333333333333 0.27656521739130435
1 0.454175 0.7404565217391305 0.12335000000000002 0.2693188405797102
1 0.8728958333333332 0.744804347826087 0.094125 0.1823623188405797
1 0.5589458333333334 0.7487898550724638 0.13289166666666666 0.28018840579710147
0 0.3438375 0.756159420289855 0.11267500000000001 0.22826086956521738