1 0.2994888888888889 0.4010416666666667 0.03453333333333333 0.13541666666666666
1 0.7150277777777777 0.40115 0.03227777777777778 0.09896666666666668
1 0.6923111111111112 0.40791666666666665 0.03573333333333333 0.1125
1 0.32946666666666663 0.4141666666666667 0.041155555555555556 0.125
1 0.65765 0.42041666666666666 0.05307777777777778 0.1375
1 0.36238888888888887 0.4224 0.05366666666666666 0.14479999999999998
1 0.6072944444444445 0.4242666666666667 0.06347777777777779 0.13853333333333334
1 0.40580000000000005 0.429275 0.0627111111111111 0.15521666666666667
1 0.5527666666666666 0.43833333333333335 0.07664444444444445 0.15
1 0.4686555555555556 0.44385833333333335 0.08842222222222222 0.15105
1 0.6207722222222223 0.5144833333333333 0.048211111111111114 0.06563333333333334
1 0.5877111111111112 0.5285416666666667 0.05097777777777778 0.07708333333333334
1 0.4438333333333333 0.5326 0.058777777777777776 0.07186666666666666
1 0.5477722222222222 0.5332333333333333 0.04887777777777778 0.08646666666666668
1 0.4908166666666667 0.5401083333333333 0.057188888888888886 0.08021666666666667