1 0.040545454545454544 0.5539617486338798 0.08109090909090909 0.21174863387978143
1 0.7701636363636363 0.7708743169398907 0.06396363636363636 0.12098360655737705
1 0.7096363636363636 0.7766393442622951 0.10290909090909091 0.14344262295081966
1 0.6453272727272727 0.7824043715846994 0.08338181818181818 0.1659016393442623
1 0.5686363636363636 0.7891256830601092 0.1190909090909091 0.13562841530054645
1 0.4542363636363636 0.8010382513661203 0.1302909090909091 0.13759562841530054
1 0.7813272727272728 0.3245628415300546 0.1081090909090909 0.310327868852459
1 0.8424545454545455 0.3214207650273224 0.04127272727272727 0.2712568306010929
1 0.6719090909090909 0.32737704918032784 0.14381818181818182 0.32688524590163937
1 0.5446 0.3576229508196721 0.15101818181818183 0.2780874316939891
1 0.4119636363636363 0.3975409836065574 0.1621090909090909 0.31420765027322406
1 0.2768 0.49366120218579235 0.16087272727272728 0.23322404371584698
1 0.13545454545454547 0.5338524590163934 0.14727272727272728 0.23710382513661202