1 0.3969609375 0.3458196721311476 0.156421875 0.312248243559719
0 0.684796875 0.362903981264637 0.10709375000000002 0.2761592505854801
0 0.19309375 0.3629976580796253 0.0955625 0.2576112412177986
1 0.5538203125 0.36309133489461354 0.182640625 0.2624824355971897
1 0.2825234375 0.3744145199063232 0.130671875 0.26639344262295084
0 0.11980468749999999 0.3781264637002342 0.070859375 0.194192037470726
0 0.799515625 0.3790046838407494 0.10840625 0.23810304449648712
1 0.9535 0.37831381733021074 0.060125 0.2039344262295082
0 0.891328125 0.380655737704918 0.08890624999999999 0.2039344262295082
1 0.0739140625 0.38368852459016395 0.057203125 0.19126463700234192
1 0.031148437499999997 0.39295081967213114 0.059171875 0.18637002341920375
0 0.1709453125 0.5325878220140515 0.091890625 0.21271662763466043
0 0.046054687500000004 0.532400468384075 0.085859375 0.10929742388758783
0 0.8403437500000001 0.5361007025761124 0.0869375 0.2244262295081967
0 0.11660937499999999 0.5368852459016393 0.08321875 0.14637002341920374
0 0.975 0.544496487119438 0.05 0.14285714285714285
0 0.9186171875 0.5485011709601874 0.093484375 0.16491803278688524
1 0.5452421875 0.5756206088992974 0.096734375 0.20978922716627635
1 0.4438515625 0.5779625292740047 0.093953125 0.20978922716627635
1 0.35548437499999996 0.579824355971897 0.09846875000000001 0.232248243559719
0 0.7530234375 0.5824590163934427 0.12792187500000002 0.22346604215456675
1 0.6391953125 0.5848009367681499 0.109640625 0.22346604215456675
0 0.25078125 0.5870374707259953 0.0984375 0.19515222482435596