1 0.7232218309859155 0.5792937853107345 0.06616197183098592 0.10774011299435028
1 0.3634859154929578 0.6104802259887006 0.065 0.1475141242937853
1 0.6927816901408451 0.6174011299435028 0.061619718309859156 0.11615819209039548
1 0.41329225352112675 0.635593220338983 0.05193661971830986 0.14124293785310735
1 0.6502816901408451 0.6364406779661017 0.06816901408450704 0.12033898305084746
1 0.46792253521126753 0.6572598870056497 0.07669014084507042 0.15067796610169493
1 0.5818133802816902 0.659774011299435 0.07207746478873239 0.14440677966101695
1 0.5239260563380281 0.6664689265536723 0.07602112676056338 0.14649717514124294
1 0.20735915492957746 0.20392655367231638 0.03443661971830986 0.1140677966101695
1 0.2365669014084507 0.24387005649717514 0.04355633802816901 0.16005649717514123
1 0.2660211267605634 0.26867231638418076 0.04612676056338028 0.17576271186440678
1 0.3107394366197183 0.2722316384180791 0.0721830985915493 0.22807909604519772
1 0.8037147887323943 0.2988983050847458 0.04404929577464789 0.11192090395480225
1 0.37764084507042256 0.3017231638418079 0.0721830985915493 0.19666666666666668
1 0.4608274647887324 0.32632768361581926 0.10475352112676056 0.2458757062146893
1 0.6432042253521126 0.3324858757062147 0.06809859154929578 0.1903954802259887
1 0.7759154929577465 0.3410734463276836 0.05183098591549296 0.11717514124293785
1 0.7431866197183099 0.34138418079096045 0.042711267605633804 0.15169491525423728
1 0.5516901408450704 0.3446327683615819 0.1104225352112676 0.22598870056497175
1 0.6979929577464788 0.34096045197740116 0.07204225352112677 0.2186440677966102
1 0.2611971830985916 0.44516949152542373 0.07873239436619718 0.09937853107344632
1 0.29901408450704225 0.5117231638418079 0.08394366197183098 0.07429378531073447
1 0.7534154929577465 0.5192372881355932 0.07725352112676057 0.11192090395480225
1 0.31609154929577465 0.5633898305084746 0.061760563380281686 0.10983050847457627