1 0.20328897338403043 0.6429581151832461 0.06437262357414449 0.1131413612565445
1 0.25733840304182515 0.7033507853403141 0.10403041825095057 0.1187434554973822
1 0.73712927756654 0.7566492146596859 0.07501901140684411 0.17298429319371728
1 0.2873574144486692 0.7645026178010472 0.07281368821292775 0.1468062827225131
1 0.33958174904942967 0.7780366492146596 0.07079847908745247 0.1738743455497382
1 0.6904752851711027 0.7792670157068063 0.07296577946768061 0.14492146596858638
1 0.4099239543726236 0.7983246073298429 0.08980988593155893 0.19350785340314136
1 0.6188212927756654 0.7979581151832461 0.0817490494296578 0.18230366492146596
1 0.5620532319391635 0.8167539267015707 0.08988593155893536 0.15706806282722513
1 0.48625475285171105 0.8200261780104712 0.09798479087452472 0.16361256544502617
1 0.6277186311787072 0.2949738219895288 0.12996197718631178 0.22345549738219894
1 0.5022433460076046 0.29206806282722514 0.13756653992395437 0.2281151832460733
1 0.39756653992395435 0.3100261780104712 0.09551330798479088 0.1907329842931937
1 0.7190684410646389 0.3156282722513089 0.08452471482889734 0.2019371727748691
1 0.33096958174904945 0.32842931937172776 0.08399239543726236 0.2589528795811518
1 0.7814068441064639 0.3368586387434555 0.07231939163498098 0.22345549738219894
1 0.28346007604562734 0.37921465968586393 0.06501901140684412 0.2243979057591623
1 0.24395437262357414 0.37976439790575917 0.03923954372623574 0.16267015706806282
1 0.8241254752851711 0.3989267015706806 0.05129277566539924 0.20099476439790576
1 0.20899239543726236 0.4059424083769633 0.04536121673003802 0.16267015706806282