1 0.723103448275862 0.5753735632183907 0.06 0.1392528735632184
0 0.3378965517241379 0.5900862068965517 0.08268965517241379 0.18017241379310345
1 0.6801206896551725 0.5953735632183907 0.07058620689655172 0.14477011494252875
1 0.6233448275862069 0.5994827586206897 0.08117241379310344 0.19896551724137929
1 0.5560344827586207 0.6109770114942529 0.08448275862068966 0.19896551724137929
0 0.40784482758620694 0.6147126436781609 0.08465517241379311 0.18344827586206897
0 0.47351724137931034 0.6145114942528735 0.07117241379310345 0.19454022988505748
0 0.18010344827586208 0.3854022988505747 0.042965517241379314 0.1271264367816092
0 0.20801724137931035 0.41324712643678163 0.043620689655172414 0.17132183908045975
1 0.5651724137931035 0.4212068965517241 0.1096551724137931 0.2332183908045977
1 0.6535172413793103 0.4238505747126437 0.10703448275862068 0.21551724137931033
1 0.7638275862068965 0.42617816091954025 0.05868965517241379 0.18568965517241381
0 0.4562413793103448 0.4281609195402299 0.11248275862068964 0.25862068965517243
0 0.29115517241379313 0.4312643678160919 0.0926551724137931 0.21885057471264366
0 0.2391206896551724 0.43778735632183907 0.05755172413793104 0.20890804597701151
0 0.36408620689655175 0.4397701149425287 0.10058620689655173 0.22436781609195403
1 0.725155172413793 0.43942528735632186 0.07789655172413792 0.21218390804597703
0 0.19077586206896552 0.5010057471264368 0.07810344827586206 0.09396551724137932
1 0.7916896551724139 0.5231034482758621 0.04544827586206896 0.08068965517241379
0 0.23865517241379314 0.5558045977011494 0.06351724137931035 0.11160919540229886
1 0.7566724137931035 0.5642241379310344 0.03748275862068965 0.09396551724137932
0 0.2818793103448276 0.5663218390804597 0.07410344827586206 0.13264367816091954