1 0.6248181818181818 0.36797814207650276 0.04963636363636364 0.0692896174863388
1 0.4150909090909091 0.36964480874316935 0.037454545454545456 0.050765027322404364
1 0.45476363636363637 0.37306010928961747 0.0368 0.05759562841530054
1 0.6535818181818183 0.3706010928961748 0.04898181818181818 0.05267759562841531
1 0.5707818181818182 0.37674863387978136 0.0652 0.08683060109289618
1 0.5096727272727273 0.38172131147540983 0.06661818181818181 0.08584699453551912
1 0.4032727272727273 0.45803278688524585 0.02836363636363636 0.05267759562841531
1 0.6424181818181818 0.45959016393442625 0.0412 0.04486338797814208
1 0.43412727272727275 0.4714207650273224 0.03916363636363636 0.05759562841530054
1 0.6140363636363637 0.4853551912568306 0.03534545454545455 0.05267759562841531
1 0.4671272727272728 0.4889617486338798 0.04698181818181818 0.0380327868852459
1 0.5465454545454546 0.49825136612021864 0.03854545454545454 0.056612021857923495
1 0.5107636363636364 0.5003005464480875 0.04698181818181818 0.04978142076502732
1 0.5828545454545454 0.504207650273224 0.04570909090909091 0.05759562841530054