1 0.8648 0.7029 0.06293333333333333 0.09913333333333334
1 0.7896666666666667 0.7237222222222223 0.09044444444444445 0.11411111111111111
1 0.6869222222222222 0.7275444444444444 0.12051111111111111 0.1262
1 0.599388888888889 0.7384666666666667 0.06988888888888889 0.09471111111111111
1 0.5351333333333333 0.7494333333333334 0.05248888888888889 0.07664444444444445
1 0.8530888888888889 0.7732222222222221 0.04395555555555556 0.062
1 0.8040111111111111 0.7984777777777777 0.05691111111111111 0.07251111111111112
1 0.7438111111111111 0.8116222222222222 0.060955555555555554 0.07657777777777779
1 0.5517222222222222 0.8197 0.059000000000000004 0.06606666666666666
1 0.6809999999999999 0.8261666666666666 0.06422222222222222 0.07011111111111111
1 0.6133333333333333 0.8302111111111111 0.06666666666666667 0.08708888888888888