1 0.4357111111111111 0.4462 0.09808888888888889 0.12795555555555554
1 0.7188222222222223 0.4497555555555555 0.04208888888888889 0.06395555555555556
1 0.3790888888888889 0.4682222222222222 0.08262222222222222 0.10977777777777778
1 0.6906666666666667 0.4726666666666666 0.05688888888888889 0.06533333333333333
1 0.6669777777777778 0.5040444444444444 0.07173333333333333 0.07475555555555556
1 0.3306 0.5056 0.07453333333333333 0.09564444444444445
1 0.6355999999999999 0.5210666666666667 0.06231111111111111 0.08213333333333334
1 0.30722222222222223 0.5221555555555556 0.07222222222222222 0.07542222222222222
1 0.5965555555555555 0.5402 0.07311111111111111 0.08484444444444444
1 0.2806222222222222 0.5454444444444444 0.06346666666666666 0.06866666666666667
1 0.2521777777777778 0.5544 0.051022222222222226 0.059911111111111116
1 0.5518444444444445 0.5633777777777778 0.0548 0.09564444444444445
1 0.5080888888888888 0.5836444444444444 0.06506666666666668 0.08284444444444444
1 0.46324444444444446 0.5962888888888889 0.07315555555555556 0.08146666666666666
1 0.4215111111111111 0.6128 0.0608 0.07004444444444444
1 0.3782222222222222 0.6151555555555556 0.04533333333333333 0.07475555555555556
1 0.34213333333333334 0.6183777777777777 0.04426666666666667 0.05453333333333333
1 0.7058222222222222 0.34593333333333337 0.042755555555555554 0.09631111111111113
1 0.6761111111111111 0.3562222222222223 0.03666666666666667 0.09022222222222223
1 0.6503777777777778 0.36188888888888887 0.04742222222222222 0.11044444444444446
1 0.6093333333333333 0.37522222222222223 0.05422222222222222 0.11044444444444446
1 0.5623555555555556 0.3875333333333333 0.07582222222222222 0.1084
1 0.5040444444444444 0.42262222222222223 0.10142222222222222 0.12524444444444444