1 0.937773851590106 0.592808988764045 0.09462897526501768 0.2642696629213483
1 0.8674028268551237 0.6235955056179775 0.16590106007067137 0.39325842696629215
1 0.025724381625441696 0.6267134831460675 0.05144876325088339 0.1747752808988764
1 0.0657773851590106 0.6320224719101124 0.06795053003533569 0.19662921348314608
0 0.13415194346289755 0.6675 0.13402826855123676 0.335
0 0.7078445229681979 0.6688483146067417 0.1789399293286219 0.37140449438202244
0 0.2568727915194346 0.6739606741573034 0.17452296819787985 0.37039325842696635
1 0.41436395759717315 0.6899719101123596 0.1502826855123675 0.335
1 0.5635865724381626 0.6937078651685393 0.1448409893992933 0.3537078651685393
1 0.8364487632508834 0.24230337078651687 0.18879858657243817 0.47337078651685394
1 0.9469964664310954 0.2808988764044944 0.10600706713780919 0.42696629213483145
1 0.6471024734982332 0.29297752808988764 0.24826855123674912 0.4848314606741573
1 0.4214134275618374 0.2882865168539326 0.2562544169611307 0.5316292134831461
1 0.21238515901060073 0.3072191011235955 0.1915547703180212 0.42342696629213483
0 0.07729681978798586 0.32865168539325845 0.1333922261484099 0.42134831460674155