1 0.6522181818181819 0.5643989071038251 0.08989090909090909 0.21076502732240437
1 0.36729090909090906 0.5725956284153005 0.08003636363636364 0.18344262295081967
1 0.5603818181818181 0.6020765027322404 0.11712727272727273 0.22054644808743168
1 0.4505454545454546 0.6111475409836066 0.1229090909090909 0.20590163934426228
1 0.6697454545454545 0.6492076502732241 0.08858181818181818 0.06344262295081966
1 0.33685454545454546 0.6544808743169399 0.0628 0.08491803278688524
1 0.39087272727272726 0.6952459016393443 0.08356363636363637 0.07901639344262296
1 0.6102000000000001 0.7052185792349727 0.09312727272727273 0.07710382513661201
1 0.47045454545454546 0.7148633879781421 0.09 0.05267759562841531
1 0.5330363636363636 0.7195628415300547 0.06970909090909091 0.0839344262295082
1 0.20116363636363638 0.46819672131147544 0.045963636363636366 0.1385792349726776
1 0.7820545454545454 0.4859562841530055 0.06592727272727272 0.15224043715846994
1 0.24583636363636366 0.5062568306010928 0.05530909090909091 0.16005464480874315
1 0.726 0.536311475409836 0.08472727272727273 0.18737704918032785
1 0.29825454545454544 0.5416666666666666 0.07287272727272727 0.19808743169398907