0 0.23669675090252706 0.6229670329670329 0.09072202166064981 0.10307692307692308
1 0.7150902527075813 0.643489010989011 0.0727797833935018 0.07818681318681318
1 0.6813537906137185 0.6647252747252748 0.07750902527075812 0.06571428571428573
0 0.31120938628158845 0.6640384615384616 0.08090252707581227 0.09730769230769232
1 0.6075812274368232 0.6742307692307692 0.07436823104693141 0.08472527472527472
0 0.39287003610108306 0.6813736263736264 0.07093862815884476 0.07703296703296703
1 0.5372743682310469 0.6935714285714286 0.06371841155234656 0.06846153846153846
0 0.4589169675090253 0.6907967032967033 0.07306859205776173 0.06291208791208791
1 0.5657039711191335 0.3887912087912088 0.11335740072202166 0.22813186813186814
1 0.6607220216606499 0.39060439560439564 0.07956678700361011 0.20978021978021977
0 0.33184115523465707 0.39046703296703295 0.07884476534296028 0.20950549450549452
0 0.4355234657039711 0.3975274725274725 0.12014440433212997 0.23461538461538464
0 0.27471119133574007 0.4154670329670329 0.08732851985559567 0.20456043956043954
1 0.7361552346570397 0.4228846153846154 0.0715884476534296 0.19741758241758242
1 0.7967689530685921 0.4345604395604396 0.06285198555956678 0.1768131868131868
1 0.8423646209386282 0.43980769230769234 0.03851985559566787 0.14335164835164835
0 0.21998194945848376 0.4437637362637363 0.06451263537906138 0.17324175824175825
0 0.16951263537906136 0.4408241758241758 0.042996389891696754 0.1234065934065934