1 0.9039522058823529 0.5448918918918919 0.07261029411764706 0.11681081081081081
1 0.06869485294117647 0.8428648648648649 0.12268382352941176 0.1505945945945946
1 0.8668566176470588 0.8787567567567567 0.06459558823529411 0.1467027027027027
1 0.1548529411764706 0.8807027027027028 0.14058823529411765 0.1505945945945946
1 0.3479044117647059 0.8824324324324324 0.12227941176470587 0.22972972972972974
1 0.6474632352941176 0.8858108108108108 0.11845588235294117 0.18243243243243243
1 0.24612132352941174 0.8918918918918919 0.10253676470588236 0.21621621621621623
1 0.44481617647058824 0.8940270270270271 0.12492647058823528 0.19886486486486485
1 0.5514705882352942 0.9 0.11029411764705882 0.2
1 0.7371323529411765 0.9027027027027027 0.09926470588235294 0.1945945945945946
1 0.8120772058823529 0.9154324324324323 0.10209558823529412 0.166
1 0.25556985294117646 0.3878378378378378 0.12878676470588235 0.25675675675675674
1 0.5666176470588236 0.39140540540540536 0.1847058823529412 0.24227027027027026
1 0.40476102941176473 0.39537837837837836 0.191875 0.2394054054054054
1 0.7059742647058824 0.40732432432432436 0.11783088235294116 0.22005405405405407
1 0.14731617647058823 0.4207567567567568 0.14757352941176471 0.25772972972972974
1 0.07656249999999999 0.460027027027027 0.10165441176470588 0.20654054054054055
1 0.7954595588235295 0.47064864864864864 0.12768382352941177 0.22778378378378378
1 0.8667095588235294 0.5140810810810811 0.08636029411764705 0.1524864864864865