1 0.8867293233082707 0.6647631578947368 0.1493984962406015 0.1926842105263158
1 0.7330451127819549 0.6683157894736842 0.13526315789473684 0.11557894736842106
1 0.24516917293233084 0.6684210526315789 0.1444736842105263 0.15789473684210525
1 0.03515037593984962 0.6854210526315789 0.07030075187969924 0.1813684210526316
1 0.11973684210526317 0.6938947368421052 0.14172932330827068 0.1983157894736842
1 0.9510902255639098 0.39765789473684215 0.09766917293233082 0.469
1 0.4023308270676692 0.4122105263157894 0.26330827067669177 0.4981052631578947
1 0.8305263157894738 0.4229210526315789 0.164812030075188 0.3721578947368421
1 0.19426691729323306 0.4257631578947369 0.17800751879699248 0.3778421052631579
1 0.6432518796992481 0.4336578947368422 0.2714661654135338 0.4567894736842106
1 0.058928571428571434 0.45610526315789474 0.11785714285714287 0.4069473684210526