1 0.75812351543943 0.40044303797468356 0.034061757719714966 0.08358649789029535
1 0.22680522565320665 0.4110654008438819 0.023681710213776724 0.12170886075949366
1 0.7295665083135392 0.41212025316455697 0.04820665083135392 0.11116033755274261
1 0.6147980997624702 0.4237236286919831 0.08470308788598574 0.1639029535864979
1 0.24779691211401425 0.43191983122362865 0.034786223277909735 0.1549789029535865
1 0.6802731591448931 0.43086497890295355 0.06600950118764845 0.16552742616033753
1 0.3399881235154394 0.43224683544303794 0.08140142517814727 0.1809493670886076
1 0.2850296912114014 0.4337025316455696 0.0617458432304038 0.17120253164556964
1 0.5290380047505938 0.435168776371308 0.11983372921615203 0.18257383966244728
1 0.42130641330166274 0.43703586497890295 0.11339667458432305 0.17364978902953587
1 0.263937054631829 0.570675105485232 0.043313539192399046 0.07383966244725738
1 0.2924762470308788 0.5874683544303797 0.04576009501187649 0.0989873417721519
1 0.6780344418052257 0.5966455696202532 0.047280285035629456 0.06248945147679325
1 0.3286104513064133 0.6148206751054852 0.056270783847981 0.1030590717299578
1 0.6310213776722091 0.6195253164556962 0.057767220902612826 0.09981012658227849
1 0.5710273159144893 0.6305590717299577 0.07554631828978622 0.11765822784810127
1 0.38554038004750596 0.6316983122362869 0.07274346793349169 0.1030590717299578
1 0.44804038004750596 0.6342932489451476 0.07185273159144893 0.12090717299578059
1 0.5069774346793349 0.6365611814345992 0.07096199524940618 0.11278481012658229