1 0.9906545454545455 0.4293989071038251 0.017672727272727274 0.06098360655737705
1 0.7128727272727272 0.43759562841530053 0.036654545454545454 0.08830601092896175
1 0.9731818181818181 0.4440710382513661 0.03363636363636364 0.07939890710382513
1 0.7564363636363637 0.4475136612021858 0.03650909090909091 0.09721311475409836
1 0.7340545454545455 0.44756830601092895 0.02083636363636364 0.08639344262295082
1 0.9517272727272728 0.44718579234972683 0.04163636363636363 0.09655737704918034
1 0.9164181818181818 0.4490983606557377 0.043745454545454546 0.1003825136612022
1 0.7861636363636363 0.4530327868852459 0.03778181818181819 0.08639344262295082
1 0.8258363636363636 0.4536065573770492 0.05894545454545455 0.09846994535519125
1 0.8774181818181818 0.4536065573770492 0.05301818181818182 0.09846994535519125
1 0.938490909090909 0.4993715846994536 0.03698181818181818 0.0260655737704918
1 0.7831090909090909 0.5034972677595628 0.04621818181818182 0.034316939890710385
1 0.9092363636363636 0.5064207650273224 0.029381818181818183 0.029234972677595627
1 0.8473636363636364 0.5095901639344262 0.03654545454545455 0.035573770491803276
1 0.8171999999999999 0.5118852459016393 0.0344 0.029234972677595627
1 0.8805090909090909 0.5144262295081967 0.03738181818181818 0.034316939890710385