1 0.4187632508833922 0.3273876404494382 0.024805653710247347 0.08174157303370787
1 0.44065371024734984 0.35547752808988764 0.02618374558303887 0.08174157303370787
1 0.7764840989399293 0.36221910112359545 0.03353356890459364 0.07275280898876405
1 0.765 0.3762640449438202 0.02469964664310954 0.10084269662921348
1 0.4658833922261484 0.375 0.034240282685512366 0.09831460674157304
1 0.49422261484098945 0.38522471910112355 0.0414487632508834 0.11876404494382023
1 0.7412190812720848 0.39536516853932585 0.04074204946996466 0.10533707865168539
1 0.7013074204946996 0.39848314606741575 0.052791519434628974 0.13404494382022472
1 0.5366077738515902 0.4070505617977528 0.055547703180212016 0.11747191011235955
1 0.653904593639576 0.42401685393258426 0.06399293286219081 0.12893258426966292
1 0.5925088339222615 0.4211516853932584 0.06840989399293286 0.12320224719101124
1 0.5586572438162544 0.47738764044943816 0.0431095406360424 0.04466292134831461
1 0.6398586572438163 0.4878651685393259 0.03590106007067138 0.03191011235955056
1 0.5994522968197881 0.48691011235955056 0.039893992932862186 0.03