1 0.7475 0.6934806629834254 0.12089928057553957 0.25988950276243095
1 0.9514388489208633 0.6988950276243094 0.09712230215827339 0.24861878453038674
1 0.8683453237410073 0.7106629834254143 0.139568345323741 0.2721546961325967
1 0.6122482014388488 0.7137292817679558 0.13816546762589926 0.22303867403314917
1 0.4715287769784173 0.7225414364640884 0.13010791366906477 0.25171270718232047
1 0.3285431654676259 0.7418784530386741 0.16068345323741007 0.27933701657458565
1 0.06285971223021583 0.7761325966850828 0.12571942446043166 0.23734806629834254
1 0.18242805755395686 0.782596685082873 0.1706115107913669 0.33867403314917127
1 0.7666187050359713 0.46870165745856357 0.1375539568345324 0.23022099447513814
1 0.9640287769784173 0.47513812154696133 0.07194244604316546 0.22099447513812154
1 0.8951978417266188 0.470524861878453 0.1429136690647482 0.2670165745856353
1 0.38383093525179857 0.47933701657458566 0.23528776978417265 0.29569060773480665
1 0.6043705035971223 0.47790055248618785 0.2087410071942446 0.30386740331491713
1 0.2062230215827338 0.4920165745856354 0.17503597122302156 0.2547513812154696
1 0.06884892086330935 0.49395027624309396 0.1376978417266187 0.3028176795580111