1 0.34002 0.499625 0.07204 0.05925
1 0.44398000000000004 0.50425 0.06396 0.06849999999999999
1 0.387 0.5124 0.078 0.06480000000000001
1 0.08364 0.264625 0.04728 0.10925000000000001
1 0.12192 0.29462499999999997 0.043840000000000004 0.10925000000000001
1 0.16022 0.31445 0.05644 0.1389
1 0.20874 0.330175 0.07348 0.17035
1 0.2746 0.3514 0.0772 0.1528
1 0.58178 0.38065 0.05956 0.1213
1 0.35218 0.3836 0.08836 0.1472
1 0.50428 0.39130000000000004 0.05656 0.1426
1 0.53776 0.39232500000000003 0.05952 0.15465
1 0.43048000000000003 0.4 0.10096 0.15
1 0.23406 0.44832500000000003 0.07612000000000001 0.06665
1 0.28476 0.4814 0.07352 0.0528
1 0.50042 0.48472499999999996 0.07284 0.06945