1 0.07610507246376813 0.854398907103825 0.10148550724637681 0.16781420765027322
1 0.8578985507246377 0.8699180327868852 0.0708695652173913 0.15513661202185794
1 0.1620108695652174 0.8822131147540984 0.1066304347826087 0.16879781420765028
1 0.7301630434782609 0.8887704918032787 0.0980072463768116 0.21469945355191256
1 0.6438949275362319 0.8975409836065574 0.1283695652173913 0.17759562841530055
1 0.3520471014492753 0.8977322404371585 0.12438405797101448 0.19983606557377048
1 0.8146195652173913 0.9052459016393443 0.0857608695652174 0.1492896174863388
1 0.45471014492753625 0.907103825136612 0.11956521739130435 0.18579234972677597
1 0.2427536231884058 0.907103825136612 0.10144927536231885 0.18579234972677597
1 0.5481159420289855 0.909535519125683 0.11797101449275363 0.16879781420765028
1 0.3994021739130435 0.3915846994535519 0.1683695652173913 0.2585792349726776
1 0.6928804347826087 0.39344262295081966 0.10315217391304347 0.2185792349726776
1 0.5608695652173914 0.39811475409836067 0.16521739130434784 0.24978142076502732
1 0.2598913043478261 0.402896174863388 0.11398550724637682 0.21562841530054647
1 0.14525362318840582 0.4453551912568306 0.13833333333333334 0.2459016393442623
1 0.797463768115942 0.4589071038251366 0.08768115942028985 0.2292896174863388
1 0.09097826086956522 0.49286885245901635 0.095 0.20978142076502732
1 0.035452898550724636 0.511311475409836 0.07090579710144927 0.20295081967213116
1 0.8394021739130435 0.520792349726776 0.07735507246376812 0.14540983606557376
1 0.882373188405797 0.5426502732240438 0.06184782608695652 0.14540983606557376