1 0.6727058823529412 0.5112121212121212 0.059137254901960784 0.12343434343434344
1 0.7507843137254901 0.515909090909091 0.05843137254901961 0.08232323232323233
1 0.7075686274509804 0.5199242424242424 0.0504313725490196 0.12065656565656566
1 0.2923529411764706 0.5231060606060606 0.05137254901960784 0.11691919191919191
1 0.24805882352941178 0.5281565656565657 0.041215686274509805 0.11691919191919191
1 0.7202941176470589 0.5308585858585858 0.03666666666666667 0.11222222222222222
1 0.6583333333333333 0.6543181818181818 0.04607843137254902 0.05611111111111111
1 0.32415686274509803 0.6561868686868687 0.06007843137254902 0.059848484848484845
1 0.3738823529411765 0.6583333333333333 0.05756862745098039 0.09444444444444444
1 0.5604117647058824 0.6578787878787878 0.062 0.09353535353535353
1 0.5123333333333334 0.660580808080808 0.06780392156862745 0.13934343434343435
1 0.6138823529411764 0.6642424242424243 0.059137254901960784 0.08606060606060606
1 0.4159411764705882 0.6639646464646465 0.055411764705882355 0.10570707070707071
1 0.46272549019607845 0.6718181818181819 0.06270588235294118 0.11131313131313131
1 0.37554901960784315 0.4911111111111111 0.06874509803921569 0.13373737373737374
1 0.5415294117647059 0.4926010101010101 0.09482352941176471 0.14681818181818182
1 0.45135294117647057 0.4926010101010101 0.09486274509803921 0.14681818181818182
1 0.6199803921568627 0.49934343434343437 0.06349019607843137 0.13
1 0.32101960784313727 0.5032828282828283 0.06949019607843136 0.10757575757575757