1 0.8071484375 0.38364102564102565 0.04984375 0.210017094017094
1 0.760693359375 0.4086666666666667 0.09169921875 0.1916923076923077
1 0.6985498046875 0.46629914529914523 0.131474609375 0.2283247863247863
1 0.822451171875 0.505008547008547 0.05896484375 0.07326495726495727
1 0.777939453125 0.5317435897435897 0.06173828125 0.12331623931623932
1 0.6097705078125 0.5543333333333332 0.143369140625 0.21977777777777777
1 0.75107421875 0.5876666666666667 0.0666015625 0.10866666666666666
1 0.696728515625 0.6175811965811965 0.07705078125 0.1172136752136752
1 0.5243408203125 0.6333333333333333 0.099462890625 0.19658119658119658
1 0.6418896484375 0.6704529914529915 0.092373046875 0.13064957264957267
1 0.4467919921875 0.6757008547008546 0.086943359375 0.21977777777777777
1 0.5793701171875 0.7223418803418803 0.080615234375 0.11476923076923078
1 0.392744140625 0.7533589743589744 0.07650390625 0.1562905982905983
1 0.5295751953125 0.7693504273504274 0.070869140625 0.12331623931623932
1 0.348525390625 0.7754615384615384 0.08767578125 0.15263247863247864
1 0.47259765625 0.8139230769230769 0.0701953125 0.0928034188034188