1 0.4701086956521739 0.5495628415300546 0.05615942028985507 0.0718032786885246
1 0.39269927536231886 0.4210928961748634 0.06076086956521739 0.16459016393442624
1 0.7422826086956522 0.4214754098360656 0.028043478260869566 0.09978142076502733
1 0.3153804347826087 0.4202459016393443 0.036557971014492756 0.14103825136612022
1 0.6092572463768116 0.42527322404371587 0.06634057971014493 0.16202185792349727
1 0.45431159420289857 0.4287704918032787 0.09702898550724638 0.16901639344262295
1 0.6955072463768116 0.4248360655737705 0.043188405797101447 0.12836065573770492
1 0.6566485507246377 0.42661202185792346 0.05242753623188406 0.1537704918032787
1 0.5414855072463768 0.42743169398907105 0.09746376811594203 0.17726775956284152
1 0.34846014492753624 0.430792349726776 0.0447463768115942 0.15120218579234973
1 0.7139311594202898 0.43653005464480876 0.02931159420289855 0.1080327868852459
1 0.3505615942028985 0.5094808743169399 0.034456521739130434 0.05721311475409836
1 0.6746557971014493 0.5106010928961748 0.03771739130434783 0.026666666666666665
1 0.6526630434782609 0.5249726775956284 0.044456521739130436 0.044480874316939895
1 0.39005434782608694 0.5222950819672131 0.04097826086956522 0.06098360655737705
1 0.6089492753623188 0.5310109289617486 0.043985507246376815 0.056557377049180325
1 0.4259963768115942 0.5364207650273224 0.05489130434782609 0.06737704918032787
1 0.5728804347826087 0.5341256830601093 0.051557971014492755 0.07371584699453552
1 0.5246376811594203 0.5398360655737705 0.063768115942029 0.08513661202185792