0 0.8156909090909091 0.5607608695652174 0.07501818181818182 0.11065217391304348
0 0.07372727272727272 0.5615217391304348 0.06745454545454546 0.13391304347826088
0 0.12498181818181817 0.5925 0.07541818181818181 0.15239130434782608
0 0.7647818181818181 0.5906521739130435 0.07501818181818182 0.13782608695652174
0 0.1662909090909091 0.6130706521739131 0.07803636363636364 0.17179347826086958
0 0.7151454545454545 0.619375 0.07756363636363636 0.13005434782608696
0 0.23103636363636362 0.6175271739130435 0.08389090909090909 0.16983695652173914
0 0.30623636363636364 0.6225815217391305 0.10338181818181819 0.15820652173913044
0 0.5707636363636364 0.6267391304347826 0.10152727272727273 0.13391304347826088
0 0.6511818181818182 0.625570652173913 0.09509090909090909 0.15331521739130435
0 0.4808181818181818 0.6371195652173913 0.10345454545454545 0.13293478260869565
0 0.38996363636363635 0.6380163043478261 0.0962909090909091 0.1455978260869565
0 0.039309090909090905 0.39741847826086957 0.034981818181818176 0.14266304347826086
0 0.1687090909090909 0.39964673913043475 0.09014545454545454 0.27755434782608696
0 0.11643636363636362 0.41255434782608696 0.05832727272727273 0.21641304347826087
0 0.2614181818181818 0.4114945652173913 0.10829090909090909 0.27951086956521737
0 0.07943636363636364 0.4157608695652174 0.057054545454545455 0.19021739130434784
0 0.7420363636363636 0.4164402173913043 0.10225454545454546 0.27853260869565216
0 0.6555272727272727 0.4352717391304348 0.1256 0.2727173913043478
0 0.7928909090909091 0.4361413043478261 0.07305454545454546 0.23097826086956522
0 0.5318545454545455 0.4407880434782609 0.1618909090909091 0.3163586956521739
0 0.38625454545454546 0.44904891304347827 0.15432727272727273 0.3328804347826087