1 0.31268125 0.35 0.0303625 0.06666666666666667
1 0.7071062499999999 0.3711083333333333 0.0267125 0.055549999999999995
1 0.32946875 0.3744416666666667 0.0314375 0.07221666666666667
1 0.6870375 0.3825 0.031575 0.075
1 0.347875 0.39286666666666664 0.030750000000000003 0.09906666666666666
1 0.3780875 0.39416666666666667 0.053675 0.10833333333333334
1 0.6634187500000001 0.3954666666666667 0.0343375 0.08426666666666667
1 0.6416062499999999 0.4035166666666667 0.0482125 0.12036666666666666
1 0.41941249999999997 0.4091666666666667 0.061325000000000005 0.125
1 0.59826875 0.41435 0.0565375 0.1287
1 0.47740625000000003 0.4238 0.0773125 0.13426666666666667
1 0.5409625 0.4313916666666666 0.079425 0.13611666666666666
1 0.33268125 0.43481666666666663 0.0303625 0.06296666666666667
1 0.3564875 0.4599083333333333 0.040475000000000004 0.05648333333333334
1 0.65633125 0.47768333333333335 0.042662500000000006 0.09536666666666667
1 0.376 0.4862 0.0495 0.06573333333333332
1 0.63355 0.4961083333333334 0.0371 0.07221666666666667
1 0.40496875000000004 0.5091666666666667 0.0474375 0.075
1 0.60729375 0.51185 0.0370875 0.08703333333333334
1 0.5709000000000001 0.528425 0.0593 0.07685
1 0.44420625 0.53065 0.0509125 0.0713
1 0.48692500000000005 0.5360166666666667 0.04885 0.07869999999999999
1 0.52985 0.5387000000000001 0.0572 0.07406666666666667