0 0.16207272727272728 0.5501639344262296 0.09141818181818182 0.193224043715847
0 0.9745454545454545 0.5519125683060109 0.05090909090909091 0.13114754098360656
1 0.9101272727272727 0.5631420765027323 0.08934545454545455 0.13174863387978142
0 0.8512727272727273 0.5755191256830601 0.088 0.1892896174863388
1 0.6391636363636364 0.5769945355191257 0.10741818181818182 0.24688524590163935
0 0.2529272727272728 0.580792349726776 0.11312727272727273 0.21076502732240437
1 0.5408363636363636 0.581584699453552 0.09258181818181818 0.23420765027322404
1 0.4515636363636364 0.5870491803278689 0.09585454545454546 0.23420765027322404
0 0.7494363636363637 0.5867486338797814 0.12432727272727272 0.26639344262295084
1 0.3539818181818182 0.5968032786885246 0.08978181818181818 0.25371584699453553
1 0.3983818181818182 0.35393442622950816 0.16403636363636365 0.3034972677595628
1 0.5543272727272727 0.3595901639344263 0.17047272727272728 0.28202185792349727
0 0.1831818181818182 0.36631147540983605 0.09727272727272727 0.2517486338797814
1 0.6915090909090909 0.3673770491803279 0.1321090909090909 0.24295081967213114
1 0.2732909090909091 0.37314207650273223 0.11021818181818181 0.2654098360655738
1 0.07423636363636363 0.3758743169398907 0.046654545454545455 0.18344262295081967
0 0.8063272727272728 0.37784153005464477 0.12174545454545453 0.24202185792349726
1 0.03587272727272727 0.38046448087431695 0.04992727272727273 0.17076502732240437
1 0.11792727272727273 0.38877049180327866 0.07585454545454545 0.18737704918032785
0 0.9002545454545454 0.3975409836065574 0.08414545454545455 0.20491803278688525
1 0.958309090909091 0.4051639344262295 0.06207272727272727 0.18737704918032785
1 0.04749090909090909 0.5283060109289618 0.08043636363636364 0.1385792349726776
1 0.10456363636363636 0.544207650273224 0.0564 0.13759562841530054