1 0.678026923076923 0.38331765935214207 0.03143846153846153 0.06444096133751306
1 0.5857 0.3834900731452456 0.05755384615384615 0.0794148380355277
1 0.3963038461538462 0.3852298850574713 0.05106923076923077 0.0912539184952978
1 0.6577692307692308 0.3850574712643678 0.029384615384615387 0.07628004179728318
1 0.5247884615384616 0.38662486938349006 0.08034615384615384 0.0877742946708464
1 0.6271192307692308 0.3876698014629049 0.05116153846153847 0.0877742946708464
1 0.31101153846153845 0.38958725182863113 0.02817692307692308 0.07280041797283177
1 0.3555307692307692 0.39237199582027166 0.03567692307692308 0.10344827586206896
1 0.4550307692307692 0.39254440961337517 0.07467692307692307 0.08080459770114942
1 0.32741923076923074 0.3928944618599791 0.030223076923076922 0.08986415882967608
1 0.3576692307692308 0.438871473354232 0.029184615384615382 0.03134796238244514
1 0.6284 0.4399164054336468 0.042953846153846155 0.03761755485893417
1 0.3851 0.445141065830721 0.04712307692307692 0.050156739811912224
1 0.5923653846153847 0.4486259143155695 0.04626923076923077 0.06339602925809823
1 0.4268846153846154 0.45141065830721006 0.04453846153846154 0.06896551724137931
1 0.5536538461538462 0.4538505747126437 0.05653846153846154 0.07802507836990596
1 0.5103307692307691 0.4536729362591432 0.049892307692307694 0.07349007314524555
1 0.46777307692307696 0.4568077324973877 0.04939230769230769 0.06513061650992685