1 0.20654629629629628 0.2057111111111111 0.04087037037037037 0.12697777777777777
1 0.23472222222222222 0.25195555555555554 0.03981481481481482 0.1365037037037037
1 0.26773148148148146 0.28042222222222224 0.04842592592592592 0.17565925925925924
1 0.31462962962962965 0.28285925925925925 0.07555555555555556 0.21905185185185186
1 0.3778009259259259 0.30031851851851854 0.08152777777777777 0.1947111111111111
1 0.8094351851851852 0.30360000000000004 0.03738888888888889 0.11534814814814814
1 0.4574444444444445 0.33311851851851854 0.10933333333333334 0.2306814814814815
1 0.5534953703703703 0.3353407407407408 0.11069444444444444 0.2380888888888889
1 0.6360509259259258 0.3427481481481482 0.08691666666666667 0.19364444444444445
1 0.7014074074074074 0.34285925925925925 0.07503703703703704 0.21164444444444447
1 0.776162037037037 0.34454814814814816 0.03936111111111111 0.1439111111111111
1 0.7470555555555556 0.3487851851851852 0.04596296296296296 0.1672
1 0.2645972222222222 0.4389407407407408 0.09771296296296296 0.08677037037037037
1 0.2956712962962963 0.4985185185185185 0.0950462962962963 0.0962962962962963
1 0.7330925925925926 0.5083629629629629 0.09025925925925926 0.12487407407407408
1 0.3113518518518518 0.5678296296296297 0.05603703703703704 0.08677037037037037
1 0.7254212962962964 0.5867703703703704 0.06380555555555555 0.10687407407407408
1 0.35484722222222226 0.5964 0.0689537037037037 0.08465185185185185
1 0.6915555555555556 0.6123777777777778 0.057185185185185186 0.11957037037037035
1 0.4134583333333333 0.6426444444444444 0.07691666666666666 0.1386222222222222
1 0.6469027777777777 0.6422222222222222 0.06973148148148148 0.1259259259259259
1 0.46657407407407403 0.6627481481481482 0.07759259259259259 0.1492
1 0.5879629629629629 0.6642296296296296 0.07037037037037037 0.13438518518518516
1 0.5319305555555556 0.6737555555555556 0.07497222222222222 0.1238074074074074