1 0.9636363636363636 0.6174863387978142 0.07272727272727272 0.18579234972677597
1 0.03785454545454545 0.6323224043715847 0.0757090909090909 0.22639344262295083
1 0.9251818181818182 0.6644262295081967 0.10490909090909091 0.24688524590163935
1 0.10267272727272728 0.6840437158469945 0.15443636363636362 0.2751912568306011
0 0.2390909090909091 0.6907650273224043 0.14363636363636365 0.29956284153005464
1 0.7590545454545455 0.6947814207650272 0.12174545454545453 0.24202185792349726
1 0.8597272727272728 0.6967213114754098 0.10490909090909091 0.3551912568306011
1 0.37683636363636364 0.7148633879781421 0.1573090909090909 0.2712568306010929
1 0.5159454545454545 0.7232513661202186 0.13007272727272728 0.277103825136612
1 0.6460363636363636 0.73224043715847 0.15025454545454545 0.273224043715847
1 0.02325454545454545 0.3543169398907104 0.0465090909090909 0.3151912568306011
0 0.08678181818181818 0.3706010928961748 0.12992727272727272 0.3259016393442623
1 0.9149818181818182 0.3722677595628415 0.13541818181818183 0.3620218579234973
1 0.2212909090909091 0.37071038251366123 0.17349090909090908 0.3698360655737705
1 0.4043090909090909 0.41131147540983615 0.2268 0.38546448087431695
1 0.7834727272727272 0.415 0.1633090909090909 0.36005464480874316
1 0.6118 0.4264207650273224 0.24178181818181815 0.41568306010928957