1 0.2597533632286995 0.4003767123287671 0.02623318385650224 0.11582191780821918
1 0.2801905829596413 0.4173116438356165 0.022264573991031388 0.1359931506849315
1 0.72695067264574 0.4183047945205479 0.04582959641255606 0.10373287671232877
1 0.2997645739910314 0.43654109589041096 0.025538116591928253 0.14705479452054793
1 0.6944955156950673 0.4420890410958904 0.0392152466367713 0.15815068493150686
1 0.32989910313901344 0.4557876712328767 0.04993273542600897 0.1923972602739726
1 0.6529372197309417 0.4600171232876712 0.06820627802690583 0.18030821917808218
1 0.5985874439461883 0.48297945205479453 0.07609865470852017 0.17828767123287673
1 0.38059417040358745 0.4855993150684932 0.06612107623318385 0.15613013698630138
1 0.4469506726457399 0.5043321917808219 0.09121076233183857 0.1661986301369863
1 0.5276793721973094 0.5086643835616438 0.09123318385650224 0.16116438356164384
1 0.6055156950672645 0.5760445205479452 0.06753363228699552 0.04934931506849315
1 0.5595403587443947 0.6055650684931506 0.05630044843049327 0.06044520547945205
1 0.5149551569506726 0.6151369863013699 0.05233183856502242 0.04534246575342466
1 0.4593497757847534 0.619263698630137 0.06219730941704035 0.06044520547945205