1 0.22232727272727273 0.5684972677595628 0.13192727272727273 0.14245901639344263
1 0.7171636363636363 0.572896174863388 0.11069090909090909 0.1512568306010929
1 0.6985818181818182 0.6887158469945355 0.11716363636363636 0.14245901639344263
1 0.23763636363636362 0.6937978142076503 0.14072727272727273 0.13076502732240436
1 0.6667636363636364 0.8008469945355191 0.08989090909090909 0.15907103825136612
1 0.2817272727272727 0.8049453551912569 0.09072727272727273 0.14540983606557376
1 0.5987636363636364 0.8482513661202186 0.07752727272727272 0.13366120218579236
1 0.35554545454545455 0.8497267759562842 0.07836363636363637 0.1366120218579235
1 0.4284 0.8885519125683059 0.10043636363636364 0.18147540983606558
1 0.5254363636363637 0.8921857923497268 0.10541818181818181 0.16688524590163933
0 0.7515636363636364 0.2520491803278688 0.14312727272727271 0.19808743169398907
0 0.15441818181818184 0.26795081967213114 0.1342909090909091 0.197103825136612
0 0.7397636363636364 0.42573770491803276 0.13407272727272726 0.21759562841530056
0 0.17945454545454545 0.43423497267759564 0.15527272727272728 0.21273224043715847