1 0.19234166666666666 0.25125 0.05135 0.0925
1 0.23276666666666665 0.2728125 0.06886666666666667 0.105625
1 0.34820833333333334 0.2903125 0.03308333333333333 0.080625
1 0.2809 0.2909375 0.05846666666666667 0.091875
1 0.31403333333333333 0.29625 0.04473333333333333 0.0875
1 0.16349166666666667 0.3203125 0.04031666666666667 0.050625
1 0.199425 0.3321875 0.045516666666666664 0.044375
1 0.23193333333333332 0.3471875 0.03386666666666667 0.044375
1 0.25569166666666665 0.3496875 0.03138333333333333 0.044375
1 0.31049166666666667 0.355 0.03765 0.04
1 0.280275 0.3603125 0.03388333333333333 0.055625
1 0.6897166666666666 0.441925 0.0261 0.06385
1 0.7209833333333333 0.45505 0.028633333333333334 0.0951
1 0.6998166666666666 0.4555375 0.022966666666666666 0.066075
1 0.7447083333333333 0.4742 0.03608333333333333 0.08839999999999999
1 0.7768250000000001 0.4938375 0.053649999999999996 0.102675
1 0.8170416666666667 0.502275 0.04741666666666666 0.09955
1 0.8833333333333333 0.5069250000000001 0.04 0.08885
1 0.8527333333333333 0.5078625 0.0388 0.085725
1 0.9148916666666665 0.5166499999999999 0.019783333333333333 0.0683
1 0.9317333333333333 0.5175875 0.033466666666666665 0.065175
1 0.8989666666666667 0.5219625 0.021266666666666666 0.058925
1 0.09704166666666666 0.228125 0.03075 0.08625
1 0.12337500000000001 0.233125 0.030083333333333333 0.07625
1 0.15275 0.2371875 0.04883333333333333 0.094375