1 0.3388808664259928 0.4283241758241758 0.02072202166064982 0.07642857142857143
1 0.36370036101083036 0.43398351648351646 0.03425992779783393 0.09873626373626374
1 0.6004693140794224 0.43887362637362637 0.03126353790613719 0.07554945054945054
1 0.39906137184115525 0.4496978021978022 0.047220216606498194 0.1081868131868132
1 0.5797111913357401 0.44832417582417583 0.04028880866425993 0.09445054945054945
1 0.5403249097472924 0.46145604395604395 0.04815884476534296 0.09873626373626374
1 0.44012635379061377 0.46565934065934067 0.057148014440433215 0.09615384615384616
1 0.497057761732852 0.46824175824175823 0.055487364620938624 0.10131868131868133
1 0.5488447653429603 0.5171703296703297 0.03631768953068592 0.034340659340659344
1 0.42149819494584834 0.5226648351648352 0.04155234657039711 0.034340659340659344
1 0.5213718411552346 0.5269505494505494 0.039133574007220215 0.04291208791208791
1 0.45106498194945843 0.5337362637362637 0.03570397111913358 0.04549450549450549
1 0.4811371841155235 0.5367582417582417 0.04530685920577618 0.05153846153846154