1 0.2874022988505747 0.41791379310344823 0.036873563218390804 0.091
1 0.31562068965517237 0.4378362068965517 0.049632183908045975 0.12739655172413794
1 0.6511609195402299 0.45296551724137935 0.06094252873563219 0.11972413793103448
1 0.35960919540229885 0.4543103448275862 0.06174712643678161 0.14655172413793102
1 0.5814655172413793 0.4641724137931035 0.09166666666666666 0.18006896551724139
1 0.4990402298850575 0.4768189655172414 0.10382758620689655 0.17432758620689656
1 0.4197528735632184 0.4799827586206896 0.06939080459770115 0.12548275862068967
1 0.3680919540229885 0.5475086206896552 0.05572413793103448 0.07087931034482758
1 0.41810344827586204 0.5674310344827587 0.06149425287356322 0.09003448275862069
1 0.4699655172413793 0.5707844827586207 0.06406896551724138 0.0795
1 0.5691551724137931 0.5717413793103449 0.05325287356321839 0.06417241379310344
1 0.5232988505747126 0.577301724137931 0.055793103448275864 0.0718448275862069