1 0.844195 0.23189655172413795 0.05039 0.08598200899550225
1 0.805395 0.23547226386806597 0.044789999999999996 0.08113943028485757
1 0.88088 0.23542728635682159 0.037759999999999995 0.07805097451274363
1 0.77081 0.2417766116941529 0.02962 0.07275862068965518
1 0.9107999999999999 0.24980509745127438 0.0316 0.06482758620689655
1 0.74299 0.2564617691154423 0.03198 0.06614692653673163
1 0.9261849999999999 0.2647976011994003 0.02837 0.06482758620689655
1 0.722025 0.2723313343328336 0.024050000000000002 0.05290854572713643
1 0.940805 0.2745427286356822 0.02161 0.057331334332833585
1 0.714525 0.2960119940029985 0.01905 0.04629685157421289
1 0.697885 0.30015742128935535 0.02377 0.03659670164917541
1 0.883355 0.3228260869565217 0.03071 0.03395802098950525
1 0.7603099999999999 0.32472263868065965 0.02462 0.016761619190404798
1 0.8304900000000001 0.3252473763118441 0.03098 0.03880059970014992
1 0.7827200000000001 0.32577961019490254 0.023440000000000003 0.030869565217391304
1 0.806135 0.325952023988006 0.026269999999999998 0.04320839580209895
1 0.8547 0.3259070464767616 0.0354 0.04011994002998501