1 0.5486640625 0.1498489583333333 0.041078125 0.08928124999999999
1 0.50715234375 0.15535937500000002 0.0377421875 0.06696875000000001
1 0.46943359375 0.17470312500000001 0.0388671875 0.06398958333333334
1 0.5917382812499999 0.17886979166666667 0.0694140625 0.07440625000000001
1 0.39912890624999997 0.23169791666666667 0.0466953125 0.0550625
1 0.64128515625 0.25996874999999997 0.062257812499999995 0.0699375
1 0.370671875 0.30163541666666666 0.06009375 0.08035416666666667
1 0.6535624999999999 0.33378125000000003 0.063375 0.07589583333333333
0 0.3436640625 0.3851197916666667 0.070140625 0.13690625
0 0.6668398437499999 0.4226197916666667 0.0789921875 0.11607291666666668
0 0.312640625 0.48809375 0.08465625 0.12202083333333333
0 0.678890625 0.5349687500000001 0.07340624999999999 0.09077083333333333
0 0.29478515625 0.5863072916666667 0.0723828125 0.08928124999999999
0 0.69317578125 0.6947916666666667 0.1035390625 0.0625
0 0.6984179687500001 0.7422604166666668 0.0968359375 0.049104166666666664
1 0.686703125 0.787203125 0.07340624999999999 0.032739583333333336
1 0.64094921875 0.8325885416666666 0.0600234375 0.040177083333333335
1 0.5502265625 0.847765625 0.048890625 0.047614583333333335