1 0.9201018518518519 0.27469135802469136 0.058722222222222224 0.10493827160493827
1 0.8447592592592593 0.3256172839506173 0.07840740740740741 0.1574074074074074
0 0.12655555555555556 0.3852345679012346 0.08274074074074074 0.10874074074074074
1 0.7527129629629629 0.41408641975308635 0.09431481481481481 0.15162962962962961
1 0.8815555555555556 0.42376543209876544 0.08533333333333333 0.12654320987654322
1 0.22225925925925924 0.42427160493827154 0.11118518518518518 0.12755555555555556
1 0.3300740740740741 0.46270370370370373 0.11199999999999999 0.15503703703703703
1 0.6242222222222222 0.4812716049382716 0.14844444444444443 0.14279012345679012
1 0.8199907407407407 0.495679012345679 0.08072222222222222 0.16666666666666666
1 0.4582685185185185 0.5022098765432099 0.15357407407407409 0.13034567901234567
1 0.19071296296296297 0.5115802469135803 0.10364814814814814 0.16390123456790123
1 0.7375925925925926 0.5517037037037037 0.09 0.14044444444444446
1 0.2834074074074074 0.5786543209876543 0.08162962962962962 0.17953086419753084
0 0.624175925925926 0.5955679012345678 0.12242592592592592 0.09977777777777777
1 0.4927870370370371 0.6093456790123457 0.11520370370370371 0.15202469135802468
1 0.37772222222222224 0.6151728395061729 0.09988888888888889 0.14392592592592593