0 0.8825801282051282 0.6411419753086419 0.09208333333333334 0.1341358024691358
0 0.15709935897435898 0.6668518518518518 0.12830128205128205 0.17320987654320988
0 0.8007852564102564 0.745246913580247 0.10157051282051283 0.23123456790123456
0 0.20376602564102564 0.7907407407407407 0.11907051282051281 0.24814814814814817
1 0.6929326923076923 0.8148148148148148 0.11663461538461539 0.25925925925925924
0 0.32733974358974355 0.8205555555555556 0.1098076923076923 0.2337037037037037
1 0.5712660256410257 0.8440123456790123 0.13612179487179488 0.24358024691358024
1 0.44439102564102567 0.8512037037037038 0.11955128205128204 0.2332716049382716
0 0.8750160256410257 0.44361111111111107 0.13464743589743589 0.2575925925925926
0 0.7524198717948718 0.4438271604938272 0.12663461538461537 0.2333333333333333
0 0.6060416666666667 0.4528395061728395 0.17362179487179488 0.2883950617283951
0 0.3838621794871795 0.46314814814814814 0.2100320512820513 0.2966666666666667
1 0.11802884615384616 0.4683024691358024 0.12708333333333333 0.2575925925925926
0 0.0352724358974359 0.471604938271605 0.06413461538461539 0.12839506172839507
0 0.2372275641025641 0.4839197530864197 0.12189102564102565 0.19006172839506172