0 0.9522260273972604 0.5763872832369943 0.08253424657534247 0.1816763005780347
0 0.046866438356164386 0.6050867052023122 0.06633561643835617 0.13502890173410403
0 0.09994863013698631 0.6245664739884393 0.08345890410958905 0.1393063583815029
0 0.14996575342465754 0.6289306358381503 0.08075342465753424 0.15959537572254334
0 0.8976198630136987 0.6372832369942196 0.08976027397260274 0.16473988439306358
0 0.8314554794520548 0.6402601156069364 0.08756849315068493 0.1938150289017341
0 0.19154109589041096 0.6571965317919075 0.10226027397260273 0.2392485549132948
0 0.7850513698630137 0.6551445086705202 0.09749999999999999 0.24670520231213872
1 0.5179623287671233 0.6742196531791907 0.08386986301369863 0.26173410404624275
1 0.3449657534246576 0.6784682080924855 0.09404109589041096 0.23554913294797689
1 0.711917808219178 0.6845664739884394 0.08821917808219179 0.31710982658959536
1 0.4348630136986302 0.6885838150289018 0.0752054794520548 0.23265895953757226
0 0.24823630136986302 0.690028901734104 0.09921232876712328 0.30491329479768786
0 0.6179794520547944 0.696936416184971 0.10582191780821917 0.29560693641618496
0 0.679195205479452 0.30150289017341037 0.09811643835616438 0.2908670520231214
0 0.7782534246575342 0.31121387283236995 0.09075342465753425 0.3102890173410405
0 0.4121746575342466 0.31286127167630057 0.14626712328767125 0.2904624277456647
0 0.291472602739726 0.31182080924855493 0.09664383561643836 0.2652601156069364
0 0.988013698630137 0.3208092485549133 0.023972602739726026 0.1791907514450867
0 0.5594178082191781 0.3257514450867052 0.15308219178082194 0.293121387283237
0 0.2003595890410959 0.326271676300578 0.08565068493150685 0.27104046242774565
0 0.8416780821917809 0.3447687861271676 0.07376712328767122 0.25023121387283237
0 0.8977397260273973 0.35176300578034686 0.06945205479452055 0.22953757225433527
0 0.9462328767123288 0.35031791907514453 0.05684931506849315 0.18040462427745665
0 0.1395890410958904 0.3706647398843931 0.06684931506849315 0.23265895953757226
0 0.09414383561643837 0.3788150289017341 0.05815068493150685 0.20271676300578034
0 0.047482876712328766 0.3796531791907515 0.06071917808219178 0.18127167630057803
1 0.0461986301369863 0.5028901734104047 0.0786986301369863 0.09248554913294797