0 0.06328185328185329 0.6037628865979381 0.12656370656370658 0.1765979381443299
0 0.8901930501930502 0.649201030927835 0.12015444015444016 0.17469072164948454
0 0.21233590733590735 0.6585567010309279 0.20073359073359073 0.2243298969072165
0 0.34841698841698837 0.6749742268041237 0.15629343629343628 0.22623711340206185
0 0.7844980694980696 0.6923453608247423 0.14814671814671815 0.2300515463917526
0 0.48057915057915057 0.7004639175257731 0.18123552123552122 0.24628865979381445
0 0.6415444015444015 0.7343556701030928 0.1711196911196911 0.3140721649484536
0 0.9261583011583011 0.21409793814432987 0.14575289575289574 0.3560309278350515
0 0.7794980694980694 0.24389175257731957 0.2230888030888031 0.3331443298969072
0 0.6054054054054054 0.2655670103092783 0.1915057915057915 0.29402061855670103
0 0.4313899613899614 0.30402061855670104 0.2064092664092664 0.29876288659793815
0 0.3029150579150579 0.33533505154639176 0.17339768339768338 0.23768041237113402
0 0.17824324324324323 0.33515463917525773 0.13254826254826255 0.21670103092783505
0 0.10420849420849422 0.3597680412371134 0.10030888030888031 0.19376288659793817