0 0.8051272727272727 0.09418032786885246 0.08298181818181818 0.1883606557377049
1 0.05232727272727273 0.18349726775956282 0.10465454545454546 0.2358469945355191
0 0.8671454545454546 0.19311475409836068 0.09065454545454546 0.15672131147540982
0 0.9309636363636363 0.30040983606557375 0.08010909090909091 0.1308743169398907
1 0.07067272727272726 0.3874043715846994 0.11952727272727272 0.25021857923497265
0 0.8946 0.4416120218579235 0.11647272727272728 0.20562841530054646
0 0.6217454545454545 0.48180327868852457 0.16712727272727274 0.253224043715847
1 0.142 0.4854918032786885 0.10945454545454546 0.20595628415300546
0 0.7526909090909091 0.5122677595628415 0.15992727272727272 0.2595081967213115
0 0.48718181818181816 0.5268032786885246 0.1089090909090909 0.22300546448087433
0 0.378 0.5289071038251366 0.12327272727272727 0.22721311475409836
1 0.2483818181818182 0.5285245901639344 0.13312727272727273 0.22644808743169398