1 0.45633333333333337 0.6494642857142857 0.11266666666666665 0.34654761904761905
1 0.7206333333333333 0.7264285714285714 0.12126666666666668 0.25047619047619046
1 0.3080333333333333 0.7468452380952381 0.13606666666666667 0.18416666666666667
1 0.04471666666666666 0.7463690476190477 0.08943333333333332 0.3022619047619048
1 0.5921666666666667 0.76 0.11766666666666666 0.16285714285714287
0 0.8378166666666667 0.7622916666666667 0.1023 0.3698214285714286
0 0.9463666666666668 0.7639285714285714 0.10606666666666667 0.3492857142857143
1 0.16238333333333335 0.7641964285714286 0.15143333333333334 0.30220238095238094
0 0.36108333333333337 0.4441666666666667 0.22883333333333336 0.48357142857142854
1 0.6210833333333333 0.4529761904761904 0.22216666666666668 0.4654761904761905
0 0.17043333333333333 0.4554166666666667 0.1542 0.3632142857142857
0 0.94 0.45535714285714285 0.12 0.49404761904761907
0 0.044283333333333334 0.4636904761904762 0.08856666666666667 0.37976190476190474
0 0.8030666666666667 0.4680059523809524 0.13946666666666668 0.3288690476190476