1 0.7223684210526315 0.8345864661654135 0.12368421052631579 0.3308270676691729
1 0.6052631578947368 0.8609022556390977 0.12631578947368421 0.2781954887218045
1 0.2188421052631579 0.8640977443609023 0.11136842105263157 0.26954887218045115
1 0.48026315789473684 0.868421052631579 0.12368421052631579 0.2631578947368421
1 0.34868421052631576 0.8759398496240601 0.14473684210526316 0.24812030075187969
1 0.8321315789473683 0.8869924812030076 0.11163157894736843 0.22511278195488724
1 0.9069342105263157 0.953609022556391 0.06123684210526316 0.08766917293233083
0 0.5995263157894737 0.236203007518797 0.19905263157894737 0.3370676691729323
0 0.07672368421052632 0.3506766917293233 0.10607894736842106 0.4156390977443609
0 0.8664999999999999 0.35973684210526313 0.09615789473684211 0.35857142857142854
0 0.20875000000000002 0.3680827067669173 0.12802631578947368 0.48052631578947363
0 0.95 0.38345864661654133 0.1 0.5413533834586466
0 0.769 0.3927067669172933 0.13799999999999998 0.45458646616541354
0 0.38255263157894737 0.39672932330827065 0.22299999999999998 0.7182706766917293
0 0.02663157894736842 0.42857142857142855 0.05326315789473684 0.3609022556390977