0 0.12229787234042554 0.29592 0.07438297872340426 0.17584
0 0.20672340425531915 0.313 0.11557446808510638 0.226
0 0.30129787234042554 0.31988 0.057914893617021276 0.15975999999999999
0 0.599 0.33796 0.08310638297872341 0.17992
0 0.9206808510638298 0.33792 0.054127659574468086 0.22784000000000001
0 0.7353617021276596 0.3432 0.07497872340425532 0.1744
0 0.847127659574468 0.34564 0.12829787234042553 0.21128
0 0.43463829787234043 0.34984000000000004 0.09480851063829787 0.17168
1 0.8814893617021277 0.49188 0.10340425531914894 0.21575999999999998
0 0.1652340425531915 0.48932 0.08365957446808511 0.22663999999999998
0 0.24502127659574469 0.5147999999999999 0.10706382978723404 0.2776
0 0.7863191489361702 0.5398 0.10029787234042553 0.2796
1 0.35136170212765955 0.54392 0.09846808510638298 0.22384
1 0.677531914893617 0.5495599999999999 0.11251063829787235 0.25112
1 0.45704255319148934 0.5456 0.09706382978723403 0.22719999999999999
1 0.5684042553191488 0.55616 0.09851063829787234 0.21631999999999998