0 0.38893687707641195 0.6013772455089821 0.086843853820598 0.24467065868263474
0 0.47604651162790695 0.6025449101796407 0.07501661129568106 0.22305389221556887
0 0.16395348837209303 0.6144610778443114 0.055481727574750825 0.15107784431137725
0 0.3101495016611296 0.6132934131736527 0.0754485049833887 0.2205988023952096
0 0.2507142857142857 0.6243712574850299 0.049601328903654485 0.21880239520958084
0 0.20561461794019933 0.632934131736527 0.05906976744186047 0.17604790419161676
0 0.6006810631229236 0.35517964071856284 0.07843853820598007 0.2193413173652695
0 0.4959136212624585 0.36002994011976047 0.12803986710963455 0.28892215568862273
0 0.7271926910299003 0.36065868263473055 0.059036544850498335 0.17041916167664672
0 0.6763787375415282 0.3575748502994012 0.07036544850498339 0.2241317365269461
0 0.3751827242524917 0.37140718562874253 0.11249169435215947 0.2997005988023952
0 0.28390365448504984 0.4032035928143713 0.08275747508305648 0.19562874251497006
0 0.21659468438538204 0.42011976047904187 0.07438538205980066 0.22946107784431138
0 0.18601328903654485 0.448562874251497 0.053089700996677744 0.14263473053892214
0 0.7540033222591362 0.5574251497005989 0.0727906976744186 0.1208383233532934
0 0.6902325581395349 0.5751497005988023 0.08478405315614618 0.18023952095808385
0 0.6358471760797342 0.5802994011976048 0.0756810631229236 0.21449101796407186
0 0.5693853820598006 0.5945508982035927 0.07564784053156146 0.21904191616766466