0 0.7006563706563707 0.05597938144329897 0.18895752895752896 0.10164948453608247
0 0.6955405405405406 0.18270618556701032 0.16328185328185327 0.15922680412371135
0 0.6663899613899614 0.24597938144329895 0.14359073359073357 0.1311340206185567
0 0.69007722007722 0.33618556701030927 0.0983011583011583 0.15690721649484538
0 0.06322393822393822 0.3729123711340206 0.07239382239382239 0.1581958762886598
0 0.6386293436293436 0.40190721649484534 0.09579150579150579 0.1749484536082474
1 0.12521235521235521 0.41708762886597933 0.08826254826254826 0.16407216494845359
0 0.5617374517374518 0.42804123711340203 0.09644787644787645 0.19628865979381444
0 0.2095366795366795 0.45448453608247424 0.09474903474903475 0.17701030927835054
0 0.4864092664092664 0.4550515463917526 0.10023166023166023 0.1884536082474227
0 0.39316602316602317 0.47309278350515466 0.08362934362934363 0.19360824742268043
0 0.30222007722007727 0.49224226804123716 0.09478764478764479 0.1906701030927835