1 0.14172535211267606 0.22730337078651686 0.02992957746478873 0.12876404494382024
1 0.17075704225352112 0.2852808988764045 0.03165492957746479 0.1548314606741573
1 0.19794014084507044 0.32480337078651683 0.04376760563380282 0.18893258426966295
1 0.2418838028169014 0.36235955056179775 0.06827464788732394 0.25280898876404495
1 0.8058626760563381 0.40292134831460674 0.04834507042253521 0.13168539325842699
1 0.30570422535211267 0.4071910112359551 0.08323943661971832 0.21887640449438203
1 0.7625704225352112 0.429747191011236 0.05330985915492958 0.18533707865168542
1 0.699612676056338 0.45162921348314605 0.0682394366197183 0.2403370786516854
1 0.4040669014084507 0.45617977528089887 0.12503521126760564 0.24943820224719102
1 0.6182394366197184 0.4589887640449438 0.09563380281690141 0.22134831460674156
1 0.5163028169014084 0.47629213483146066 0.13119718309859155 0.24471910112359552