1 0.9102702702702702 0.6614175257731959 0.09081081081081081 0.17850515463917527
1 0.8216602316602317 0.6987628865979382 0.08347490347490348 0.18103092783505154
1 0.7258301158301159 0.716340206185567 0.13891891891891892 0.22649484536082473
0 0.5763320463320464 0.7492010309278351 0.1874131274131274 0.3231443298969072
0 0.20264478764478763 0.7514690721649484 0.15818532818532818 0.2761340206185567
0 0.3703281853281853 0.76 0.17694980694980694 0.31381443298969075
1 0.942046332046332 0.4277061855670103 0.11575289575289575 0.3193298969072165
0 0.03216216216216216 0.45868556701030927 0.06432432432432432 0.17510309278350514
1 0.6649034749034749 0.4563659793814433 0.21783783783783783 0.32510309278350513
1 0.8576833976833976 0.4631185567010309 0.19413127413127412 0.32829896907216494
0 0.27005791505791504 0.4772680412371134 0.16173745173745174 0.3256701030927835
0 0.4486293436293436 0.47788659793814436 0.18683397683397684 0.3372164948453608
0 0.11758687258687257 0.49123711340206183 0.1425096525096525 0.28144329896907216