0 0.4165120274914089 0.5954335260115607 0.11137457044673538 0.08104046242774567
0 0.8621821305841925 0.41791907514450866 0.12986254295532645 0.2346820809248555
0 0.23728522336769758 0.4221387283236994 0.1309278350515464 0.18531791907514453
0 0.7379896907216494 0.4332658959537572 0.11515463917525773 0.1960115606936416
1 0.11685567010309277 0.43849710982658957 0.15123711340206186 0.20647398843930634
0 0.37228522336769765 0.4614739884393064 0.12601374570446736 0.20618497109826592
0 0.5517010309278351 0.46641618497109827 0.15494845360824744 0.22763005780346823
0 0.31326460481099655 0.5286994219653179 0.090446735395189 0.20190751445086705
0 0.6578865979381443 0.5307225433526012 0.08553264604810996 0.17127167630057802
0 0.20410652920962197 0.5430924855491329 0.0920618556701031 0.17289017341040464
0 0.5301202749140893 0.5608959537572255 0.12553264604810996 0.1506936416184971