1 0.061827852998065765 0.2982735426008969 0.12365570599613153 0.21538116591928252
0 0.9226305609284333 0.32847533632286996 0.15473887814313347 0.2040358744394619
1 0.06676015473887814 0.48343049327354265 0.13352030947775628 0.14623318385650225
0 0.8425145067698259 0.5134529147982063 0.18406189555125724 0.21524663677130046
1 0.08587040618955513 0.6315358744394619 0.13692456479690523 0.16441704035874438
0 0.7703191489361702 0.6636771300448431 0.13251450676982593 0.16591928251121077
1 0.12245647969052224 0.7793161434977578 0.12112185686653772 0.14159192825112107
0 0.6899032882011605 0.7840695067264574 0.13029013539651838 0.18248878923766818
1 0.20042553191489362 0.8861883408071749 0.09911025145067699 0.11766816143497758
1 0.5807833655705996 0.8908856502242152 0.12481624758220503 0.13603139013452914
0 0.292147001934236 0.9402690582959642 0.09686653771760155 0.1137219730941704
1 0.48936170212765956 0.9540358744394619 0.10058027079303675 0.09192825112107623
1 0.3858800773694391 0.9562780269058296 0.09477756286266925 0.08744394618834081
0 0.06798839458413926 0.09681614349775784 0.13597678916827852 0.19363228699551568