1 0.19666666666666666 0.7833111111111112 0.14444444444444443 0.17995555555555556
1 0.3803777777777778 0.7892222222222222 0.22742222222222222 0.19177777777777777
1 0.8074888888888889 0.7893111111111111 0.15719999999999998 0.17417777777777776
1 0.6248444444444444 0.7908444444444445 0.23635555555555554 0.19502222222222224
1 0.07428888888888889 0.8220888888888889 0.10413333333333333 0.21306666666666665
1 0.9343333333333333 0.8230222222222222 0.09977777777777777 0.18826666666666667
0 0.6530666666666667 0.27915555555555555 0.2216888888888889 0.21164444444444444
0 0.4189555555555556 0.28106666666666663 0.2156888888888889 0.20657777777777778
0 0.8307777777777778 0.28728888888888887 0.14155555555555557 0.18346666666666667
0 0.22795555555555555 0.29035555555555553 0.17146666666666666 0.19848888888888888
0 0.9392222222222222 0.31324444444444444 0.09177777777777778 0.11982222222222223
0 0.07493333333333332 0.32715555555555553 0.1143111111111111 0.22764444444444443