0 0.6187413793103448 0.4568103448275862 0.023689655172413792 0.051551724137931035
0 0.5962758620689654 0.4618390804597701 0.020137931034482758 0.050114942528735634
0 0.5445689655172414 0.4646264367816092 0.020172413793103448 0.04419540229885058
0 0.6375689655172414 0.465948275862069 0.01306896551724138 0.0353448275862069
0 0.6023793103448276 0.494683908045977 0.025448275862068964 0.0353448275862069
0 0.5702068965517242 0.5014655172413793 0.036965517241379316 0.06040229885057471
0 0.4895689655172414 0.5026436781609196 0.03431034482758621 0.09724137931034484
0 0.5279482758620689 0.510028735632184 0.03520689655172414 0.054540229885057474
0 0.4511206896551724 0.5139942528735633 0.026379310344827586 0.08545977011494252
0 0.32479310344827583 0.5150287356321839 0.022 0.05304597701149426
0 0.4196379310344827 0.5181321839080459 0.025482758620689654 0.07074712643678162
0 0.38605172413793104 0.5181321839080459 0.02727586206896552 0.07074712643678162
0 0.35501724137931034 0.5216666666666666 0.02727586206896552 0.06632183908045977