0 0.8237536231884057 0.7017123287671233 0.08808695652173913 0.30753424657534245
0 0.7249565217391305 0.7113356164383562 0.11657971014492753 0.3815753424657534
0 0.4230144927536232 0.7175684931506849 0.09240579710144928 0.4488356164383562
0 0.6154057971014493 0.7218835616438357 0.10617391304347827 0.48486301369863016
0 0.5105942028985507 0.7316095890410959 0.11684057971014493 0.46321917808219176
0 0.25297101449275367 0.22835616438356166 0.07695652173913044 0.33342465753424655
0 0.15692753623188405 0.23215753424657531 0.1167536231884058 0.2588356164383562
0 0.1028695652173913 0.2732534246575342 0.10139130434782608 0.3136301369863014
0 0.3399710144927536 0.2792123287671233 0.1176231884057971 0.4077397260273973
0 0.4617101449275362 0.31000000000000005 0.1466086956521739 0.4008219178082192
0 0.7315507246376811 0.3258904109589041 0.10657971014492755 0.29561643835616436
0 0.6003478260869566 0.3306849315068493 0.1456231884057971 0.34630136986301374
0 0.822159420289855 0.36606164383561646 0.07910144927536232 0.22527397260273974
0 0.8978985507246376 0.40465753424657536 0.07985507246376812 0.26136986301369863
0 0.9489420289855072 0.4203424657534247 0.066 0.2516438356164384
0 0.0658840579710145 0.5645205479452055 0.1143768115942029 0.25232876712328767
0 0.2435942028985507 0.5908561643835617 0.0929855072463768 0.4145890410958904
0 0.1476231884057971 0.645445205479452 0.09234782608695652 0.4415753424657534
0 0.33691304347826084 0.6504109589041096 0.0941159420289855 0.3419178082191781