1 0.05890000000000001 0.4239 0.057800000000000004 0.1478
0 0.955 0.435 0.09 0.17
1 0.1199 0.4465 0.0998 0.213
1 0.74925 0.45085000000000003 0.1185 0.2217
1 0.22715 0.45030000000000003 0.1143 0.24059999999999998
0 0.84895 0.4581 0.0779 0.23620000000000002
0 0.5826 0.46244999999999997 0.1852 0.24489999999999998
0 0.38480000000000003 0.47174999999999995 0.18960000000000002 0.24350000000000002
0 0.8768 0.5948 0.0736 0.0696
0 0.2047 0.60855 0.0694 0.0971
0 0.77115 0.62145 0.0823 0.10289999999999999
0 0.3164 0.6315999999999999 0.1128 0.1232
1 0.6690999999999999 0.6461 0.09820000000000001 0.1522
1 0.43420000000000003 0.66535 0.1084 0.1507
1 0.54695 0.67535 0.09390000000000001 0.1507