0 0.6031636363636363 0.4127049180327869 0.04996363636363636 0.06038251366120219
0 0.5517636363636365 0.4193169398907104 0.05625454545454546 0.1063934426229508
0 0.42585454545454543 0.4198907103825137 0.037163636363636364 0.07475409836065573
0 0.4826909090909091 0.4187431693989071 0.05629090909090909 0.0833879781420765
0 0.6382727272727273 0.42420765027322405 0.05472727272727273 0.0833879781420765
0 0.36901818181818186 0.4534153005464481 0.054400000000000004 0.1308743169398907
1 0.5802909090909092 0.49295081967213117 0.033309090909090906 0.10065573770491804
1 0.6209454545454545 0.49453551912568305 0.04189090909090909 0.08196721311475409
1 0.5390545454545455 0.5104918032786885 0.03810909090909091 0.09202185792349726
1 0.40345454545454545 0.5125136612021858 0.050545454545454546 0.11792349726775955
1 0.45638181818181817 0.5165300546448087 0.040036363636363634 0.11502732240437159
1 0.5041272727272726 0.5166939890710383 0.04098181818181818 0.09349726775956284
1 0.34890909090909095 0.5363934426229509 0.036000000000000004 0.05639344262295082