1 0.7191287878787879 0.6360994764397906 0.16553030303030303 0.28790575916230365
1 0.8968181818181817 0.6479842931937173 0.20272727272727273 0.3326178010471204
0 0.267405303030303 0.6497643979057591 0.15602272727272726 0.30476439790575915
0 0.10263257575757576 0.652434554973822 0.1749621212121212 0.32057591623036646
0 0.41865530303030307 0.6535078534031413 0.14791666666666667 0.28083769633507855
0 0.5671022727272728 0.6564921465968586 0.14178030303030303 0.2868062827225131
0 0.7981628787878788 0.3268324607329843 0.16450757575757577 0.15104712041884819
0 0.34878787878787876 0.33340314136125654 0.20515151515151514 0.153717277486911
0 0.16026515151515153 0.34806282722513093 0.15386363636363634 0.12020942408376964
0 0.5928787878787879 0.3719895287958115 0.21606060606060606 0.26230366492146595
0 0.9393939393939394 0.3743455497382199 0.12121212121212122 0.3193717277486911
1 0.041666666666666664 0.4348429319371728 0.08333333333333333 0.2623560209424084