1 0.6095246478873239 0.5672598870056498 0.04299295774647888 0.10627118644067796
1 0.36771126760563383 0.5701694915254237 0.04528169014084507 0.1007909604519774
1 0.41522887323943664 0.5823163841807909 0.048767605633802814 0.10248587570621469
0 0.4711267605633803 0.5797457627118644 0.05492957746478873 0.05214689265536723
0 0.5480281690140845 0.5877118644067797 0.0819718309859155 0.06807909604519774
0 0.5929049295774648 0.4408192090395481 0.044964788732394366 0.06807909604519774
0 0.5269014084507042 0.4447457627118644 0.046760563380281686 0.04203389830508475
0 0.4304929577464789 0.4589265536723164 0.04408450704225352 0.04779661016949153
0 0.47970070422535216 0.45906779661016944 0.036866197183098595 0.059378531073446324
0 0.6420070422535211 0.4667514124293785 0.030492957746478873 0.05214689265536723
0 0.3856338028169014 0.4669491525423729 0.03183098591549295 0.06384180790960452
0 0.6548239436619718 0.5506214689265537 0.034999999999999996 0.09559322033898306