0 0.6706140350877193 0.04717194570135747 0.26228070175438595 0.09434389140271494
1 0.7380043859649122 0.45400452488687787 0.24793859649122807 0.25642533936651585
0 0.21611842105263157 0.5438009049773755 0.26557017543859646 0.28217194570135745
1 0.8138157894736843 0.6759954751131222 0.2767543859649123 0.2750678733031674
0 0.28758771929824556 0.7171945701357466 0.21552631578947368 0.19457013574660634
1 0.869890350877193 0.8515610859728506 0.21346491228070177 0.19180995475113122
0 0.12429824561403509 0.08656108597285067 0.24859649122807018 0.17312217194570134
0 0.3549122807017544 0.8906334841628959 0.20105263157894737 0.18850678733031673
1 0.9232456140350878 0.9434389140271493 0.15350877192982457 0.11312217194570136
1 0.6982675438596491 0.20658371040723983 0.24741228070175436 0.25027149321266967
0 0.1545614035087719 0.29687782805429863 0.24771929824561403 0.26796380090497735