0 0.0975514403292181 0.5393269230769231 0.12102880658436214 0.15557692307692308
0 0.20979423868312758 0.5502403846153846 0.15621399176954734 0.20625
0 0.34658436213991767 0.568173076923077 0.11703703703703704 0.22288461538461538
0 0.4737654320987654 0.5861057692307692 0.12448559670781893 0.2010576923076923
0 0.601687242798354 0.5954326923076922 0.11695473251028807 0.19086538461538463
0 0.731111111111111 0.6000961538461538 0.12065843621399178 0.2098076923076923
0 0.9243827160493827 0.6062019230769231 0.09567901234567901 0.1835576923076923
0 0.8420987654320987 0.6053365384615385 0.0957201646090535 0.2010576923076923
0 0.515514403292181 0.35307692307692307 0.22444444444444445 0.2830769230769231
0 0.3036831275720165 0.3706971153846154 0.13823045267489714 0.1933173076923077
0 0.7406995884773663 0.37180288461538463 0.23860082304526747 0.27245192307692306
0 0.9088065843621399 0.38389423076923074 0.10567901234567902 0.2870192307692308