0 0.6074444444444445 0.49033333333333334 0.03266666666666666 0.04733333333333334
0 0.5545555555555556 0.49533333333333335 0.051333333333333335 0.05733333333333333
0 0.44060000000000005 0.4982 0.045644444444444446 0.06306666666666666
0 0.6393777777777778 0.49673333333333336 0.05208888888888889 0.05124444444444444
0 0.49520000000000003 0.4982 0.05706666666666667 0.06306666666666666
0 0.3846888888888889 0.5266888888888889 0.04937777777777778 0.06671111111111111
1 0.6295333333333334 0.5377777777777778 0.04128888888888888 0.044444444444444446
1 0.5896888888888889 0.5399333333333334 0.032711111111111114 0.04875555555555556
1 0.4169333333333333 0.5443777777777777 0.042755555555555554 0.04875555555555556
1 0.5084 0.5473777777777777 0.021244444444444444 0.04586666666666667
1 0.4688222222222222 0.5450888888888888 0.03986666666666667 0.05017777777777777
1 0.47400000000000003 0.5472444444444444 0.04133333333333333 0.054488888888888885
1 0.5561333333333334 0.5495333333333333 0.0456 0.05017777777777777
0 0.37306666666666666 0.5519777777777778 0.05280000000000001 0.03728888888888889