1 0.4231270903010034 0.5994345238095238 0.02351170568561873 0.07982142857142857
1 0.6652173913043479 0.6053869047619047 0.0528428093645485 0.07982142857142857
1 0.7089297658862876 0.6201785714285715 0.03324414715719064 0.037976190476190476
1 0.3989130434782609 0.6191964285714286 0.021906354515050165 0.04791666666666667
0 0.48688963210702346 0.46342261904761906 0.05070234113712375 0.06970238095238096
0 0.5384615384615384 0.469077380952381 0.06020066889632107 0.09291666666666666
0 0.5803010033444815 0.48038690476190476 0.05692307692307692 0.07982142857142857
0 0.4468729096989967 0.48794642857142856 0.030869565217391304 0.07113095238095238
1 0.6426254180602007 0.48895833333333333 0.05448160535117057 0.10886904761904762
1 0.402742474916388 0.5194642857142857 0.04963210702341137 0.11035714285714285
0 0.724180602006689 0.5463095238095238 0.08381270903010032 0.10452380952380952
1 0.48677257525083606 0.5704761904761905 0.037090301003344484 0.08142857142857143
1 0.5643311036789298 0.5746130952380952 0.051739130434782614 0.07779761904761905
1 0.5229096989966555 0.5757738095238095 0.029096989966555183 0.08011904761904762
1 0.45274247491638797 0.5828869047619047 0.02923076923076923 0.0943452380952381
1 0.6157190635451505 0.5852083333333333 0.04749163879598662 0.08708333333333333