1 0.44960191082802553 0.63771875 0.09028662420382166 0.1879375
1 0.7259076433121019 0.63871875 0.08875796178343949 0.1899375
1 0.5422929936305733 0.646625 0.09095541401273885 0.16825
1 0.6310828025477707 0.6478125 0.08382165605095541 0.195625
0 0.18931528662420383 0.45137499999999997 0.09837579617834395 0.24025
0 0.2810191082802548 0.49906249999999996 0.0843312101910828 0.198125
0 0.5486783439490446 0.52278125 0.14194267515923567 0.1330625
0 0.40506369426751593 0.523 0.13496815286624206 0.1835
0 0.683343949044586 0.52925 0.09280254777070064 0.1335
0 0.784952229299363 0.5467500000000001 0.09219745222929936 0.181
1 0.26428343949044586 0.59046875 0.09544585987261146 0.1684375
1 0.3571496815286624 0.6098125 0.08372611464968152 0.182125
0 0.8227547770700638 0.6164375 0.04678343949044586 0.12037500000000001