0 0.22496491228070173 0.6627966101694915 0.12010526315789473 0.18435028248587573
0 0.7923157894736842 0.6674011299435028 0.11094736842105264 0.1935593220338983
1 0.28410526315789475 0.773587570621469 0.084 0.14604519774011301
1 0.7355964912280702 0.7946327683615819 0.1027719298245614 0.1768361581920904
1 0.3534561403508772 0.8632485875706214 0.08235087719298245 0.11067796610169492
1 0.6667368421052632 0.8631638418079096 0.08435087719298245 0.14440677966101695
1 0.4529122807017543 0.8880508474576271 0.11284210526315788 0.1715819209039548
1 0.5723157894736842 0.8921186440677966 0.1200701754385965 0.1684180790960452
0 0.8753508771929824 0.19680790960451977 0.19280701754385965 0.31451977401129944
0 0.12000000000000001 0.20988700564971752 0.20491228070175438 0.31807909604519774
0 0.17192982456140352 0.47709039548022597 0.16842105263157894 0.2762146892655367
0 0.8324561403508772 0.4799152542372881 0.1631578947368421 0.2705649717514124