0 0.44598466981132073 0.4562389380530973 0.09951650943396226 0.2611504424778761
0 0.5512912735849057 0.4810176991150442 0.11673349056603773 0.2469911504424779
0 0.326002358490566 0.4841681415929204 0.1402122641509434 0.2603716814159292
0 0.8485495283018869 0.48573451327433625 0.05794811320754717 0.09713274336283187
0 0.6636025943396227 0.48632743362831854 0.11494103773584906 0.1797345132743363
0 0.7637499999999999 0.49390265486725665 0.11476415094339622 0.1878053097345133
0 0.22058372641509436 0.501858407079646 0.08267688679245283 0.2391150442477876
1 0.1692688679245283 0.5239911504424779 0.043726415094339624 0.22320353982300886
0 0.6911143867924529 0.5801415929203539 0.09449292452830188 0.08063716814159293
1 0.5936733490566037 0.5857345132743362 0.10951650943396227 0.10598230088495576
1 0.4755188679245283 0.5916371681415928 0.11377358490566038 0.11424778761061946
1 0.3888679245283019 0.6117964601769912 0.07490566037735849 0.08023008849557522
1 0.2571580188679245 0.6238849557522124 0.07091981132075471 0.11502654867256636
1 0.31859080188679245 0.6363805309734514 0.06170990566037736 0.06568141592920354
1 0.2076061320754717 0.6598407079646018 0.04728773584905661 0.08782300884955752