0 0.6206666666666666 0.6245238095238095 0.11466666666666667 0.3442857142857143
0 0.87625 0.661577380952381 0.12583333333333332 0.21601190476190477
0 0.04713333333333333 0.7013690476190476 0.09426666666666667 0.3075
0 0.46596666666666664 0.714375 0.13193333333333332 0.22636904761904764
0 0.16446666666666668 0.7276190476190476 0.1556 0.28857142857142853
0 0.7495166666666666 0.7297321428571428 0.1257 0.1975595238095238
0 0.3130833333333333 0.7442559523809523 0.15283333333333335 0.3456547619047619
0 0.9466666666666667 0.39880952380952384 0.10666666666666667 0.35714285714285715
1 0.5242333333333333 0.41711309523809526 0.22846666666666668 0.5127976190476191
1 0.78445 0.41857142857142854 0.22223333333333334 0.4680952380952381
1 0.33018333333333333 0.42714285714285716 0.16703333333333334 0.36619047619047623
1 0.14863333333333334 0.42916666666666664 0.19726666666666667 0.40595238095238095