0 0.9476024890190337 0.4031770833333333 0.10457540263543191 0.34541666666666665
1 0.7848572474377745 0.41806640624999997 0.2241800878477306 0.4741536458333333
0 0.5254392386530015 0.41837239583333335 0.2280380673499268 0.5034114583333333
0 0.149205710102489 0.42783203124999997 0.2076354319180088 0.4311848958333333
0 0.33203879941434844 0.4276041666666666 0.16920204978038067 0.37343750000000003
0 0.031325036603221085 0.5239778645833334 0.06265007320644217 0.24847656250000003
1 0.6170424597364568 0.63443359375 0.11695461200585651 0.3808463541666667
1 0.8778770131771596 0.6688151041666667 0.10421669106881407 0.230859375
0 0.9666837481698389 0.6904036458333334 0.06660322108345534 0.25320312500000003
1 0.05000366032210835 0.6912825520833333 0.1000073206442167 0.31225260416666667
1 0.46458638360175697 0.7146158854166668 0.1414714494875549 0.2677734375
1 0.7406588579795021 0.7228580729166666 0.1328550512445095 0.2373828125
1 0.16380673499267934 0.7351236979166668 0.14166910688140558 0.3166015625
1 0.3102415812591508 0.7426041666666666 0.15489019033674964 0.3758333333333333