0 0.9209125 0.23043918918918918 0.14515833333333333 0.13430180180180182
0 0.09144583333333334 0.2450731981981982 0.17289166666666667 0.11627252252252253
0 0.13849583333333332 0.32243806306306305 0.10699166666666665 0.13136261261261262
0 0.8579749999999999 0.32427927927927924 0.09095 0.12828828828828828
0 0.184525 0.33659346846846844 0.08405 0.15291666666666665
0 0.7676125 0.34190315315315317 0.09855833333333333 0.14101351351351352
0 0.6637541666666666 0.3486204954954955 0.109175 0.14318693693693693
0 0.5662916666666666 0.3574099099099099 0.09924999999999999 0.06166666666666666
0 0.3709291666666667 0.36811936936936934 0.108525 0.1438963963963964
0 0.2711458333333333 0.37090090090090094 0.09895833333333333 0.16972972972972972
0 0.4747166666666666 0.37524211711711714 0.09443333333333333 0.12886261261261261
0 0.9700791666666667 0.05115427927927928 0.05515833333333333 0.10230855855855855
0 0.024770833333333336 0.05663851351351352 0.04954166666666667 0.11327702702702704
0 0.9186541666666667 0.06403153153153153 0.07064166666666666 0.12806306306306306
0 0.06737916666666666 0.06587837837837837 0.081425 0.13175675675675674
0 0.8422291666666666 0.06970157657657658 0.106125 0.13940315315315316
1 0.034675 0.7041722972972974 0.06935 0.1921283783783784
1 0.12859166666666666 0.7088682432432433 0.12551666666666667 0.22179054054054054
1 0.9699916666666667 0.7125844594594595 0.05998333333333334 0.18868243243243243
1 0.25645416666666665 0.7286542792792793 0.12624166666666667 0.2005518018018018
1 0.8929791666666667 0.728704954954955 0.10595833333333333 0.22092342342342344
1 0.7684291666666667 0.7370495495495496 0.14519166666666666 0.21058558558558557
0 0.586325 0.07511261261261262 0.13098333333333334 0.09391891891891893
0 0.732375 0.07426238738738739 0.12474999999999999 0.11248873873873874
1 0.6121500000000001 0.7431644144144145 0.18263333333333334 0.2295720720720721
1 0.42380833333333334 0.7525112612612613 0.18761666666666665 0.2279954954954955
0 0.2607041666666667 0.08271959459459459 0.10974166666666667 0.09336711711711711
0 0.41787916666666663 0.08509572072072072 0.15909166666666666 0.16343468468468467
1 0.03567083333333333 0.8645551801801802 0.07134166666666666 0.13676801801801802
0 0.15798749999999998 0.08758445945945946 0.115975 0.1278716216216216
1 0.9521541666666667 0.8689301801801802 0.06430833333333333 0.14777027027027026
1 0.11299999999999999 0.8800900900900901 0.09433333333333334 0.12054054054054054
1 0.8985541666666668 0.8838851351351351 0.05710833333333334 0.11011261261261261
1 0.22626249999999998 0.8875168918918919 0.132525 0.19620495495495494
1 0.34804999999999997 0.8943018018018017 0.12276666666666666 0.15797297297297297
1 0.8010541666666666 0.8965033783783785 0.118775 0.17138513513513512
1 0.6872416666666668 0.9024493243243243 0.12614999999999998 0.14498873873873874
1 0.4663125 0.9083108108108109 0.10595833333333333 0.1296846846846847
1 0.5744583333333334 0.9132038288288288 0.09391666666666666 0.1214527027027027