0 0.6104083333333333 0.4937166666666667 0.05081666666666666 0.030766666666666668
0 0.5622916666666666 0.50115 0.07458333333333333 0.058966666666666674
0 0.4931583333333333 0.5022416666666667 0.06965 0.05448333333333333
0 0.44173333333333337 0.501925 0.056799999999999996 0.05385
0 0.6521333333333333 0.50865 0.06426666666666667 0.0673
0 0.3905 0.52 0.06766666666666667 0.06666666666666667
1 0.6287999999999999 0.535125 0.047599999999999996 0.04358333333333333
1 0.5910583333333334 0.5369833333333334 0.052116666666666665 0.05063333333333333
1 0.5500416666666667 0.5398083333333333 0.05341666666666666 0.04295
1 0.507625 0.54115 0.041916666666666665 0.0423
0 0.66135 0.5415416666666667 0.036033333333333334 0.023083333333333334
1 0.4652 0.542375 0.047066666666666666 0.04808333333333334
1 0.4197083333333333 0.5474333333333333 0.05608333333333333 0.04486666666666667
1 0.366 0.56295 0.041999999999999996 0.0359