0 0.7061928104575164 0.35324242424242425 0.11173202614379084 0.20951515151515152
0 0.5713071895424836 0.3531515151515151 0.14915032679738563 0.17296969696969697
0 0.9452614379084967 0.3592727272727273 0.09313725490196079 0.2336969696969697
0 0.8484150326797386 0.36315151515151517 0.12820261437908495 0.22933333333333336
0 0.37707516339869285 0.3641818181818182 0.15937908496732028 0.1829090909090909
0 0.23547385620915035 0.3927878787878788 0.11147058823529411 0.20375757575757575
0 0.10669934640522875 0.4378484848484849 0.1349673202614379 0.22115151515151515
0 0.8999183006535948 0.518 0.11356209150326797 0.22387878787878787
1 0.5144281045751634 0.5238181818181818 0.1138235294117647 0.24763636363636363
1 0.3993790849673203 0.528969696969697 0.11248366013071896 0.25793939393939397
1 0.7700163398692811 0.5383939393939394 0.14133986928104575 0.19193939393939394
1 0.6374836601307189 0.538969696969697 0.1181045751633987 0.24157575757575758
0 0.26851307189542484 0.5501818181818182 0.11872549019607842 0.3003636363636364
1 0.14222222222222222 0.5681515151515152 0.13411764705882354 0.2150909090909091
0 0.032875816993464056 0.5768484848484849 0.06575163398692811 0.280969696969697