0 0.3415437788018433 0.47422413793103446 0.11165898617511522 0.1036206896551724
0 0.5097695852534563 0.47890086206896554 0.11631336405529953 0.10435344827586207
0 0.8690552995391705 0.4940948275862069 0.18050691244239633 0.10887931034482759
0 0.7277880184331798 0.5037715517241379 0.10995391705069124 0.11961206896551724
0 0.6329723502304146 0.5125862068965518 0.08622119815668203 0.10275862068965518
0 0.8597004608294931 0.5885991379310345 0.17101382488479264 0.11685344827586207
0 0.3528110599078341 0.3055387931034483 0.11576036866359447 0.11969827586206896
0 0.1728341013824885 0.3282974137931034 0.09682027649769585 0.14797413793103448
0 0.47543778801843317 0.3321551724137931 0.13059907834101384 0.10396551724137931
0 0.8418202764976959 0.36816810344827583 0.11682027649769586 0.1673706896551724
0 0.04463133640552996 0.3833620689655172 0.08926267281105991 0.12879310344827585
0 0.6214055299539171 0.38943965517241375 0.19211981566820274 0.12370689655172414
0 0.705552995391705 0.4000646551724138 0.15764976958525345 0.1363362068965517
0 0.13129032258064516 0.406573275862069 0.16119815668202764 0.1665948275862069
0 0.22776497695852532 0.40758620689655173 0.11451612903225807 0.1772413793103448