1 0.6895666666666667 0.7073214285714285 0.09246666666666666 0.20035714285714284
1 0.49366666666666664 0.7078869047619047 0.10066666666666667 0.21339285714285716
1 0.28246666666666664 0.7076190476190476 0.09826666666666667 0.23666666666666666
1 0.5978833333333333 0.7118154761904762 0.09576666666666667 0.1974404761904762
1 0.39448333333333335 0.7173214285714286 0.1023 0.23226190476190478
1 0.18373333333333336 0.720952380952381 0.10746666666666667 0.16809523809523808
1 0.78835 0.7351785714285715 0.09003333333333334 0.23226190476190478
0 0.8733000000000001 0.7392559523809523 0.09326666666666666 0.14517857142857143
0 0.5213833333333333 0.46035714285714285 0.1161 0.19452380952380952
0 0.37993333333333335 0.4683630952380953 0.1332 0.21053571428571427
0 0.6555166666666666 0.4933333333333333 0.08436666666666666 0.17714285714285716
0 0.2552333333333333 0.5111904761904762 0.11046666666666667 0.17714285714285716
1 0.7695666666666667 0.5631547619047619 0.09246666666666666 0.18583333333333332
1 0.14491666666666667 0.5760714285714286 0.10316666666666667 0.2235714285714286
0 0.8523166666666666 0.58 0.0713 0.14809523809523809