0 0.9735714285714286 0.5747354497354498 0.052406015037593984 0.09126984126984126
0 0.9109022556390978 0.5960582010582011 0.1 0.12333333333333332
0 0.09045112781954888 0.5967195767195768 0.08315789473684211 0.11407407407407406
0 0.8208082706766917 0.6112962962962962 0.08522556390977444 0.1538095238095238
0 0.13894736842105262 0.6205291005291005 0.082406015037594 0.10878306878306877
0 0.19915413533834586 0.6643650793650794 0.0975563909774436 0.20703703703703705
0 0.723703007518797 0.6698941798941799 0.11657894736842106 0.18634920634920635
1 0.6218233082706767 0.6814021164021163 0.10078947368421053 0.16703703703703704
1 0.3012781954887218 0.6912433862433863 0.09879699248120301 0.1867195767195767
1 0.40171052631578946 0.6912169312169312 0.09665413533834587 0.15492063492063493
1 0.5130451127819549 0.7026719576719577 0.10879699248120302 0.1460846560846561
0 0.16210526315789472 0.4455291005291005 0.09112781954887217 0.27730158730158727
0 0.7907142857142858 0.44626984126984126 0.11526315789473685 0.26820105820105816
0 0.03953007518796993 0.44931216931216933 0.048984962406015034 0.12613756613756613
0 0.9590413533834586 0.47179894179894183 0.06845864661654136 0.13936507936507936
1 0.5333646616541353 0.47235449735449736 0.15695488721804512 0.2886243386243386
1 0.37223684210526314 0.4724074074074074 0.15800751879699249 0.2887301587301587
0 0.6787406015037595 0.47687830687830685 0.1319172932330827 0.24476190476190476
0 0.0918233082706767 0.472962962962963 0.06334586466165414 0.13111111111111112
0 0.8852631578947368 0.48076719576719573 0.09383458646616542 0.1573015873015873
0 0.2544548872180451 0.4838095238095238 0.10289473684210526 0.21629629629629632