0 0.6063736263736264 0.5571891891891891 0.09186813186813186 0.11978378378378378
0 0.23754578754578753 0.578081081081081 0.07216117216117215 0.11832432432432433
0 0.7261355311355312 0.637972972972973 0.07498168498168498 0.13
0 0.22120879120879122 0.6721621621621622 0.07611721611721613 0.1227027027027027
0 0.7986996336996337 0.6831351351351351 0.04428571428571428 0.0905945945945946
0 0.8472161172161172 0.7218378378378378 0.03142857142857143 0.05989189189189189
1 0.26919413919413915 0.7504864864864865 0.06952380952380953 0.13881081081081081
1 0.340989010989011 0.7633243243243243 0.05926739926739927 0.12124324324324325
1 0.423040293040293 0.7821891891891892 0.0621978021978022 0.13735135135135135
1 0.5872710622710622 0.7928378378378379 0.08296703296703296 0.1154054054054054
0 0.8611721611721611 0.7931351351351351 0.03736263736263736 0.05113513513513514
1 0.49877289377289374 0.7942972972972973 0.06714285714285714 0.11832432432432433
0 0.693974358974359 0.7967837837837838 0.08391941391941392 0.11248648648648647
0 0.7951465201465201 0.8114054054054055 0.09578754578754578 0.08767567567567566
0 0.2946520146520146 0.5081081081081081 0.06915750915750915 0.10810810810810811
0 0.3864102564102564 0.5178918918918919 0.09882783882783883 0.11686486486486487
0 0.4993589743589743 0.5291351351351351 0.11959706959706959 0.12854054054054054