0 0.21138795986622072 0.6628869047619047 0.14852842809364547 0.3376785714285714
1 0.7752173913043477 0.8112499999999999 0.15244147157190635 0.24154761904761904
0 0.2872073578595318 0.8773214285714285 0.11956521739130435 0.20702380952380953
1 0.6755852842809364 0.8988095238095238 0.10702341137123746 0.20238095238095238
1 0.3973745819397993 0.9273214285714285 0.11247491638795988 0.14035714285714285
1 0.5818060200668896 0.9402380952380953 0.08668896321070235 0.11857142857142858
1 0.4942976588628763 0.9391071428571429 0.11234113712374583 0.11630952380952381
0 0.06510033444816053 0.10494047619047618 0.13020066889632106 0.20988095238095236
0 0.8651170568561873 0.2532142857142857 0.22521739130434784 0.435
0 0.1231438127090301 0.3851785714285715 0.18608695652173912 0.3536904761904762
0 0.8331772575250836 0.5660416666666667 0.21484949832775918 0.3582738095238095