0 0.3636462093862816 0.5542032967032967 0.05581227436823105 0.06445054945054945
0 0.5554693140794225 0.5561538461538461 0.0712274368231047 0.09032967032967033
0 0.48216606498194947 0.5575274725274725 0.06180505415162455 0.0710989010989011
0 0.42193140794223827 0.5574450549450549 0.05685920577617329 0.05994505494505495
0 0.7375992779783394 0.45030219780219777 0.06725631768953068 0.08741758241758242
0 0.6524007220216607 0.47230769230769226 0.06292418772563177 0.0654945054945055
0 0.5595487364620939 0.4720879120879121 0.07938628158844765 0.08703296703296703
0 0.4536642599277978 0.5053846153846154 0.06978339350180504 0.054725274725274727
0 0.6935379061371841 0.5173076923076924 0.07299638989169675 0.07857142857142857
0 0.3033032490974729 0.5354395604395604 0.06509025270758123 0.08186813186813187
0 0.6230505415162455 0.5414835164835164 0.0692057761732852 0.07197802197802197