1 0.45623552123552125 0.5394072164948454 0.05532818532818533 0.07881443298969072
0 0.40233590733590735 0.5396134020618557 0.055637065637065636 0.08953608247422681
1 0.5183011583011583 0.5392010309278351 0.06362934362934364 0.07840206185567011
1 0.6313320463320463 0.5379639175257732 0.05803088803088803 0.09654639175257732
0 0.3428957528957529 0.5425 0.060308880308880305 0.08499999999999999
1 0.5715830115830115 0.5439432989690722 0.054362934362934365 0.07757731958762887
0 0.6781274131274131 0.5501288659793814 0.04351351351351351 0.07963917525773195
1 0.3765637065637066 0.44907216494845364 0.050424710424710424 0.08371134020618556
0 0.4461969111969112 0.4536082474226804 0.0893050193050193 0.10309278350515463
1 0.31972972972972974 0.45298969072164946 0.060308880308880305 0.09154639175257732
0 0.6115830115830116 0.45567010309278355 0.05714285714285715 0.07628865979381444
0 0.5388416988416989 0.46041237113402056 0.08926640926640927 0.09608247422680413
0 0.6672779922779922 0.46981958762886594 0.03725868725868726 0.08396907216494845