0 0.9313128491620113 0.7009615384615385 0.09726256983240224 0.22243589743589742
1 0.03987430167597766 0.7083547008547009 0.07974860335195531 0.22867521367521368
1 0.6685614525139665 0.7137606837606838 0.11924581005586592 0.23094017094017094
1 0.8775279329608938 0.722008547008547 0.12935754189944135 0.25598290598290596
1 0.09254189944134077 0.7199786324786325 0.134804469273743 0.28611111111111115
1 0.32603351955307264 0.7378846153846154 0.12134078212290503 0.23645299145299145
1 0.7891480446927374 0.7547649572649573 0.13695530726256983 0.3214957264957265
1 0.5685614525139665 0.762991452991453 0.131536312849162 0.261025641025641
1 0.445963687150838 0.7784829059829059 0.12097765363128492 0.28346153846153843
1 0.20170391061452517 0.7817307692307692 0.1352513966480447 0.38397435897435894
1 0.7797905027932961 0.27440170940170944 0.1461731843575419 0.2923931623931624
1 0.41117318435754185 0.28773504273504275 0.2134078212290503 0.2934188034188034
1 0.6150558659217877 0.2908760683760684 0.1965921787709497 0.2826068376068376
1 0.2294832402234637 0.2938247863247863 0.1572905027932961 0.2714102564102564
1 0.9088268156424582 0.2954487179487179 0.12491620111731844 0.343034188034188
1 0.09174581005586592 0.30014957264957265 0.12762569832402235 0.33534188034188034
1 0.03216480446927374 0.3515384615384615 0.06432960893854749 0.2757264957264957