1 0.06754132231404958 0.48338942307692306 0.13508264462809916 0.13985576923076923
0 0.8408057851239669 0.5200961538461539 0.17747933884297523 0.22288461538461538
1 0.09359504132231404 0.6338942307692308 0.13760330578512395 0.14278846153846153
0 0.7734504132231406 0.6656490384615386 0.13367768595041324 0.14860576923076924
0 0.6863016528925621 0.787451923076923 0.14119834710743803 0.1806730769230769
1 0.11586776859504132 0.7855528846153846 0.13256198347107437 0.13841346153846154
0 0.06588842975206612 0.09295673076923078 0.13177685950413223 0.17629807692307692
1 0.19913223140495867 0.8847596153846153 0.0924793388429752 0.12528846153846154
1 0.5815082644628099 0.9035576923076923 0.1299586776859504 0.13403846153846152
1 0.29522727272727267 0.9315384615384615 0.10285123966942149 0.10346153846153847
1 0.4731404958677686 0.9495192307692307 0.10330578512396695 0.10096153846153846
1 0.3859504132231405 0.9507692307692307 0.1024793388429752 0.09384615384615384
1 0.05776859504132231 0.29617788461538463 0.11553719008264463 0.198125
0 0.9173553719008265 0.3317307692307692 0.1652892561983471 0.20192307692307693