0 0.8855818181818181 0.6480434782608695 0.1057090909090909 0.17652173913043476
1 0.04012727272727273 0.6641576086956522 0.07298181818181819 0.12179347826086957
1 0.13207272727272729 0.7033695652173914 0.13323636363636363 0.18934782608695655
1 0.7051636363636364 0.7131793478260869 0.1448727272727273 0.25244565217391307
0 0.8358 0.7188858695652174 0.1225090909090909 0.2095108695652174
1 0.46405454545454544 0.7236684782608696 0.10629090909090909 0.19733695652173913
1 0.23649090909090908 0.7250271739130435 0.13116363636363637 0.17831521739130435
1 0.5885272727272727 0.7300271739130434 0.13705454545454546 0.16657608695652174
1 0.3549818181818182 0.7361956521739131 0.12087272727272728 0.16804347826086957
0 0.7328181818181818 0.45084239130434783 0.10563636363636364 0.22777173913043477
0 0.5888000000000001 0.46206521739130435 0.17396363636363638 0.32630434782608697
0 0.817109090909091 0.46345108695652176 0.0924 0.2855978260869565
0 0.37474545454545455 0.47317934782608695 0.1822181818181818 0.33766304347826087
0 0.223 0.4927717391304348 0.13327272727272726 0.25728260869565217
0 0.1052 0.5123369565217392 0.11585454545454545 0.23119565217391305