1 0.6907090909090909 0.5616393442622951 0.043236363636363635 0.06316939890710382
1 0.3616 0.5619672131147542 0.061381818181818176 0.0966120218579235
1 0.6614363636363637 0.5704098360655738 0.04287272727272727 0.11349726775956284
0 0.42152727272727275 0.5761748633879781 0.06487272727272728 0.10316939890710382
1 0.48656363636363636 0.5924590163934427 0.0713090909090909 0.08109289617486339
1 0.6070000000000001 0.5965573770491803 0.07218181818181818 0.10021857923497268
1 0.5486181818181818 0.6117213114754098 0.0645090909090909 0.08683060109289618
0 0.2380363636363636 0.4831967213114754 0.03970909090909091 0.0592896174863388
0 0.2822727272727273 0.49177595628415305 0.05545454545454546 0.07644808743169398
0 0.6783272727272727 0.49978142076502735 0.062109090909090905 0.09245901639344263
0 0.35112727272727273 0.5009562841530054 0.05498181818181818 0.10573770491803279
0 0.6085636363636363 0.5039344262295082 0.08258181818181819 0.0898360655737705
0 0.7194181818181818 0.505464480874317 0.049745454545454544 0.08196721311475409
0 0.4293636363636364 0.5142622950819672 0.08781818181818181 0.11049180327868852
0 0.2646909090909091 0.5320218579234972 0.04210909090909091 0.0585792349726776
0 0.5300727272727274 0.5425956284153005 0.10741818181818182 0.13437158469945354
1 0.3151090909090909 0.5416939890710383 0.055672727272727277 0.08885245901639345