0 0.11648972602739727 0.5926589595375723 0.09599315068493151 0.19109826589595377
0 0.8898972602739726 0.6193063583815029 0.09486301369863014 0.17502890173410404
0 0.44736301369863013 0.6438728323699422 0.11390410958904108 0.21260115606936417
0 0.21455479452054793 0.6470809248554913 0.1208904109589041 0.24213872832369943
0 0.6866267123287672 0.6480057803468209 0.11297945205479452 0.29023121387283235
0 0.33003424657534247 0.6467630057803468 0.11212328767123288 0.2761849710982659
0 0.5641780821917809 0.6580346820809249 0.12150684931506849 0.206242774566474
0 0.7990582191780822 0.660086705202312 0.11866438356164383 0.26815028901734106
0 0.39945205479452056 0.36479768786127165 0.18246575342465754 0.35965317919075146
0 0.2402397260273973 0.3773410404624278 0.13116438356164384 0.2922543352601156
0 0.5848458904109589 0.3798843930635838 0.1833904109589041 0.34358381502890173
0 0.12029109589041095 0.3877745664739885 0.1035958904109589 0.2553179190751445
0 0.01719178082191781 0.3940173410404624 0.027534246575342463 0.163757225433526
0 0.8754280821917808 0.39803468208092485 0.11386986301369863 0.2873988439306358
0 0.05010273972602739 0.3994797687861272 0.05226027397260274 0.18624277456647398
0 0.7470205479452054 0.4007803468208093 0.13102739726027396 0.26976878612716765
0 0.9653253424657534 0.4121676300578035 0.05393835616438356 0.22317919075144507
0 0.04148972602739726 0.555028901734104 0.06928082191780822 0.13895953757225432
0 0.9544863013698629 0.5648554913294798 0.05965753424657535 0.1123699421965318