0 0.8068545454545454 0.6381967213114753 0.14461818181818184 0.17256830601092896
0 0.19312727272727273 0.6637158469945356 0.11716363636363636 0.11431693989071039
0 0.8444181818181818 0.8340163934426229 0.19065454545454547 0.23633879781420766
0 0.15705454545454545 0.8353551912568307 0.16138181818181818 0.2171584699453552
1 0.5716363636363636 0.14120218579234972 0.1469090909090909 0.19497267759562842
1 0.4279454545454546 0.16368852459016392 0.1358909090909091 0.21808743169398906
0 0.6668000000000001 0.18584699453551912 0.09723636363636363 0.1312568306010929
0 0.33281818181818185 0.2064207650273224 0.0910909090909091 0.1396174863387978
0 0.7370545454545454 0.31991803278688524 0.13592727272727273 0.16989071038251366
0 0.2580727272727273 0.35647540983606557 0.12341818181818182 0.1446448087431694
0 0.7777636363636363 0.48166666666666663 0.13007272727272728 0.12180327868852459
0 0.22816363636363637 0.5276502732240437 0.15087272727272727 0.12633879781420765