0 0.8930442804428044 0.7011021505376344 0.11081180811808118 0.2516666666666667
0 0.13068265682656827 0.7236559139784946 0.09162361623616236 0.32903225806451614
0 0.22042435424354243 0.7351881720430108 0.11612546125461254 0.3305913978494624
0 0.7826014760147602 0.7419086021505377 0.10394833948339484 0.3010215053763441
0 0.3536162361623616 0.7522580645161291 0.15372693726937267 0.3109677419354839
0 0.6574169741697417 0.7574731182795699 0.14878228782287822 0.3429032258064516
0 0.5084132841328414 0.7645967741935484 0.16073800738007382 0.33564516129032257
0 0.23409594095940958 0.2791397849462366 0.10656826568265683 0.14967741935483872
0 0.8168819188191881 0.3484139784946237 0.09132841328413284 0.24521505376344085
0 0.41913284132841333 0.3504838709677419 0.21095940959409595 0.3568817204301075
0 0.6464575645756457 0.353494623655914 0.25232472324723243 0.34139784946236557
0 0.13590405904059039 0.3612365591397849 0.10944649446494464 0.1955913978494624