0 0.6498909090909091 0.4010054347826087 0.04887272727272727 0.07375
0 0.6816909090909091 0.401195652173913 0.03974545454545454 0.05239130434782609
0 0.3723090909090909 0.4077173913043478 0.04643636363636364 0.04369565217391304
0 0.6066545454545454 0.4108967391304348 0.0424 0.07179347826086957
0 0.40596363636363636 0.411304347826087 0.055563636363636364 0.08347826086956521
0 0.5647818181818182 0.41497282608695657 0.06774545454545454 0.05820652173913044
0 0.5050545454545454 0.4124728260869565 0.05738181818181818 0.06407608695652174
0 0.4571636363636364 0.4219836956521739 0.05614545454545455 0.050489130434782606
0 0.6680545454545455 0.4466304347826087 0.048836363636363636 0.05630434782608695
0 0.6258 0.4494293478260869 0.04432727272727272 0.07277173913043479
0 0.5553636363636364 0.4548641304347826 0.04890909090909091 0.07277173913043479
0 0.5163636363636364 0.45690217391304344 0.05090909090909091 0.06597826086956522
0 0.5957454545454546 0.45991847826086957 0.0424 0.06114130434782609
0 0.43469090909090913 0.45980978260869565 0.054836363636363634 0.07179347826086957
0 0.4724727272727273 0.45942934782608696 0.04312727272727272 0.06016304347826087
0 0.3974909090909091 0.45845108695652176 0.038618181818181815 0.05820652173913044