1 0.8451486988847584 0.7312299465240643 0.13639405204460966 0.2645989304812834
1 0.6003159851301115 0.7328342245989304 0.11513011152416357 0.21433155080213903
1 0.7180297397769517 0.7355080213903743 0.12007434944237917 0.24106951871657753
1 0.4791263940520446 0.7389304812834225 0.1255390334572491 0.226524064171123
1 0.937918215613383 0.742379679144385 0.09888475836431228 0.1799465240641711
1 0.35840148698884755 0.752807486631016 0.12200743494423792 0.23288770053475935
1 0.13057620817843865 0.7603208556149733 0.11988847583643122 0.17304812834224598
1 0.24063197026022307 0.7674331550802138 0.11695167286245353 0.2514438502673797
1 0.06814126394052043 0.7853475935828877 0.13628252788104087 0.20171122994652405
0 0.6296282527881041 0.3528877005347593 0.1737546468401487 0.20310160427807486
0 0.7723420074349442 0.3592780748663102 0.10973977695167286 0.21588235294117647
0 0.43635687732342004 0.373288770053476 0.1812639405204461 0.2011229946524064
0 0.29081784386617104 0.40593582887700536 0.12810408921933086 0.20224598930481283
1 0.8843494423791821 0.42374331550802136 0.1404460966542751 0.2592513368983957
1 0.9640706319702601 0.4501069518716578 0.06940520446096655 0.19433155080213907
1 0.17388475836431228 0.46938502673796795 0.1470260223048327 0.23288770053475935
1 0.0837360594795539 0.5132085561497326 0.1154275092936803 0.17080213903743316