0 0.6207692307692309 0.7010355029585799 0.030836120401337794 0.07662721893491124
1 0.5922240802675585 0.7568047337278107 0.0540133779264214 0.10532544378698225
1 0.43799331103678935 0.7876035502958579 0.0465551839464883 0.06041420118343196
1 0.5447157190635452 0.7968639053254437 0.04595317725752508 0.09076923076923077
1 0.49295986622073584 0.7963313609467456 0.04946488294314381 0.08970414201183433
0 0.607257525083612 0.4168343195266272 0.043946488294314384 0.08810650887573965
0 0.3405351170568562 0.42272189349112427 0.04561872909698997 0.11171597633136095
0 0.38881270903010035 0.4261538461538461 0.05521739130434783 0.10674556213017751
0 0.5392976588628763 0.43766272189349115 0.06856187290969899 0.11792899408284023
0 0.4480602006688963 0.43488165680473373 0.06668896321070235 0.11236686390532544
0 0.6566053511705685 0.44999999999999996 0.04899665551839465 0.0834319526627219