0 0.9748201438848921 0.6574585635359116 0.050359712230215826 0.1878453038674033
0 0.9359172661870504 0.6937292817679558 0.09485611510791367 0.20513812154696134
1 0.04133093525179856 0.7064640883977901 0.08266187050359712 0.21955801104972378
1 0.6743705035971223 0.7110773480662983 0.11133093525179856 0.22878453038674032
0 0.09758992805755395 0.711049723756906 0.13043165467625897 0.2729281767955801
1 0.8823561151079137 0.7207182320441988 0.11723021582733814 0.24806629834254143
1 0.7834172661870503 0.7363812154696132 0.12798561151079135 0.29044198895027623
1 0.3309892086330935 0.7388397790055248 0.1152158273381295 0.2180110497237569
1 0.5646582733812949 0.7656629834254144 0.11492805755395684 0.26060773480662985
0 0.2068705035971223 0.7706077348066298 0.14035971223021584 0.35889502762430936
1 0.4487230215827338 0.7746132596685082 0.11327338129496402 0.2674585635359116
1 0.7756654676258993 0.275939226519337 0.1412589928057554 0.3198342541436464
1 0.6200179856115108 0.27709944751381216 0.18967625899280574 0.3111049723756906
1 0.22868705035971224 0.28845303867403316 0.14802158273381294 0.26751381215469616
1 0.4105575539568346 0.28831491712707186 0.20241007194244606 0.2893370165745856
1 0.9030035971223022 0.2937016574585635 0.10816546762589928 0.3664088397790055
1 0.08818345323741007 0.29892265193370166 0.11161870503597122 0.35475138121546956
1 0.9785611510791368 0.35140883977900556 0.0362589928057554 0.27187845303867403
1 0.024316546762589927 0.3641988950276243 0.04863309352517985 0.23116022099447517