0 0.9191176470588235 0.7027027027027027 0.16176470588235295 0.32432432432432434
0 0.7460845588235294 0.7558108108108107 0.17599264705882353 0.3656756756756757
0 0.12801470588235295 0.7581081081081081 0.10897058823529412 0.2945945945945946
0 0.5780698529411765 0.7615135135135135 0.1781985294117647 0.38789189189189194
0 0.40691176470588236 0.7696216216216216 0.1814705882352941 0.3608648648648649
0 0.2504044117647059 0.7858648648648648 0.1552205882352941 0.37172972972972973
0 0.09369485294117647 0.3864864864864865 0.09180147058823529 0.13513513513513514
0 0.41000000000000003 0.3901891891891892 0.24647058823529414 0.42362162162162165
0 0.6696323529411764 0.3996756756756757 0.25838235294117645 0.35610810810810806
0 0.8816544117647059 0.4125135135135135 0.16036764705882353 0.2844864864864865
0 0.033915441176470586 0.4368918918918919 0.06047794117647059 0.20351351351351352
0 0.21185661764705882 0.45340540540540536 0.16636029411764705 0.27978378378378377