0 0.4106727272727273 0.5483606557377049 0.0868 0.17868852459016396
0 0.32794545454545454 0.5700273224043716 0.08861818181818182 0.2110928961748634
0 0.24827272727272728 0.6232513661202186 0.09654545454545455 0.29568306010928963
0 0.18065454545454546 0.6344808743169399 0.06312727272727273 0.30721311475409835
0 0.8753818181818181 0.2662841530054645 0.0634909090909091 0.09540983606557378
0 0.6319272727272728 0.3377595628415301 0.09294545454545454 0.17278688524590163
0 0.8095636363636364 0.35054644808743174 0.07003636363636365 0.20928961748633879
0 0.5185454545454545 0.35185792349726774 0.12072727272727274 0.19005464480874318
1 0.36123636363636363 0.3603551912568306 0.1479272727272727 0.2398360655737705
0 0.7334727272727273 0.367568306010929 0.08512727272727273 0.24333333333333335
0 0.2283272727272727 0.3756284153005464 0.11483636363636363 0.23759562841530052
0 0.13310909090909093 0.4015573770491803 0.09894545454545454 0.22387978142076503
0 0.6664545454545455 0.5063934426229508 0.09654545454545455 0.20404371584699454
0 0.5748909090909091 0.514016393442623 0.08796363636363637 0.18650273224043717
0 0.4892363636363636 0.538879781420765 0.07665454545454545 0.1815846994535519