0 0.6337888198757764 0.6936538461538461 0.0004968944099378882 0.002692307692307692
0 0.4062422360248447 0.45955128205128204 0.10440993788819874 0.12423076923076923
0 0.306832298136646 0.49099358974358975 0.08571428571428572 0.1742948717948718
0 0.5363975155279503 0.49003205128205124 0.11627329192546583 0.21083333333333334
0 0.6564130434782609 0.495 0.07059006211180124 0.1823076923076923
0 0.22790372670807454 0.5230448717948718 0.10798136645962735 0.21275641025641023
0 0.7386956521739131 0.5218589743589743 0.09850931677018633 0.2103846153846154
0 0.16142857142857145 0.5412820512820513 0.07440993788819876 0.15948717948717947
0 0.3609627329192547 0.5816025641025642 0.07596273291925466 0.1632051282051282
0 0.28327639751552797 0.5863461538461539 0.0696583850931677 0.13423076923076924
0 0.43113354037267076 0.587724358974359 0.0672360248447205 0.1498076923076923
0 0.5940372670807453 0.6031730769230769 0.04521739130434783 0.12942307692307692
0 0.508416149068323 0.6094230769230768 0.078944099378882 0.1291025641025641
0 0.679472049689441 0.6296153846153846 0.07322981366459627 0.11820512820512821