0 0.9486363636363636 0.5954644808743169 0.1009090909090909 0.15267759562841532
0 0.8710909090909091 0.6951092896174863 0.12036363636363637 0.2536065573770492
0 0.0416 0.706448087431694 0.0832 0.24349726775956285
0 0.9557818181818181 0.7100273224043716 0.08610909090909091 0.11950819672131148
0 0.08943636363636363 0.7262841530054645 0.0916 0.21759562841530056
0 0.8067636363636365 0.7289617486338799 0.12261818181818182 0.2885245901639344
1 0.6133272727272727 0.7379234972677595 0.10665454545454545 0.306448087431694
1 0.40359999999999996 0.7406830601092897 0.10174545454545454 0.29010928961748633
1 0.7314545454545455 0.7410109289617486 0.12472727272727271 0.35633879781420763
1 0.5096545454545455 0.7443169398907105 0.11021818181818181 0.286448087431694
0 0.13774545454545456 0.7545081967213114 0.09367272727272728 0.25218579234972677
0 0.20432727272727272 0.7627595628415301 0.1032 0.3342622950819672
1 0.3068 0.7760928961748634 0.1045090909090909 0.30628415300546447
0 0.5623636363636364 0.3226775956284153 0.16472727272727272 0.3830601092896175
0 0.3913272727272727 0.34207650273224044 0.17174545454545453 0.3672131147540984
0 0.6999090909090909 0.3490710382513661 0.11981818181818182 0.2719125683060109
0 0.9635090909090909 0.3554644808743169 0.07247272727272727 0.27377049180327867
0 0.815309090909091 0.360327868852459 0.1178909090909091 0.32721311475409837
0 0.8960181818181818 0.3685245901639344 0.07567272727272727 0.31081967213114753
0 0.2508181818181818 0.3812568306010929 0.11618181818181818 0.24885245901639344
0 0.14283636363636365 0.3937704918032787 0.12567272727272727 0.30666666666666664
0 0.08081818181818182 0.4135792349726776 0.08163636363636363 0.2588524590163934
0 0.03281818181818182 0.4237431693989071 0.05836363636363637 0.24639344262295085