1 0.10832758620689655 0.6116379310344827 0.127 0.24626436781609196
1 0.6954827586206896 0.6514080459770115 0.11510344827586208 0.199367816091954
1 0.4376896551724138 0.6620977011494252 0.10986206896551724 0.19775862068965516
1 0.8238448275862069 0.6676724137931034 0.13044827586206895 0.2548850574712644
1 0.5508275862068965 0.6783620689655172 0.10855172413793103 0.13833333333333334
1 0.30282758620689654 0.6857758620689656 0.10910344827586207 0.1646551724137931
1 0.19644827586206895 0.7088505747126437 0.10324137931034483 0.23379310344827586
1 0.5824827586206897 0.463448275862069 0.2063448275862069 0.2832183908045977
0 0.7411206896551724 0.4724137931034483 0.11672413793103449 0.232183908045977
1 0.37482758620689655 0.49548850574712644 0.19103448275862067 0.2898275862068965
0 0.8713275862068965 0.5258908045977011 0.14955172413793102 0.3046551724137931
0 0.23153448275862068 0.5615229885057471 0.10444827586206896 0.21499999999999997