0 0.24508888888888888 0.27366666666666667 0.08128888888888888 0.07622222222222222
0 0.33326666666666666 0.2743111111111111 0.08875555555555555 0.0864
0 0.7887333333333334 0.2784 0.048577777777777775 0.05902222222222222
0 0.6590222222222222 0.27826666666666666 0.06471111111111111 0.06764444444444445
0 0.7347777777777778 0.2904444444444444 0.08288888888888889 0.08311111111111111
0 0.5439777777777778 0.29213333333333336 0.11017777777777778 0.0776
0 0.45151111111111114 0.31262222222222225 0.07635555555555555 0.11857777777777778
0 0.2259111111111111 0.32166666666666666 0.0696 0.06555555555555556
0 0.3718888888888889 0.3261555555555556 0.07711111111111112 0.1012
0 0.7417333333333332 0.32595555555555555 0.07013333333333333 0.047466666666666664
0 0.6013777777777778 0.3283333333333333 0.08275555555555555 0.08777777777777777
0 0.29400000000000004 0.3325333333333333 0.08133333333333334 0.08728888888888889
0 0.6749555555555556 0.3361555555555556 0.0788 0.06786666666666666
0 0.5285111111111112 0.3401777777777778 0.07035555555555556 0.058133333333333335