1 0.0553422619047619 0.6724832214765101 0.1106845238095238 0.32483221476510066
0 0.18849702380952382 0.6861073825503355 0.13294642857142858 0.365503355704698
0 0.3232291666666667 0.6866442953020134 0.12860119047619048 0.38
0 0.6160565476190476 0.3125838926174497 0.19044642857142857 0.37013422818791947
1 0.42794642857142856 0.3168456375838926 0.18922619047619046 0.36523489932885905
1 0.7620089285714287 0.3445302013422819 0.13711309523809523 0.34006711409395973
1 0.26791666666666664 0.36500000000000005 0.13702380952380952 0.32731543624161075
1 0.8873511904761904 0.3752013422818792 0.12589285714285714 0.3477181208053691
1 0.13223214285714285 0.40785234899328854 0.14541666666666667 0.3593288590604027
1 0.03166666666666667 0.4606711409395973 0.06333333333333334 0.14281879194630873
1 0.9375 0.6577181208053692 0.125 0.3221476510067114
0 0.7050892857142858 0.6641946308724832 0.13041666666666668 0.3619463087248322
0 0.4575 0.6659395973154362 0.11142857142857142 0.28489932885906044
1 0.8409821428571428 0.6711073825503356 0.14029761904761906 0.38919463087248324
0 0.5772321428571429 0.67 0.11875 0.3064429530201342