0 0.39288 0.3523238380809595 0.25976 0.4497751124437781
0 0.19569499999999998 0.3788455772113943 0.20339 0.3588905547226387
0 0.602245 0.38193403298350825 0.22649 0.40104947526236884
0 0.06781000000000001 0.3945877061469265 0.13562000000000002 0.4713343328335832
0 0.782435 0.45296101949025486 0.21887 0.3691904047976012
0 0.9279550000000001 0.49512743628185907 0.14391 0.4235382308845577
0 0.17968 0.8005097451274363 0.14336000000000002 0.2576911544227886
0 0.310975 0.8672188905547226 0.17595 0.2351874062968516
0 0.4485 0.8770614692653673 0.159 0.24587706146926536
0 0.5905 0.8778110944527736 0.173 0.24437781109445278
1 0.729235 0.8941154422788605 0.16247 0.21101949025487257
1 0.84333 0.8999250374812594 0.12066 0.19865067466266867