0 0.5838616714697407 0.688344827586207 0.0553314121037464 0.2180689655172414
1 0.4812968299711815 0.7037241379310344 0.06345821325648415 0.1522758620689655
0 0.6328386167146974 0.7298275862068966 0.04953890489913545 0.17689655172413793
0 0.6795533141210375 0.7339655172413793 0.04498559077809798 0.1713793103448276
0 0.4251296829971182 0.7403448275862069 0.04910662824207493 0.10137931034482758
0 0.3860086455331412 0.7491724137931034 0.03426512968299712 0.10524137931034483
0 0.7773054755043228 0.7495172413793104 0.044524495677233426 0.11972413793103448
0 0.7309942363112392 0.7566551724137931 0.055648414985590776 0.134
0 0.6431412103746398 0.566344827586207 0.09319884726224785 0.16717241379310344
0 0.7183285302593659 0.5805517241379311 0.05913544668587896 0.22317241379310346
0 0.48354466858789624 0.5804137931034482 0.06219020172910662 0.18151724137931036
0 0.7732853025936599 0.6085172413793103 0.048011527377521616 0.18255172413793103
1 0.4240057636887608 0.6195862068965517 0.05838616714697407 0.19089655172413794
0 0.38097982708933714 0.6499310344827586 0.0414985590778098 0.11365517241379311
1 0.5340057636887608 0.6710689655172414 0.053602305475504326 0.22489655172413792