1 0.8863878326996197 0.7166666666666667 0.13019011406844108 0.35000000000000003
1 0.977148288973384 0.7266406249999999 0.04555133079847909 0.27619791666666665
1 0.7655133079847908 0.7534635416666666 0.131787072243346 0.3090104166666667
1 0.6137642585551332 0.7839322916666666 0.19330798479087455 0.38036458333333334
1 0.41952471482889736 0.8053906249999999 0.20026615969581749 0.3503645833333333
1 0.13450570342205323 0.8167708333333333 0.1473384030418251 0.33145833333333335
1 0.26134980988593154 0.8222395833333334 0.11965779467680608 0.24864583333333334
1 0.04739543726235741 0.82453125 0.07958174904942966 0.2428125
1 0.9745057034220533 0.9259895833333333 0.04787072243346008 0.14364583333333333
1 0.9372623574144486 0.9348958333333334 0.07984790874524715 0.13020833333333334
1 0.8460076045627376 0.9401041666666666 0.11787072243346007 0.11979166666666667
1 0.06463878326996197 0.9635416666666666 0.09125475285171103 0.07291666666666667
1 0.7319391634980988 0.9635416666666666 0.12547528517110265 0.07291666666666667
1 0.1629657794676806 0.9679687499999999 0.09779467680608364 0.0609375
1 0.27057034220532317 0.9679687499999999 0.10007604562737643 0.0609375
0 0.8796768060836502 0.24588541666666666 0.10916349809885932 0.3251041666666667
0 0.7626235741444867 0.24567708333333335 0.11840304182509506 0.28302083333333333
0 0.9568441064638783 0.25328124999999996 0.07338403041825095 0.2461458333333333
0 0.6061596958174905 0.273671875 0.19330798479087455 0.35984375
0 0.24226235741444868 0.285234375 0.1347148288973384 0.25796875
0 0.11032319391634982 0.28867187499999997 0.1369961977186312 0.3377604166666666
0 0.41064638783269963 0.29377604166666665 0.19771863117870722 0.3271354166666667
1 0.02899239543726236 0.31307291666666665 0.05798479087452472 0.20947916666666666
1 0.952490494296578 0.42755208333333333 0.07228136882129278 0.14677083333333332
1 0.8945247148288973 0.4422395833333333 0.07802281368821293 0.11364583333333333
1 0.805361216730038 0.451875 0.11262357414448669 0.11208333333333333
1 0.10201520912547528 0.4486979166666667 0.11277566539923954 0.10572916666666667
1 0.223574144486692 0.4486979166666667 0.12775665399239544 0.10572916666666667
1 0.022623574144486694 0.461171875 0.04524714828897339 0.09942708333333333
1 0.6911977186311787 0.4638541666666667 0.1276425855513308 0.063125
1 0.34673003802281366 0.4649739583333334 0.12311787072243346 0.07578125000000001
1 0.4650380228136882 0.48359375 0.1011787072243346 0.05052083333333333