0 0.3229625 0.3860190476190476 0.068425 0.12441904761904761
0 0.2526625 0.3861809523809524 0.070325 0.12474285714285713
0 0.432525 0.39125714285714286 0.14005 0.15394285714285713
0 0.5725374999999999 0.4256 0.145075 0.14643809523809523
0 0.69611875 0.47427619047619046 0.0947375 0.11426666666666667
0 0.7893000000000001 0.5673428571428571 0.0761 0.1480190476190476
0 0.21949375 0.731904761904762 0.0889875 0.13047619047619047
1 0.30428125 0.8123238095238096 0.0760625 0.10083809523809524
1 0.38243125 0.8544380952380952 0.0823625 0.09744761904761905
1 0.465725 0.8778761904761905 0.08645 0.056704761904761904
0 0.5537375 0.8814761904761904 0.08497500000000001 0.04866666666666667