1 0.6122124999999999 0.20943333333333333 0.09442500000000001 0.12886666666666666
1 0.5718562500000001 0.2870333333333333 0.0887125 0.13073333333333334
0 0.19023125 0.2911916666666667 0.20046250000000002 0.26238333333333336
0 0.1055375 0.424525 0.16357500000000003 0.20905
1 0.7667937499999999 0.06018333333333333 0.1285875 0.12036666666666666
0 0.18883125 0.7156333333333333 0.1401625 0.18460000000000001
0 0.32043125000000006 0.7354499999999999 0.1558625 0.22089999999999999
0 0.4869 0.7562833333333333 0.1788 0.22256666666666666
0 0.96223125 0.7797166666666666 0.0744625 0.1961
0 0.6278875 0.786925 0.12077500000000001 0.19385
0 0.44101250000000003 0.0812 0.167025 0.1624
0 0.86954375 0.8054583333333333 0.1165875 0.24425000000000002
0 0.75034375 0.805825 0.1181875 0.18831666666666666
1 0.68405 0.144625 0.11560000000000001 0.17591666666666667
0 0.31679375 0.16600833333333334 0.2235875 0.30535