0 0.4271074380165289 0.41172520661157025 0.13245179063360882 0.2284090909090909
0 0.5530716253443526 0.4330681818181818 0.1336914600550964 0.23803719008264462
0 0.30547520661157024 0.43547520661157024 0.09855371900826446 0.19326446280991738
0 0.20800964187327822 0.4406301652892562 0.09921487603305786 0.24076446280991737
0 0.6761225895316805 0.48 0.10706611570247934 0.19553719008264464
0 0.7642424242424243 0.5089979338842975 0.09046831955922865 0.2287396694214876
0 0.14335399449035813 0.5398140495867768 0.06632231404958677 0.10442148760330579
0 0.8400757575757576 0.5479028925619834 0.0740909090909091 0.18258264462809917
1 0.30268595041322316 0.7036260330578512 0.09022038567493113 0.14278925619834712
1 0.3798140495867769 0.7286880165289257 0.08194214876033058 0.13919421487603306
1 0.4625895316804408 0.7337190082644628 0.09046831955922865 0.13685950413223139
1 0.5445867768595042 0.7434504132231404 0.08917355371900826 0.13979338842975206
1 0.7093595041322314 0.7475619834710744 0.07712121212121212 0.11082644628099174
1 0.6270041322314049 0.7564669421487603 0.09147382920110192 0.12450413223140495