1 0.4509718670076726 0.8013565891472868 0.08352941176470588 0.23837209302325582
1 0.38413043478260867 0.8856589147286822 0.10329923273657289 0.22093023255813954
0 0.046764705882352944 0.8953488372093024 0.09352941176470589 0.20930232558139536
0 0.5345268542199488 0.9031007751937985 0.056265984654731455 0.1937984496124031
1 0.30179028132992325 0.9263565891472868 0.08695652173913043 0.14728682170542637
1 0.9363682864450128 0.9341085271317829 0.07222506393861892 0.13178294573643412
1 0.8619053708439898 0.9482945736434109 0.08186700767263426 0.09813953488372093
1 0.2161381074168798 0.9528294573643411 0.07933503836317135 0.09170542635658915
1 0.09033248081841433 0.956046511627907 0.05278772378516624 0.08263565891472868
1 0.7780179028132992 0.9637984496124031 0.08289002557544756 0.06713178294573643
1 0.6930946291560103 0.9728682170542635 0.09718670076726342 0.05426356589147287
1 0.5524296675191815 0.9806201550387597 0.04603580562659847 0.03875968992248062
1 0.14066496163682865 0.9806201550387597 0.06649616368286446 0.03875968992248062
1 0.6074168797953964 0.9844961240310077 0.0639386189258312 0.031007751937984496
0 0.2687851662404092 0.31166666666666665 0.08744245524296675 0.3597674418604651
0 0.3481074168797954 0.3236434108527132 0.09263427109974424 0.3372093023255814
0 0.19929667519181585 0.3872480620155039 0.09168797953964195 0.34038759689922476
1 0.7603196930946292 0.3901937984496124 0.08841432225063939 0.3617829457364341
0 0.43643222506393864 0.3985658914728682 0.09025575447570332 0.33201550387596895
1 0.8470076726342711 0.42503875968992244 0.0929923273657289 0.353953488372093
1 0.6879411764705883 0.44992248062015505 0.08176470588235293 0.3417054263565891
0 0.13810741687979539 0.4680232558139535 0.09207161125319693 0.3624031007751938
1 0.6197186700767263 0.519031007751938 0.09365728900255754 0.38689922480620154
0 0.9182992327365729 0.5626744186046512 0.10258312020460358 0.36565891472868217
0 0.47868286445012787 0.5752325581395349 0.03153452685421995 0.28224806201550384
0 0.10622762148337594 0.6876356589147287 0.1050383631713555 0.3055038759689922
0 0.5666368286445013 0.7374031007751938 0.10514066496163682 0.32751937984496127
0 0.969309462915601 0.748062015503876 0.061381074168797956 0.2868217054263566