0 0.40520192307692304 0.43314285714285716 0.09117307692307691 0.202
0 0.21034615384615385 0.435625 0.09761538461538462 0.21410714285714286
0 0.14331730769230772 0.4444464285714285 0.0635576923076923 0.1460357142857143
0 0.5168461538461538 0.46125 0.10292307692307692 0.19392857142857142
0 0.305 0.4615714285714286 0.08692307692307692 0.12314285714285714
0 0.6189615384615385 0.46785714285714286 0.08407692307692308 0.17857142857142858
0 0.09015384615384615 0.47558928571428566 0.05723076923076923 0.1654642857142857
0 0.7862692307692308 0.49376785714285715 0.06484615384615385 0.15182142857142855
0 0.7113557692307692 0.49683928571428576 0.08425 0.19367857142857142
0 0.8325961538461538 0.5105714285714286 0.05365384615384615 0.13542857142857143
0 0.2791826923076923 0.6965892857142858 0.06990384615384615 0.20746428571428574
0 0.1335480769230769 0.6996964285714286 0.08632692307692308 0.14225
1 0.35806730769230766 0.7010535714285715 0.08151923076923077 0.20925000000000002
1 0.44839423076923074 0.7007142857142856 0.06217307692307692 0.18
0 0.20971153846153845 0.7038928571428572 0.06557692307692307 0.16492857142857142
1 0.5160769230769231 0.7164285714285714 0.07446153846153845 0.19714285714285715
1 0.5899134615384616 0.7185714285714285 0.08367307692307692 0.20142857142857143
0 0.6650384615384616 0.7237321428571429 0.07238461538461538 0.19032142857142856
0 0.7954423076923077 0.7337321428571428 0.08319230769230769 0.17460714285714285
0 0.7268942307692308 0.7556607142857144 0.06532692307692307 0.17560714285714285