0 0.09329545454545454 0.384 0.09063131313131313 0.10874074074074074
0 0.41021464646464645 0.38466666666666666 0.25477272727272726 0.436
0 0.6696338383838384 0.399537037037037 0.2534090909090909 0.36203703703703705
0 0.8819444444444444 0.41050000000000003 0.17297979797979798 0.30248148148148146
0 0.030075757575757575 0.4405 0.06015151515151515 0.1847037037037037
0 0.21943181818181817 0.46499999999999997 0.15603535353535353 0.27814814814814814
0 0.9137121212121212 0.696111111111111 0.17085858585858585 0.33296296296296296
0 0.7443308080808081 0.7420925925925926 0.17553030303030304 0.35085185185185186
0 0.5702020202020203 0.7508888888888889 0.16565656565656564 0.34622222222222226
0 0.1310732323232323 0.7515000000000001 0.11063131313131314 0.303
0 0.39941919191919195 0.7748888888888888 0.16752525252525252 0.34977777777777774
0 0.2506565656565657 0.7944444444444444 0.1578787878787879 0.37407407407407406