0 0.20648550724637682 0.5496994535519125 0.1086231884057971 0.20322404371584699
0 0.3098913043478261 0.5597540983606557 0.10528985507246376 0.21240437158469944
0 0.4136956521739131 0.5952459016393443 0.11 0.18502732240437159
0 0.51875 0.598087431693989 0.09547101449275362 0.21256830601092896
0 0.6079528985507245 0.6065573770491803 0.09996376811594203 0.20765027322404372
0 0.7035326086956523 0.6075956284153006 0.08822463768115943 0.1878688524590164
0 0.7501630434782608 0.6091530054644808 0.10177536231884057 0.1800546448087432
0 0.4379528985507246 0.35885245901639345 0.16576086956521738 0.28054644808743173
0 0.27509057971014494 0.3726775956284153 0.11539855072463769 0.2098360655737705
0 0.613858695652174 0.3796994535519126 0.17699275362318842 0.26759562841530055
0 0.747572463768116 0.3859562841530054 0.08934782608695652 0.2801092896174863
0 0.1218659420289855 0.5364754098360656 0.09880434782608695 0.15491803278688526