1 0.8036643835616439 0.6132267441860465 0.11417808219178083 0.22645348837209303
1 0.6844691780821918 0.6150872093023256 0.11551369863013698 0.20691860465116282
1 0.9606164383561644 0.6162790697674418 0.07876712328767123 0.10465116279069768
1 0.5769691780821917 0.6274709302325582 0.11284246575342467 0.2549418604651163
1 0.9041780821917808 0.6544186046511627 0.11657534246575342 0.21581395348837207
1 0.3469691780821918 0.6592732558139535 0.11859589041095892 0.2255232558139535
1 0.22996575342465755 0.6661627906976744 0.11746575342465752 0.21604651162790695
1 0.4666267123287671 0.6670348837209302 0.1181849315068493 0.2526744186046512
1 0.025376712328767124 0.6963081395348837 0.05075342465753425 0.12517441860465117
0 0.11655821917808218 0.7331104651162791 0.13722602739726028 0.21040697674418604
0 0.7632876712328767 0.4668023255813953 0.143013698630137 0.1777906976744186
1 0.8699315068493151 0.49 0.10287671232876712 0.18930232558139537
0 0.6078938356164384 0.5005232558139535 0.1609931506849315 0.2336046511627907
0 0.9537671232876712 0.5 0.09246575342465753 0.13953488372093023
0 0.2962328767123288 0.5017441860465116 0.1267123287671233 0.16627906976744186
0 0.44232876712328767 0.5140406976744185 0.15863013698630138 0.21412790697674416
1 0.15501712328767123 0.5584593023255814 0.1388013698630137 0.2099418604651163
0 0.05191780821917808 0.5793313953488372 0.10383561643835616 0.15866279069767442