0 0.020114942528735632 0.05740932642487047 0.040229885057471264 0.11481865284974094
0 0.9198850574712644 0.060259067357512956 0.06199233716475096 0.12051813471502591
0 0.0700191570881226 0.06606217616580311 0.07873563218390806 0.13212435233160622
0 0.8432567049808429 0.06922279792746114 0.10030651340996169 0.13844559585492228
1 0.031379310344827584 0.7017875647668393 0.06275862068965517 0.191139896373057
1 0.9726053639846743 0.7146113989637306 0.05249042145593869 0.20642487046632127
1 0.12392720306513409 0.7185233160621762 0.12524904214559385 0.22461139896373059
0 0.1646551724137931 0.07326424870466322 0.11475095785440613 0.14652849740932644
0 0.7342528735632183 0.07326424870466322 0.11984674329501917 0.11544041450777202
0 0.5917816091954022 0.07334196891191709 0.13375478927203063 0.09487046632124352
1 0.8921072796934866 0.7274870466321244 0.11371647509578545 0.22181347150259068
1 0.25689655172413794 0.7301813471502592 0.1306513409961686 0.1961139896373057
1 0.7694252873563218 0.7366580310880829 0.13655172413793104 0.19870466321243524
1 0.42226053639846745 0.7441709844559585 0.18551724137931036 0.22409326424870465
1 0.6124712643678161 0.7462435233160623 0.17513409961685825 0.2282383419689119
0 0.258544061302682 0.07787564766839378 0.11095785440613028 0.09357512953367875
1 0.033045977011494254 0.856839378238342 0.06609195402298851 0.12818652849740933
1 0.9565325670498084 0.8706994818652849 0.058659003831417623 0.12481865284974093
1 0.11042145593869732 0.8726943005181348 0.09057471264367817 0.11844559585492227
0 0.41519157088122605 0.0910621761658031 0.15605363984674328 0.1510362694300518
1 0.3462260536398467 0.8926683937823834 0.11773946360153256 0.14803108808290155
1 0.8918582375478927 0.8944818652849741 0.06724137931034484 0.11020725388601037
1 0.21818007662835248 0.8943523316062176 0.12984674329501916 0.16176165803108808
1 0.804655172413793 0.9015544041450777 0.10739463601532567 0.14507772020725387
1 0.5753448275862069 0.9095077720207254 0.09321839080459769 0.11953367875647669
1 0.465727969348659 0.9093782383419688 0.09620689655172414 0.11927461139896373
1 0.6876245210727969 0.9084974093264249 0.11088122605363986 0.1278756476683938
0 0.918007662835249 0.23277202072538858 0.1425287356321839 0.12357512953367876
0 0.08300766283524903 0.2509067357512953 0.15835249042145594 0.12875647668393783
0 0.8568773946360153 0.3149740932642487 0.08923371647509579 0.10145077720207253
0 0.1278927203065134 0.31642487046632123 0.10252873563218391 0.11471502590673575
0 0.18421455938697318 0.34536269430051814 0.09256704980842911 0.15186528497409327
0 0.7693295019157088 0.35334196891191705 0.09804597701149426 0.15746113989637306
0 0.6667049808429119 0.35290155440414506 0.10735632183908046 0.13585492227979273
0 0.2721264367816092 0.37 0.09980842911877395 0.17005181347150258
0 0.5681034482758621 0.3719689119170984 0.09406130268199234 0.10145077720207253
0 0.47151340996168584 0.37367875647668397 0.09245210727969348 0.1255958549222798
0 0.37239463601532563 0.3758290155440414 0.10111111111111111 0.14025906735751295
0 0.966896551724138 0.051761658031088086 0.06406130268199234 0.10352331606217617