0 0.150546875 0.5719289340101523 0.16046875 0.15908629441624367
0 0.83265625 0.7053807106598985 0.173125 0.17218274111675128
0 0.896796875 0.8708629441624366 0.10609375 0.12751269035532994
0 0.80091796875 0.9079441624365483 0.1096484375 0.15091370558375636
0 0.236328125 0.9111675126903553 0.11328125 0.17766497461928935
0 0.67931640625 0.912766497461929 0.1320703125 0.17071065989847717
0 0.15226562500000002 0.9227918781725888 0.07796875 0.13999999999999999
1 0.458984375 0.9314720812182741 0.12890625 0.13705583756345177
1 0.341796875 0.9314720812182741 0.11328125 0.13705583756345177
0 0.55376953125 0.18096446700507612 0.1778515625 0.17918781725888325
0 0.37673828125 0.1881472081218274 0.1519140625 0.2037055837563452
0 0.26351562500000003 0.24609137055837565 0.12859375 0.16730964467005077
0 0.68349609375 0.2445431472081218 0.1248046875 0.15406091370558375
0 0.7711328125 0.3321573604060914 0.112578125 0.1363959390862944
0 0.18373046875 0.3748223350253807 0.1487109375 0.21157360406091372