0 0.031363636363636364 0.6319109947643978 0.06272727272727273 0.1643455497382199
0 0.2725757575757576 0.6535078534031413 0.15878787878787878 0.24942408376963351
0 0.10312500000000001 0.6559685863874345 0.18352272727272728 0.29623036649214657
1 0.5935227272727273 0.6789267015706807 0.16431818181818184 0.25837696335078536
1 0.9242424242424242 0.680628272251309 0.15151515151515152 0.33507853403141363
1 0.7634469696969698 0.6808115183246073 0.16325757575757577 0.2830890052356021
1 0.4313257575757576 0.681675392670157 0.15053030303030304 0.2743455497382199
1 0.8404545454545455 0.38222513089005233 0.17333333333333334 0.30371727748691096
0 0.6355492424242424 0.39578534031413615 0.21806818181818183 0.28895287958115184
1 0.17698863636363638 0.39727748691099474 0.16458333333333333 0.2500523560209424
0 0.3790909090909091 0.4007853403141361 0.22030303030303028 0.29895287958115185
1 0.043522727272727275 0.42557591623036645 0.08704545454545455 0.2542931937172775
1 0.9715909090909091 0.4607329842931937 0.056818181818181816 0.16753926701570682