0 0.5534051222351571 0.711078167115903 0.01949941792782305 0.04210242587601078
0 0.5266530849825378 0.7213477088948788 0.035844004656577416 0.08420485175202155
0 0.48344586728754363 0.7241374663072776 0.04488940628637952 0.07900269541778976
0 0.4514260768335273 0.7252560646900269 0.03207217694994179 0.06506738544474394
0 0.5800000000000001 0.7303099730458221 0.03543655413271246 0.08056603773584906
0 0.41429569266589056 0.7529245283018867 0.0439580908032596 0.08266846361185984
1 0.5485448195576251 0.7735175202156335 0.02840512223515716 0.07533692722371968
1 0.570314318975553 0.7737196765498653 0.02770663562281723 0.06495956873315364
1 0.4930034924330617 0.7792318059299193 0.029080325960419092 0.059811320754716985
1 0.4661350407450524 0.7809433962264152 0.033550640279394646 0.07401617250673855
1 0.520209545983702 0.7820350404312668 0.029941792782305004 0.05463611859838275
1 0.43667636786961583 0.7834636118598384 0.03749708963911525 0.07366576819407007
1 0.3993597206053551 0.8063072776280323 0.028055878928987196 0.0492722371967655