1 0.1804 0.8195628415300545 0.13534545454545455 0.2183606557377049
1 0.31383636363636364 0.8631967213114754 0.1404 0.22912568306010928
1 0.4490727272727273 0.8753005464480875 0.14178181818181818 0.20961748633879781
1 0.5901636363636364 0.8886885245901639 0.14032727272727274 0.21453551912568306
1 0.7236363636363636 0.9098360655737705 0.15272727272727274 0.18032786885245902
1 0.8425454545454545 0.9128415300546449 0.09236363636363636 0.15355191256830603
0 0.38954545454545453 0.35131147540983604 0.21181818181818182 0.36382513661202187
0 0.6012727272727273 0.3878688524590163 0.2061818181818182 0.3713661202185792
0 0.18812727272727273 0.3898633879781421 0.13625454545454546 0.3097814207650273
0 0.059218181818181816 0.3915027322404372 0.11843636363636363 0.40049180327868855
0 0.7894181818181818 0.46114754098360655 0.18247272727272726 0.3102732240437159
0 0.924690909090909 0.5079234972677595 0.14756363636363637 0.37103825136612023