1 0.30342 0.2912075848303393 0.020173333333333335 0.08341317365269461
1 0.32116 0.30439121756487025 0.023653333333333332 0.09780439121756487
1 0.35184666666666664 0.31187624750499005 0.03436 0.11277445109780439
1 0.6871266666666667 0.31786427145708585 0.02492 0.07684630738522955
1 0.66634 0.3199600798403194 0.03134666666666667 0.07704590818363274
1 0.6410866666666667 0.3210479041916168 0.042173333333333334 0.10317365269461078
1 0.4563466666666667 0.3298303393213573 0.07536000000000001 0.14868263473053892
1 0.5979666666666666 0.3314271457085829 0.0466 0.12393213572854292
1 0.39458666666666664 0.33192614770459083 0.04784 0.11295409181636727
1 0.5351933333333333 0.33312375249501003 0.08372 0.13930139720558884
1 0.3527133333333334 0.3861177644710579 0.03076 0.04968063872255489
1 0.6740733333333333 0.3907185628742515 0.04414666666666667 0.09081836327345309
1 0.64208 0.3967065868263473 0.04416 0.1027944111776447
1 0.3905666666666667 0.4013872255489022 0.03713333333333334 0.060259481037924154
1 0.43582 0.41087824351297403 0.05030666666666666 0.0592814371257485
1 0.4784666666666667 0.4161676646706587 0.04226666666666667 0.06986027944111776
1 0.5687733333333334 0.4171656686626746 0.04688 0.06387225548902195
1 0.6072933333333334 0.4195508982035928 0.038586666666666665 0.06065868263473054
1 0.5253266666666667 0.4230538922155688 0.05332 0.05568862275449102