0 0.8705272727272728 0.6116666666666667 0.1774181818181818 0.2069398907103825
0 0.10376363636363636 0.6695628415300546 0.20752727272727273 0.15879781420765027
0 0.08825454545454545 0.7338524590163934 0.1765090909090909 0.15622950819672132
0 0.9086363636363637 0.7752459016393443 0.1809090909090909 0.18437158469945356
0 0.9581818181818181 0.9043715846994536 0.08363636363636363 0.1912568306010929
0 0.4291090909090909 0.2801092896174863 0.13821818181818182 0.12306010928961748
0 0.5884 0.28153005464480874 0.14407272727272727 0.14775956284153005
0 0.3009636363636364 0.3466393442622951 0.10738181818181819 0.1359016393442623
0 0.7223636363636364 0.35945355191256834 0.10654545454545455 0.1724590163934426
0 0.18336363636363634 0.4267486338797814 0.134 0.24147540983606555
0 0.8260363636363636 0.47144808743169403 0.13207272727272729 0.2215846994535519
0 0.13794545454545457 0.5349453551912569 0.17407272727272727 0.21743169398907103