0 0.55675 0.5975595238095238 0.0535 0.05226190476190476
1 0.5970666666666666 0.602797619047619 0.027466666666666667 0.05083333333333333
1 0.6316166666666667 0.614702380952381 0.029900000000000003 0.05083333333333333
1 0.2857166666666667 0.614702380952381 0.0381 0.05083333333333333
1 0.4083833333333333 0.5158333333333334 0.0901 0.1030952380952381
1 0.5811666666666666 0.5273214285714286 0.048999999999999995 0.09035714285714286
1 0.31165000000000004 0.534702380952381 0.0633 0.0813095238095238
1 0.6273 0.5444940476190476 0.04126666666666667 0.10089285714285715
1 0.26531666666666665 0.553422619047619 0.0373 0.07113095238095238
1 0.6629166666666667 0.5569047619047619 0.025833333333333333 0.09
1 0.49504999999999993 0.5913095238095238 0.056766666666666674 0.07547619047619047
0 0.37685 0.5900000000000001 0.04703333333333333 0.06095238095238095
0 0.42635 0.5907440476190476 0.052700000000000004 0.06244047619047619
1 0.3332 0.5929166666666666 0.039733333333333336 0.0667857142857143