0 0.34164259927797835 0.41046703296703296 0.0695667870036101 0.10664835164835165
0 0.2750361010830325 0.41343406593406595 0.06631768953068592 0.0906043956043956
0 0.42592057761732854 0.42244505494505497 0.09371841155234657 0.1306043956043956
0 0.5353429602888087 0.42744505494505497 0.09595667870036101 0.1296153846153846
0 0.6285198555956678 0.4337912087912088 0.07292418772563176 0.08736263736263737
0 0.2171841155234657 0.4412087912087912 0.03725631768953069 0.08021978021978021
0 0.7046028880866426 0.44670329670329667 0.07346570397111914 0.08021978021978021
0 0.7818772563176896 0.45840659340659345 0.061949458483754515 0.07065934065934065
0 0.31402527075812275 0.4811263736263736 0.06487364620938628 0.13807692307692307
0 0.24978339350180503 0.4891483516483517 0.05913357400722021 0.12115384615384615
0 0.37879061371841155 0.49436813186813183 0.06444043321299639 0.10961538461538461
0 0.7412815884476535 0.49892857142857144 0.08906137184115524 0.11873626373626374
1 0.6626534296028881 0.49607142857142855 0.07620938628158845 0.156978021978022
1 0.5176353790613718 0.5046428571428572 0.06776173285198556 0.11917582417582419
1 0.5951805054151625 0.511978021978022 0.0640072202166065 0.11186813186813187
0 0.4415342960288809 0.5166483516483517 0.0671841155234657 0.07725274725274725