0 0.8598359375 0.4152368421052631 0.14154687500000002 0.21468421052631578
0 0.23025 0.41943421052631574 0.10425 0.17044736842105263
0 0.0416796875 0.4246973684210526 0.083359375 0.17044736842105263
0 0.11402343749999999 0.4260131578947368 0.146796875 0.19939473684210526
0 0.736828125 0.4348815789473684 0.11740625 0.19081578947368422
0 0.3715078125 0.4650131578947368 0.124265625 0.23002631578947366
0 0.54840625 0.46621052631578946 0.14681249999999998 0.22189473684210526
0 0.8607578124999999 0.5222631578947369 0.09964062500000001 0.13926315789473684
0 0.6504531250000001 0.5239736842105264 0.08840624999999999 0.19531578947368422
0 0.31540625 0.5254736842105263 0.0870625 0.21410526315789474
0 0.20635937499999998 0.5402236842105264 0.09709375 0.1804473684210526
0 0.7816171875 0.5461973684210526 0.113234375 0.13976315789473684
0 0.4258515625 0.5537894736842105 0.095453125 0.18126315789473682
0 0.5331015625 0.55725 0.113078125 0.15660526315789472