1 0.2983090909090909 0.6905464480874317 0.08025454545454545 0.1351912568306011
1 0.37734545454545454 0.7269125683060109 0.07832727272727272 0.14234972677595628
0 0.45936363636363636 0.7303005464480875 0.08963636363636363 0.1381967213114754
0 0.5463818181818182 0.7433060109289618 0.08185454545454546 0.14234972677595628
1 0.7076363636363636 0.7530874316939891 0.05527272727272727 0.09633879781420765
1 0.6308727272727273 0.7566939890710382 0.09083636363636363 0.11448087431693989
0 0.42574545454545454 0.41155737704918033 0.12421818181818181 0.23295081967213116
0 0.5525272727272728 0.4275136612021858 0.12323636363636364 0.24300546448087432
0 0.3048181818181818 0.4362841530054645 0.086 0.18404371584699453
0 0.2051090909090909 0.43614754098360653 0.09749090909090909 0.24934426229508197
0 0.6727090909090909 0.47699453551912563 0.0945090909090909 0.19989071038251366
0 0.7675272727272727 0.5008743169398907 0.08778181818181818 0.22579234972677595
0 0.8445636363636363 0.5454371584699453 0.060036363636363645 0.20562841530054646