0 0.1214878892733564 0.3327873563218391 0.05612456747404844 0.11385057471264368
0 0.8236678200692041 0.3722413793103448 0.09024221453287197 0.12379310344827586
0 0.1723356401384083 0.37890804597701155 0.05401384083044983 0.0796551724137931
0 0.24811418685121106 0.40436781609195405 0.06024221453287197 0.10758620689655171
0 0.32634948096885813 0.40540229885057466 0.09214532871972318 0.13264367816091954
0 0.42472318339100346 0.42999999999999994 0.10896193771626297 0.14735632183908046
0 0.5591349480968858 0.4451724137931035 0.10096885813148788 0.15471264367816093
0 0.6552941176470588 0.44931034482758625 0.07875432525951558 0.13999999999999999
0 0.7343425605536332 0.4470977011494253 0.07076124567474049 0.13557471264367815
0 0.15821799307958478 0.4599137931034483 0.1295847750865052 0.18419540229885056
0 0.816833910034602 0.4693390804597701 0.0973356401384083 0.13408045977011493
1 0.26877162629757784 0.5076724137931035 0.08771626297577856 0.15327586206896554
1 0.35153979238754324 0.5418390804597701 0.06640138408304498 0.1296551724137931
1 0.5083910034602076 0.5492241379310344 0.05484429065743945 0.14442528735632185
1 0.5867301038062284 0.5618965517241379 0.05927335640138408 0.12379310344827586
1 0.4272145328719723 0.5605747126436781 0.06550173010380622 0.13264367816091954
1 0.6676297577854671 0.564683908045977 0.06190311418685121 0.11787356321839082