0 0.6282490974729242 0.6167857142857143 0.15902527075812273 0.22258241758241756
0 0.8283032490974729 0.6256593406593407 0.22700361010830325 0.1634065934065934
0 0.46989169675090253 0.6586263736263737 0.15277978339350182 0.2732967032967033
1 0.09505415162454874 0.6641208791208791 0.03126353790613719 0.1634065934065934
0 0.3319675090252708 0.6655494505494505 0.12241877256317689 0.2212087912087912
1 0.22415162454873647 0.6690384615384616 0.08729241877256318 0.19521978021978023
0 0.14463898916967508 0.6682967032967033 0.06545126353790613 0.19373626373626374
0 0.21276173285198557 0.398489010989011 0.1439350180505415 0.3354395604395604
0 0.5196570397111913 0.41035714285714286 0.1584476534296029 0.3152197802197802
0 0.08435018050541516 0.41541208791208795 0.10371841155234657 0.2813736263736264
0 0.35581227436823104 0.4240934065934066 0.15566787003610108 0.2877472527472527
0 0.6798194945848376 0.4690659340659341 0.13942238267148013 0.1908791208791209
0 0.8617328519855595 0.47098901098901097 0.21444043321299638 0.17274725274725275