0 0.95 0.6575 0.1 0.285
1 0.8719499999999999 0.6990500000000001 0.11723333333333334 0.2681
1 0.049666666666666665 0.70095 0.09933333333333333 0.2519
1 0.08831666666666665 0.733 0.08996666666666667 0.226
1 0.13496666666666668 0.734675 0.10326666666666667 0.21935
1 0.7345833333333334 0.738125 0.12916666666666668 0.33625
0 0.606 0.7392 0.10533333333333333 0.3184
0 0.8056833333333333 0.7382 0.13136666666666666 0.3064
1 0.4059 0.7428 0.09846666666666666 0.2956
1 0.5041833333333333 0.7478 0.1017 0.2956
1 0.20729999999999998 0.7608750000000001 0.10793333333333334 0.33175
1 0.3041333333333333 0.773625 0.10826666666666665 0.29725
0 0.5660499999999999 0.30935 0.15876666666666667 0.3987
0 0.3987833333333333 0.336025 0.17090000000000002 0.36205
0 0.70225 0.34269999999999995 0.11116666666666668 0.2754
0 0.9680833333333334 0.349925 0.06283333333333334 0.26985
0 0.8181 0.36700000000000005 0.12953333333333333 0.314
0 0.9052 0.37295 0.09040000000000001 0.2959
0 0.24808333333333332 0.38144999999999996 0.1095 0.2529
0 0.14471666666666666 0.39394999999999997 0.12943333333333332 0.3079
0 0.08145000000000001 0.4142 0.0829 0.26839999999999997
0 0.03456666666666666 0.42127499999999996 0.06246666666666666 0.24255