1 0.158675 0.7342907801418439 0.10735 0.24872340425531916
1 0.05525 0.7492198581560283 0.1105 0.179290780141844
0 0.758225 0.44131205673758866 0.13645 0.23014184397163123
0 0.581125 0.4612765957446808 0.17225000000000001 0.24170212765957447
0 0.393275 0.4648936170212766 0.18655000000000002 0.24893617021276596
0 0.887 0.4709929078014184 0.114 0.21858156028368794
0 0.9738 0.4785106382978723 0.047599999999999996 0.19106382978723405
0 0.213 0.499645390070922 0.156 0.2475177304964539
0 0.07355 0.5296808510638298 0.1471 0.2224822695035461
0 0.8136 0.6495390070921986 0.1272 0.2494326241134752
0 0.9342 0.6595035460992907 0.1084 0.1700709219858156
1 0.687325 0.6666666666666666 0.12465 0.22695035460992907
1 0.550975 0.6718085106382978 0.12195 0.1946808510638298
1 0.287375 0.694468085106383 0.12475 0.2541843971631206
1 0.415625 0.6982624113475178 0.13125 0.21921985815602837