1 0.9287709497206704 0.7029914529914529 0.10893854748603352 0.21794871794871795
1 0.6578212290502793 0.7094017094017094 0.12569832402234637 0.23931623931623933
1 0.8743016759776536 0.7136752136752137 0.12849162011173185 0.2564102564102564
1 0.09217877094972067 0.7243589743589743 0.13966480446927373 0.2863247863247863
1 0.3324022346368715 0.7414529914529915 0.11731843575418995 0.23504273504273504
1 0.7891061452513967 0.7521367521367521 0.1424581005586592 0.3333333333333333
1 0.5670391061452514 0.7628205128205128 0.12290502793296089 0.2692307692307692
1 0.19972067039106145 0.7756410256410257 0.14804469273743018 0.3803418803418803
1 0.44553072625698326 0.7841880341880342 0.11452513966480447 0.3034188034188034
1 0.7737430167597765 0.27350427350427353 0.13966480446927373 0.2905982905982906
1 0.40502793296089384 0.2799145299145299 0.20670391061452514 0.2948717948717949
1 0.22625698324022347 0.28846153846153844 0.1564245810055866 0.2692307692307692
1 0.6089385474860335 0.2905982905982906 0.2011173184357542 0.27350427350427353
1 0.08659217877094973 0.2905982905982906 0.12849162011173185 0.358974358974359
1 0.9022346368715084 0.29273504273504275 0.12849162011173185 0.34615384615384615