0 0.4313953488372093 0.3115727002967359 0.1697674418604651 0.21364985163204747
0 0.09651162790697675 0.35311572700296734 0.1372093023255814 0.314540059347181
0 0.23488372093023255 0.35756676557863504 0.17209302325581396 0.2403560830860534
0 0.6511627906976745 0.3694362017804154 0.20465116279069767 0.2522255192878338
0 0.8104651162790698 0.38427299703264095 0.1325581395348837 0.16913946587537093
0 0.8930232558139535 0.4287833827893175 0.17674418604651163 0.2878338278931751
0 0.44534883720930235 0.5192878338278932 0.12325581395348838 0.21364985163204747
0 0.5604651162790698 0.5326409495548962 0.12558139534883722 0.228486646884273
0 0.3174418604651163 0.5385756676557863 0.12790697674418605 0.2403560830860534
0 0.6813953488372093 0.5712166172106825 0.11162790697674418 0.21068249258160238
0 0.18604651162790697 0.599406528189911 0.15348837209302327 0.22551928783382788
0 0.8 0.612759643916914 0.13953488372093023 0.27002967359050445
0 0.0755813953488372 0.6231454005934718 0.1186046511627907 0.19584569732937684
0 0.8895348837209303 0.6320474777448071 0.09534883720930233 0.21364985163204747