1 0.16666666666666666 0.4035714285714286 0.1076923076923077 0.12857142857142856
1 0.8576923076923076 0.40714285714285714 0.06923076923076923 0.08571428571428572
1 0.4423076923076923 0.4125 0.11025641025641025 0.20357142857142857
1 0.22564102564102564 0.4142857142857143 0.041025641025641026 0.11428571428571428
1 0.558974358974359 0.4160714285714286 0.11282051282051282 0.175
1 0.2705128205128205 0.425 0.07435897435897436 0.15714285714285714
1 0.658974358974359 0.4303571428571429 0.08205128205128205 0.16785714285714284
1 0.7782051282051282 0.43392857142857144 0.04358974358974359 0.13214285714285715
1 0.3474358974358974 0.4357142857142857 0.08461538461538462 0.16428571428571428
1 0.7256410256410256 0.4375 0.06666666666666667 0.16785714285714284
1 0.1576923076923077 0.4767857142857143 0.07948717948717948 0.09642857142857143
1 0.21666666666666667 0.4875 0.04358974358974359 0.060714285714285714
1 0.8474358974358974 0.48928571428571427 0.08974358974358974 0.08571428571428572
1 0.258974358974359 0.5196428571428572 0.05641025641025641 0.08928571428571429
1 0.7576923076923077 0.5267857142857143 0.04871794871794872 0.075
1 0.691025641025641 0.5357142857142857 0.0641025641025641 0.11428571428571428