1 0.08986928104575163 0.28431372549019607 0.17320261437908496 0.24618736383442266
1 0.6650326797385621 0.3888888888888889 0.17647058823529413 0.23311546840958605
0 0.29330065359477125 0.5239651416122004 0.2042483660130719 0.22875816993464052
1 0.7794117647058824 0.5490196078431373 0.22875816993464052 0.2701525054466231
1 0.35049019607843135 0.6481481481481481 0.14869281045751634 0.15904139433551198
1 0.8741830065359477 0.6623093681917211 0.14705882352941177 0.1786492374727669
1 0.3382352941176471 0.0718954248366013 0.0784313725490196 0.1437908496732026
1 0.3880718954248366 0.7483660130718954 0.13562091503267973 0.16775599128540306
1 0.9338235294117647 0.7570806100217865 0.12908496732026145 0.16775599128540306
1 0.3815359477124183 0.8387799564270153 0.10294117647058823 0.1830065359477124
1 0.9485294117647058 0.8627450980392157 0.10294117647058823 0.16122004357298475
1 0.34395424836601307 0.9193899782135077 0.08660130718954248 0.16122004357298475
1 0.670751633986928 0.11546840958605664 0.16830065359477125 0.2222222222222222
1 0.2834967320261438 0.12309368191721133 0.08333333333333333 0.21568627450980393
1 0.20261437908496732 0.19498910675381265 0.1437908496732026 0.2636165577342048
1 0.5890522875816994 0.21568627450980393 0.16830065359477125 0.2657952069716776