1 0.5590625 0.5051813471502591 0.091875 0.10535405872193437
1 0.479375 0.48661485319516407 0.08 0.08894645941278066
1 0.4075 0.48661485319516407 0.0625 0.08376511226252159
1 0.345 0.47711571675302245 0.06625 0.09585492227979274
1 0.6328125 0.49697754749568224 0.055625 0.07167530224525043
1 0.6859375 0.48618307426597585 0.059375 0.06735751295336788
0 0.7378125 0.4309153713298791 0.063125 0.08117443868739206
0 0.6771875 0.4218480138169257 0.070625 0.07167530224525043
0 0.5828125 0.4183937823834197 0.094375 0.09412780656303972
0 0.4871875 0.4162348877374784 0.090625 0.07944732297063903
1 0.404375 0.401986183074266 0.07125 0.08376511226252159
1 0.3353125 0.3950777202072539 0.066875 0.07858376511226252