0 0.3753125 0.49264069264069266 0.068125 0.09177489177489177
0 0.625 0.4961038961038961 0.06375 0.09523809523809523
0 0.3046875 0.5064935064935064 0.069375 0.08658008658008658
0 0.68625 0.5108225108225108 0.0525 0.1038961038961039
0 0.25375 0.5246753246753246 0.04375 0.06926406926406926
0 0.7296875 0.5303030303030303 0.043125 0.08917748917748917
1 0.3959375 0.564935064935065 0.068125 0.09437229437229437
1 0.3325 0.570995670995671 0.06 0.09783549783549783
1 0.5846875 0.5757575757575758 0.069375 0.1038961038961039
1 0.6409375 0.5783549783549784 0.056875 0.09177489177489177
1 0.5196875 0.5813852813852813 0.071875 0.09090909090909091
1 0.4465625 0.5835497835497836 0.073125 0.08138528138528138
0 0.2771875 0.5874458874458874 0.059375 0.07878787878787878
1 0.6965625 0.6017316017316018 0.064375 0.08484848484848485
0 0.7453125 0.606926406926407 0.058125 0.06060606060606061