1 0.5125 0.4173611111111111 0.0625 0.1125
0 0.56875 0.4222222222222222 0.0515625 0.10277777777777777
0 0.619921875 0.42430555555555555 0.05078125 0.11805555555555555
0 0.43984375 0.425 0.071875 0.10833333333333334
0 0.662109375 0.4361111111111111 0.04921875 0.11388888888888889
0 0.3875 0.4388888888888889 0.0421875 0.10277777777777777
0 0.343359375 0.44930555555555557 0.04609375 0.12083333333333333
1 0.696875 0.45069444444444445 0.03125 0.09027777777777778
0 0.314453125 0.4708333333333333 0.03828125 0.10277777777777777
0 0.600390625 0.5034722222222222 0.05234375 0.10416666666666667
0 0.553515625 0.5041666666666667 0.04609375 0.09166666666666666
1 0.509765625 0.5076388888888889 0.04140625 0.07361111111111111
1 0.4640625 0.5131944444444444 0.0453125 0.0763888888888889
0 0.420703125 0.5152777777777777 0.04296875 0.075
0 0.688671875 0.5201388888888889 0.04140625 0.07083333333333333
0 0.64765625 0.5215277777777778 0.0484375 0.09027777777777778
0 0.379296875 0.5256944444444445 0.04609375 0.10972222222222222
0 0.341015625 0.5430555555555555 0.03359375 0.08611111111111111
0 0.312109375 0.5506944444444445 0.03671875 0.06527777777777778