1 0.7881231671554252 0.4107142857142857 0.051319648093841645 0.2
0 0.27126099706744866 0.41964285714285715 0.04105571847507331 0.18928571428571428
0 0.2316715542521994 0.42678571428571427 0.04398826979472141 0.21071428571428572
1 0.7426686217008798 0.42678571428571427 0.054252199413489736 0.225
1 0.8826979472140762 0.4303571428571429 0.06744868035190615 0.1392857142857143
1 0.7052785923753666 0.4392857142857143 0.04105571847507331 0.22857142857142856
1 0.6744868035190615 0.49107142857142855 0.03225806451612903 0.24642857142857144
1 0.876099706744868 0.5017857142857143 0.06598240469208211 0.16785714285714284
1 0.3944281524926686 0.5642857142857143 0.0469208211143695 0.1357142857142857
1 0.8782991202346041 0.6035714285714285 0.03812316715542522 0.14285714285714285
1 0.8504398826979472 0.6589285714285714 0.04105571847507331 0.175
1 0.3944281524926686 0.6625 0.026392961876832845 0.14642857142857144
0 0.36070381231671556 0.6857142857142857 0.04985337243401759 0.17857142857142858
1 0.8093841642228738 0.725 0.05571847507331378 0.17857142857142858
1 0.6180351906158358 0.7375 0.051319648093841645 0.175
0 0.32331378299120234 0.7571428571428571 0.06598240469208211 0.2
1 0.7470674486803519 0.7625 0.07771260997067449 0.225
1 0.6722873900293255 0.7642857142857142 0.07771260997067449 0.19285714285714287
0 0.26392961876832843 0.7857142857142857 0.08211143695014662 0.22857142857142856
1 0.1906158357771261 0.825 0.07331378299120235 0.17142857142857143
1 0.782991202346041 0.14285714285714285 0.093841642228739 0.15714285714285714
1 0.8658357771260997 0.3517857142857143 0.06304985337243402 0.16071428571428573