0 0.6775 0.29353932584269665 0.10166666666666667 0.2949438202247191
0 0.29333333333333333 0.3047752808988764 0.1 0.27808988764044945
0 0.41083333333333333 0.3103932584269663 0.14833333333333334 0.2949438202247191
0 0.7733333333333333 0.31179775280898875 0.09333333333333334 0.29213483146067415
0 0.5575 0.3146067415730337 0.14833333333333334 0.3089887640449438
0 0.195 0.3188202247191011 0.09333333333333334 0.27808988764044945
0 0.8975 0.3441011235955056 0.06833333333333333 0.23314606741573032
0 0.8433333333333334 0.3455056179775281 0.07333333333333333 0.24719101123595505
0 0.9466666666666667 0.3497191011235955 0.043333333333333335 0.199438202247191
0 0.14 0.35674157303370785 0.07333333333333333 0.25280898876404495
0 0.0575 0.37359550561797755 0.04833333333333333 0.20786516853932585
0 0.09333333333333334 0.375 0.06333333333333334 0.21067415730337077
0 0.9475 0.5969101123595506 0.09166666666666666 0.1544943820224719
0 0.050833333333333335 0.598314606741573 0.085 0.14606741573033707
0 0.09583333333333334 0.6334269662921348 0.085 0.1601123595505618
1 0.8941666666666667 0.6348314606741573 0.09833333333333333 0.1797752808988764
0 0.15166666666666667 0.6376404494382022 0.08 0.19662921348314608
1 0.8333333333333334 0.6446629213483146 0.09 0.2050561797752809
0 0.19083333333333333 0.6544943820224719 0.10166666666666667 0.25280898876404495
0 0.7816666666666666 0.6573033707865169 0.1 0.2640449438202247
1 0.3408333333333333 0.675561797752809 0.09166666666666666 0.2556179775280899
0 0.24833333333333332 0.6769662921348315 0.1 0.28651685393258425
1 0.43166666666666664 0.6769662921348315 0.08333333333333333 0.23595505617977527
0 0.71 0.6811797752808989 0.10333333333333333 0.32865168539325845
0 0.6141666666666666 0.6952247191011236 0.10833333333333334 0.31179775280898875
0 0.5175 0.6980337078651685 0.095 0.300561797752809