0 0.18777777777777777 0.44370860927152317 0.1 0.17880794701986755
0 0.2811111111111111 0.47516556291390727 0.09555555555555556 0.1490066225165563
0 0.54 0.4867549668874172 0.14222222222222222 0.10596026490066225
0 0.3977777777777778 0.49337748344370863 0.14222222222222222 0.1456953642384106
0 0.6711111111111111 0.49503311258278143 0.08888888888888889 0.08940397350993377
0 0.7711111111111111 0.5033112582781457 0.09333333333333334 0.152317880794702
1 0.25666666666666665 0.543046357615894 0.08666666666666667 0.12582781456953643
1 0.3522222222222222 0.5629139072847682 0.08666666666666667 0.12582781456953643
1 0.44333333333333336 0.5761589403973509 0.08666666666666667 0.11920529801324503
1 0.72 0.5910596026490066 0.08444444444444445 0.1357615894039735
1 0.63 0.5927152317880795 0.08666666666666667 0.1456953642384106
1 0.5333333333333333 0.5993377483443708 0.08888888888888889 0.13245033112582782