1 0.9186135181975736 0.34935064935064936 0.043327556325823226 0.17922077922077922
1 0.8760831889081456 0.35194805194805195 0.043327556325823226 0.2
1 0.8258232235701907 0.38181818181818183 0.06412478336221837 0.2077922077922078
1 0.11611785095320624 0.39090909090909093 0.058925476603119586 0.17922077922077922
1 0.1611785095320624 0.4 0.045060658578856154 0.17142857142857143
1 0.19844020797227035 0.41688311688311686 0.05719237435008666 0.19480519480519481
1 0.7504332755632582 0.43246753246753245 0.07972270363951472 0.21558441558441557
1 0.25909878682842286 0.43506493506493504 0.06759098786828423 0.24155844155844156
1 0.67157712305026 0.44935064935064933 0.08492201039861352 0.22337662337662337
1 0.43674176776429807 0.45584415584415583 0.12824956672443674 0.24675324675324675
1 0.5649913344887348 0.45714285714285713 0.12824956672443674 0.23376623376623376
1 0.3292894280762565 0.4584415584415584 0.0831889081455806 0.21038961038961038
1 0.8856152512998267 0.4974025974025974 0.06239168110918544 0.1012987012987013
1 0.8275563258232236 0.5376623376623376 0.053726169844020795 0.12987012987012986
1 0.15077989601386482 0.548051948051948 0.04852686308492201 0.13506493506493505
1 0.19324090121317158 0.561038961038961 0.03986135181975736 0.12467532467532468
1 0.7772963604852686 0.5662337662337662 0.06759098786828423 0.12987012987012986
1 0.2391681109185442 0.5922077922077922 0.058925476603119586 0.13506493506493505
1 0.7036395147313691 0.6 0.07972270363951472 0.13506493506493505
1 0.3024263431542461 0.6116883116883117 0.07105719237435008 0.14805194805194805
1 0.6230502599653379 0.6194805194805195 0.07105719237435008 0.14805194805194805
1 0.37954939341421146 0.6272727272727273 0.0831889081455806 0.14285714285714285
1 0.45667244367417675 0.6337662337662338 0.08145580589254767 0.13506493506493505
1 0.5407279029462738 0.6376623376623377 0.08665511265164645 0.13246753246753246