1 0.7733333333333333 0.47333333333333333 0.03333333333333333 0.08444444444444445
1 0.22166666666666668 0.47333333333333333 0.03 0.09333333333333334
1 0.7233333333333334 0.4822222222222222 0.06666666666666667 0.1111111111111111
1 0.6583333333333333 0.49333333333333335 0.07 0.10666666666666667
1 0.5916666666666667 0.4955555555555556 0.06333333333333334 0.12
1 0.26 0.4955555555555556 0.04 0.10222222222222223
1 0.37166666666666665 0.5022222222222222 0.09 0.13333333333333333
1 0.44166666666666665 0.5044444444444445 0.07666666666666666 0.1288888888888889
1 0.30333333333333334 0.5044444444444445 0.05333333333333334 0.12
1 0.52 0.5066666666666667 0.09333333333333334 0.14222222222222222
1 0.715 0.3466666666666667 0.06333333333333334 0.1688888888888889
1 0.26166666666666666 0.3511111111111111 0.043333333333333335 0.17777777777777778
1 0.7716666666666666 0.35333333333333333 0.05 0.15555555555555556
1 0.6416666666666667 0.35555555555555557 0.07666666666666666 0.16
1 0.22333333333333333 0.35555555555555557 0.03333333333333333 0.1511111111111111
1 0.32166666666666666 0.35555555555555557 0.08333333333333333 0.1688888888888889
1 0.42333333333333334 0.36 0.12 0.18666666666666668
1 0.5466666666666666 0.36444444444444446 0.12 0.18666666666666668