0 0.6675 0.4033333333333333 0.1125 0.15
0 0.245625 0.41 0.10625 0.13333333333333333
0 0.5325 0.415 0.1325 0.14666666666666667
0 0.365 0.42 0.1375 0.13333333333333333
0 0.783125 0.435 0.12375 0.16666666666666666
0 0.140625 0.44083333333333335 0.10625 0.17166666666666666
1 0.859375 0.44333333333333336 0.07375 0.12
0 0.418125 0.5791666666666667 0.09125 0.11166666666666666
0 0.508125 0.5883333333333334 0.08375 0.13
0 0.323125 0.5941666666666666 0.07875 0.14833333333333334
0 0.598125 0.5941666666666666 0.08875 0.14833333333333334
0 0.7 0.6025 0.105 0.17166666666666666
0 0.2375 0.6083333333333333 0.0975 0.16666666666666666
0 0.176875 0.6225 0.07125 0.12166666666666667
0 0.845625 0.6283333333333333 0.05625 0.08333333333333333
0 0.78875 0.6316666666666667 0.08 0.10333333333333333