1 0.645 0.40881913303437967 0.034 0.06427503736920777
1 0.414 0.4103139013452915 0.048 0.07025411061285501
1 0.3815 0.4125560538116592 0.031 0.03886397608370702
0 0.606 0.4133034379671151 0.04 0.05829596412556054
0 0.4555 0.42152466367713004 0.035 0.03886397608370702
0 0.5685 0.42376681614349776 0.045 0.07324364723467862
0 0.5 0.4282511210762332 0.048 0.06427503736920777
1 0.66 0.4484304932735426 0.034 0.05082212257100149
1 0.396 0.4521674140508221 0.04 0.05829596412556054
1 0.6295 0.4521674140508221 0.037 0.06726457399103139
1 0.434 0.45665171898355755 0.036 0.06726457399103139
1 0.5155 0.45665171898355755 0.035 0.061285500747384154
1 0.5555 0.45739910313901344 0.035 0.059790732436472344
1 0.468 0.46263079222720477 0.032 0.05829596412556054
1 0.5985 0.4633781763826607 0.031 0.05082212257100149