1 0.1875 0.6812080536912751 0.13690476190476192 0.3825503355704698
1 0.0625 0.6845637583892618 0.125 0.3221476510067114
0 0.4211309523809524 0.30201342281879195 0.19345238095238096 0.33557046979865773
0 0.6071428571428571 0.3053691275167785 0.17857142857142858 0.3691275167785235
1 0.7559523809523809 0.34563758389261745 0.13690476190476192 0.35570469798657717
1 0.2648809523809524 0.348993288590604 0.13690476190476192 0.33557046979865773
1 0.8869047619047619 0.36577181208053694 0.11904761904761904 0.35570469798657717
1 0.12648809523809523 0.38926174496644295 0.13988095238095238 0.3624161073825503
1 0.7008928571428571 0.6409395973154363 0.13392857142857142 0.35570469798657717
1 0.9449404761904762 0.6510067114093959 0.11011904761904762 0.3087248322147651
1 0.8363095238095238 0.6543624161073825 0.13095238095238096 0.3691275167785235
1 0.4538690476190476 0.6577181208053692 0.11607142857142858 0.3087248322147651
1 0.5744047619047619 0.6577181208053692 0.11904761904761904 0.3221476510067114
1 0.32142857142857145 0.6610738255033557 0.13690476190476192 0.35570469798657717