1 0.4365234375 0.4831804281345566 0.154296875 0.3302752293577982
1 0.234375 0.4847094801223242 0.08203125 0.27217125382262997
0 0.31640625 0.48623853211009177 0.09375 0.2996941896024465
1 0.5849609375 0.4892966360856269 0.130859375 0.3241590214067278
1 0.6875 0.4908256880733945 0.06640625 0.290519877675841
1 0.140625 0.5015290519877675 0.05078125 0.2018348623853211
1 0.748046875 0.5030581039755352 0.0625 0.28440366972477066
1 0.18359375 0.5107033639143731 0.0546875 0.20795107033639143
1 0.8486328125 0.5290519877675841 0.044921875 0.1834862385321101
1 0.8037109375 0.5336391437308868 0.048828125 0.20489296636085627
1 0.4697265625 0.691131498470948 0.080078125 0.12844036697247707
1 0.236328125 0.6941896024464832 0.05859375 0.1651376146788991
1 0.5556640625 0.6972477064220184 0.080078125 0.1345565749235474
1 0.6318359375 0.6987767584097859 0.080078125 0.1743119266055046
1 0.3828125 0.7033639143730887 0.078125 0.14678899082568808
1 0.7890625 0.7125382262996942 0.0390625 0.15902140672782875
1 0.3095703125 0.7171253822629969 0.072265625 0.14984709480122324
1 0.74609375 0.7217125382262997 0.046875 0.18960244648318042
1 0.6962890625 0.7339449541284404 0.064453125 0.19571865443425077