1 0.892578125 0.31145251396648044 0.0625 0.09217877094972067
1 0.361328125 0.3240223463687151 0.06640625 0.09497206703910614
1 0.6357421875 0.329608938547486 0.068359375 0.1005586592178771
1 0.099609375 0.33519553072625696 0.0625 0.09497206703910614
1 0.857421875 0.3756983240223464 0.0546875 0.07541899441340782
1 0.3271484375 0.38268156424581007 0.048828125 0.0670391061452514
1 0.6728515625 0.38268156424581007 0.052734375 0.0782122905027933
1 0.1357421875 0.39385474860335196 0.056640625 0.0670391061452514
1 0.8125 0.4036312849162011 0.078125 0.09217877094972067
1 0.734375 0.4064245810055866 0.078125 0.09776536312849161
1 0.1953125 0.41201117318435754 0.08203125 0.08100558659217877
1 0.2734375 0.41480446927374304 0.08203125 0.07541899441340782
1 0.576171875 0.046089385474860335 0.0859375 0.09217877094972067
1 0.9443359375 0.04888268156424581 0.087890625 0.09776536312849161
0 0.4130859375 0.05865921787709497 0.080078125 0.11731843575418995
0 0.0498046875 0.06564245810055866 0.095703125 0.11452513966480447
0 0.439453125 0.6634078212290503 0.03515625 0.20949720670391062
1 0.7333984375 0.6634078212290503 0.095703125 0.20391061452513967
1 0.6396484375 0.6662011173184358 0.126953125 0.20391061452513967
0 0.3603515625 0.6773743016759777 0.115234375 0.2430167597765363
1 0.8173828125 0.6773743016759777 0.095703125 0.2430167597765363
0 0.1357421875 0.6801675977653632 0.099609375 0.20949720670391062
1 0.91015625 0.6843575418994413 0.1328125 0.26256983240223464
0 0.2099609375 0.6857541899441341 0.083984375 0.20391061452513967
0 0.0498046875 0.6913407821229051 0.080078125 0.17597765363128492
0 0.28125 0.6941340782122905 0.08984375 0.20949720670391062
1 0.666015625 0.835195530726257 0.12109375 0.18435754189944134
1 0.7734375 0.8505586592178771 0.0859375 0.17039106145251395
0 0.2421875 0.8547486033519553 0.08203125 0.18435754189944134
0 0.3251953125 0.8575418994413407 0.091796875 0.19553072625698323
0 0.15234375 0.8575418994413407 0.109375 0.1787709497206704
0 0.4140625 0.861731843575419 0.0859375 0.276536312849162
1 0.8701171875 0.8701117318435754 0.087890625 0.2206703910614525
1 0.958984375 0.8812849162011173 0.08203125 0.23743016759776536
1 0.919921875 0.12849162011173185 0.08984375 0.12849162011173185
0 0.5966796875 0.1424581005586592 0.091796875 0.1340782122905028
0 0.3935546875 0.15083798882681565 0.091796875 0.1340782122905028
0 0.060546875 0.16201117318435754 0.0859375 0.1340782122905028
1 0.9072265625 0.23184357541899442 0.080078125 0.08379888268156424
1 0.6162109375 0.2388268156424581 0.072265625 0.09217877094972067
0 0.376953125 0.2430167597765363 0.0859375 0.0893854748603352
0 0.080078125 0.25 0.0859375 0.09217877094972067