0 0.1953125 0.7272727272727273 0.15234375 0.16422287390029325
0 0.125 0.8533724340175953 0.16796875 0.18181818181818182
0 0.2021484375 0.5835777126099707 0.154296875 0.1466275659824047
0 0.2177734375 0.43255131964809385 0.158203125 0.17302052785923755
0 0.25 0.27126099706744866 0.12109375 0.18475073313782991
0 0.326171875 0.17595307917888564 0.09765625 0.1348973607038123
0 0.419921875 0.13196480938416422 0.12890625 0.187683284457478
0 0.5380859375 0.15542521994134897 0.111328125 0.17008797653958943
0 0.6435546875 0.16422287390029325 0.103515625 0.15835777126099707
1 0.724609375 0.2595307917888563 0.1171875 0.18475073313782991
0 0.79296875 0.5425219941348973 0.16015625 0.18181818181818182
0 0.8173828125 0.6920821114369502 0.177734375 0.1935483870967742
0 0.90234375 0.7947214076246334 0.1640625 0.2404692082111437