1 0.795 0.525062656641604 0.11666666666666667 0.17794486215538846
1 0.7541666666666667 0.650375939849624 0.11833333333333333 0.18796992481203006
1 0.7025 0.7706766917293233 0.095 0.16791979949874686
1 0.6258333333333334 0.8370927318295739 0.08833333333333333 0.12531328320802004
1 0.5383333333333333 0.8659147869674185 0.08666666666666667 0.12280701754385964
1 0.4525 0.8759398496240601 0.08833333333333333 0.12280701754385964
1 0.36666666666666664 0.8508771929824561 0.09333333333333334 0.12781954887218044
1 0.3016666666666667 0.7907268170426065 0.09666666666666666 0.16791979949874686
1 0.23833333333333334 0.6704260651629073 0.12 0.18295739348370926
1 0.18666666666666668 0.5488721804511278 0.11666666666666667 0.18045112781954886
0 0.1575 0.38095238095238093 0.185 0.2556390977443609
1 0.10166666666666667 0.16917293233082706 0.16 0.23809523809523808
0 0.8583333333333333 0.13659147869674185 0.15333333333333332 0.23308270676691728
0 0.8191666666666667 0.3533834586466165 0.175 0.2656641604010025