1 0.45859375 0.2875 0.1265625 0.20833333333333334
1 0.0390625 0.4 0.078125 0.14444444444444443
1 0.509375 0.4166666666666667 0.11875 0.19444444444444445
1 0.23359375 0.05416666666666667 0.1171875 0.10833333333333334
1 0.0375 0.5277777777777778 0.075 0.1
0 0.5578125 0.575 0.153125 0.2611111111111111
1 0.12734375 0.058333333333333334 0.1203125 0.11666666666666667
0 0.3328125 0.06805555555555555 0.090625 0.13055555555555556
1 0.0640625 0.13194444444444445 0.10625 0.14722222222222223
1 0.40859375 0.15833333333333333 0.1015625 0.14444444444444443
1 0.04296875 0.2569444444444444 0.0859375 0.15833333333333333