1 0.3195454545454545 0.41825613079019075 0.03 0.06267029972752043
1 0.5727272727272728 0.4209809264305177 0.034545454545454546 0.08446866485013624
1 0.3931818181818182 0.4257493188010899 0.03909090909090909 0.08583106267029973
1 0.3559090909090909 0.4264305177111717 0.04090909090909091 0.08446866485013624
1 0.5422727272727272 0.4264305177111717 0.035454545454545454 0.08719346049046321
1 0.44 0.42779291553133514 0.056363636363636366 0.1008174386920981
1 0.4959090909090909 0.42779291553133514 0.05545454545454546 0.09264305177111716
1 0.5040909090909091 0.5810626702997275 0.042727272727272725 0.08310626702997276
1 0.2877272727272727 0.5946866485013624 0.046363636363636364 0.08038147138964577
1 0.48363636363636364 0.6151226158038147 0.04363636363636364 0.0667574931880109
1 0.44045454545454543 0.6192098092643051 0.053636363636363635 0.07493188010899182
1 0.5781818181818181 0.6539509536784741 0.06 0.07629427792915532
1 0.3145454545454546 0.6580381471389646 0.05090909090909091 0.07084468664850137
1 0.5668181818181818 0.7009536784741145 0.05545454545454546 0.0776566757493188
1 0.3259090909090909 0.702316076294278 0.05 0.06130790190735695
1 0.5490909090909091 0.7431880108991825 0.045454545454545456 0.06130790190735695
1 0.3490909090909091 0.7438692098092643 0.045454545454545456 0.05449591280653951
1 0.3709090909090909 0.7629427792915532 0.02909090909090909 0.07629427792915532
1 0.40545454545454546 0.771117166212534 0.038181818181818185 0.06267029972752043
1 0.5072727272727273 0.7724795640326976 0.04 0.05449591280653951
1 0.4390909090909091 0.782016348773842 0.03272727272727273 0.04904632152588556
1 0.4722727272727273 0.7854223433242506 0.03 0.05313351498637602