0 0.09915611814345991 0.45675105485232065 0.13924050632911392 0.15822784810126583
0 0.4694092827004219 0.47890295358649787 0.16666666666666666 0.2320675105485232
0 0.21729957805907174 0.4883966244725738 0.1350210970464135 0.17088607594936708
1 0.7426160337552743 0.5010548523206751 0.16455696202531644 0.24261603375527427
1 0.6149789029535865 0.5021097046413502 0.14978902953586498 0.21940928270042195
1 0.8723628691983122 0.5158227848101266 0.1371308016877637 0.21729957805907174
0 0.3512658227848101 0.5168776371308017 0.1540084388185654 0.18143459915611815
1 0.9556962025316456 0.5168776371308017 0.08860759493670886 0.15611814345991562
0 0.08860759493670886 0.8037974683544303 0.1350210970464135 0.16033755274261605
1 0.4810126582278481 0.8312236286919831 0.1729957805907173 0.25738396624472576
0 0.21940928270042195 0.8375527426160337 0.13924050632911392 0.17721518987341772
1 0.7658227848101266 0.8407172995780591 0.17721518987341772 0.25949367088607594
1 0.630801687763713 0.8417721518987342 0.1518987341772152 0.23628691983122363
1 0.9124472573839663 0.8491561181434599 0.14978902953586498 0.23417721518987342
0 0.34810126582278483 0.8618143459915611 0.16455696202531644 0.1962025316455696
0 0.0759493670886076 0.12025316455696203 0.1308016877637131 0.14767932489451477
0 0.4704641350210971 0.14767932489451477 0.1729957805907173 0.25316455696202533
0 0.20675105485232068 0.1550632911392405 0.14345991561181434 0.17088607594936708
1 0.6181434599156118 0.15822784810126583 0.14767932489451477 0.23628691983122363
1 0.7457805907172996 0.15928270042194093 0.17088607594936708 0.2552742616033755
1 0.880801687763713 0.169831223628692 0.12869198312236288 0.22151898734177214
1 0.9609704641350211 0.17088607594936708 0.07805907172995781 0.14767932489451477
0 0.34810126582278483 0.18459915611814345 0.16877637130801687 0.1877637130801688