1 0.47 0.5028901734104047 0.092 0.10982658959537572
0 0.481 0.5982658959537572 0.098 0.1329479768786127
1 0.477 0.6488439306358381 0.078 0.0838150289017341
0 0.037 0.6777456647398844 0.074 0.14739884393063585
1 0.471 0.6979768786127167 0.074 0.07803468208092486
0 0.078 0.7615606936416185 0.1 0.1416184971098266
1 0.128 0.8078034682080925 0.056 0.11849710982658959
1 0.224 0.8179190751445087 0.056 0.08092485549132948
1 0.17 0.8222543352601156 0.052 0.11271676300578035
1 0.425 0.17052023121387283 0.062 0.11560693641618497
1 0.359 0.20664739884393063 0.106 0.12427745664739884
1 0.255 0.24132947976878613 0.122 0.13583815028901733
1 0.169 0.25722543352601157 0.078 0.12716763005780346