0 0.695 0.3080543933054393 0.10846153846153846 0.151673640167364
0 0.8184615384615385 0.3174686192468619 0.038461538461538464 0.14958158995815898
0 0.8626923076923076 0.3179916317991632 0.040769230769230766 0.12552301255230125
0 0.5723076923076923 0.32217573221757323 0.14923076923076922 0.13807531380753138
0 0.7676923076923077 0.3226987447698745 0.08 0.1809623430962343
0 0.30230769230769233 0.323744769874477 0.09384615384615384 0.14330543933054393
0 0.22884615384615384 0.33002092050209203 0.06846153846153846 0.1788702928870293
0 0.42346153846153844 0.33263598326359833 0.14846153846153845 0.12133891213389121
0 0.19576923076923078 0.33629707112970714 0.05153846153846154 0.16631799163179917
0 0.13423076923076924 0.3389121338912134 0.07307692307692308 0.1297071129707113
0 0.7973076923076923 0.5015690376569037 0.07153846153846154 0.1412133891213389
0 0.7523076923076923 0.5287656903765691 0.08153846153846153 0.19560669456066945
0 0.265 0.5496861924686193 0.06846153846153846 0.1997907949790795
0 0.6884615384615385 0.5502092050209205 0.08923076923076922 0.2698744769874477
0 0.49423076923076925 0.5507322175732218 0.09307692307692307 0.24372384937238495
0 0.5934615384615385 0.551255230125523 0.10846153846153846 0.2405857740585774
0 0.4003846153846154 0.5543933054393305 0.09615384615384616 0.24476987447698745
0 0.32384615384615384 0.555439330543933 0.09384615384615384 0.2217573221757322