0 0.512 0.4506079027355623 0.122 0.23556231003039513
0 0.4075 0.45440729483282677 0.089 0.17933130699088146
0 0.6345 0.4566869300911854 0.127 0.23860182370820668
0 0.3325 0.46200607902735563 0.093 0.2188449848024316
0 0.7505 0.4734042553191489 0.089 0.21124620060790272
0 0.8385 0.4878419452887538 0.091 0.20972644376899696
0 0.274 0.5159574468085106 0.064 0.135258358662614
0 0.408 0.6071428571428571 0.09 0.22036474164133737
0 0.671 0.60790273556231 0.084 0.20364741641337386
0 0.329 0.6109422492401215 0.072 0.08814589665653495
0 0.8525 0.6314589665653495 0.077 0.12613981762917933
0 0.4985 0.6322188449848024 0.087 0.1458966565349544
0 0.7655 0.6344984802431611 0.085 0.17477203647416414
0 0.5845 0.6474164133738601 0.075 0.1702127659574468