1 0.14818024263431542 0.7662337662337663 0.17504332755632582 0.2753246753246753
1 0.17764298093587522 0.6077922077922078 0.14731369150779897 0.18701298701298702
1 0.21057192374350087 0.4727272727272727 0.13344887348353554 0.1974025974025974
1 0.2720970537261698 0.3181818181818182 0.13518197573656845 0.2051948051948052
1 0.34228769497400346 0.2012987012987013 0.12998266897746968 0.17402597402597403
1 0.4393414211438475 0.14805194805194805 0.1265164644714038 0.2025974025974026
1 0.5693240901213171 0.14675324675324675 0.13344887348353554 0.21558441558441557
1 0.6672443674176777 0.21428571428571427 0.11785095320623917 0.18961038961038962
1 0.7339688041594454 0.3168831168831169 0.1438474870017331 0.1974025974025974
1 0.7920277296360485 0.4662337662337662 0.1386481802426343 0.19480519480519481
1 0.8396880415944541 0.6012987012987013 0.14038128249566725 0.18961038961038962
1 0.8908145580589255 0.7909090909090909 0.17677642980935876 0.2831168831168831