1 0.3383333333333333 0.6189024390243902 0.09666666666666666 0.17682926829268292
1 0.6266666666666667 0.6402439024390244 0.08666666666666667 0.15853658536585366
1 0.43666666666666665 0.649390243902439 0.1 0.1524390243902439
1 0.5333333333333333 0.649390243902439 0.09333333333333334 0.1524390243902439
1 0.20833333333333334 0.27439024390243905 0.09666666666666666 0.17073170731707318
1 0.31166666666666665 0.3170731707317073 0.11 0.18292682926829268
1 0.7933333333333333 0.3231707317073171 0.08 0.17073170731707318
1 0.7016666666666667 0.3475609756097561 0.09666666666666666 0.18292682926829268
1 0.5816666666666667 0.3567073170731707 0.13666666666666666 0.25
1 0.44166666666666665 0.36585365853658536 0.14333333333333334 0.21951219512195122
1 0.8492333333333334 0.4522560975609756 0.09666666666666666 0.1524390243902439
1 0.15666666666666668 0.4817073170731707 0.11333333333333333 0.21951219512195122
1 0.8016666666666666 0.5396341463414634 0.09666666666666666 0.20121951219512196
1 0.23833333333333334 0.5640243902439024 0.10333333333333333 0.21341463414634146
1 0.7216666666666667 0.5945121951219512 0.09666666666666666 0.22560975609756098