1 0.7033333333333334 0.3732876712328767 0.12 0.3219178082191781
1 0.25833333333333336 0.3732876712328767 0.11666666666666667 0.2945205479452055
0 0.5616666666666666 0.3767123287671233 0.15 0.3287671232876712
0 0.3883333333333333 0.3801369863013699 0.15 0.3219178082191781
1 0.13166666666666665 0.410958904109589 0.12333333333333334 0.3013698630136986
0 0.04666666666666667 0.4246575342465753 0.07333333333333333 0.2465753424657534
1 0.8383333333333334 0.4452054794520548 0.13666666666666666 0.3013698630136986
1 0.94 0.4554794520547945 0.10666666666666667 0.21232876712328766
1 0.21166666666666667 0.6506849315068494 0.12333333333333334 0.2876712328767123
1 0.31666666666666665 0.6506849315068494 0.10666666666666667 0.2602739726027397
1 0.7733333333333333 0.660958904109589 0.12666666666666668 0.3082191780821918
1 0.6483333333333333 0.6712328767123288 0.11666666666666667 0.3013698630136986
1 0.11166666666666666 0.6712328767123288 0.11666666666666667 0.273972602739726
1 0.8816666666666667 0.6746575342465754 0.12333333333333334 0.21232876712328766
1 0.425 0.6815068493150684 0.10333333333333333 0.2808219178082192
1 0.535 0.6815068493150684 0.11666666666666667 0.2671232876712329