0 0.5748440748440748 0.6871345029239766 0.09355509355509356 0.2631578947368421
0 0.5977130977130977 0.4824561403508772 0.08108108108108109 0.25146198830409355
1 0.6257796257796258 0.2894736842105263 0.062370062370062374 0.19298245614035087
0 0.681912681912682 0.17251461988304093 0.0498960498960499 0.12280701754385964
0 0.7338877338877339 0.12280701754385964 0.058212058212058215 0.14035087719298245
0 0.7900207900207901 0.12280701754385964 0.0498960498960499 0.14035087719298245
0 0.8305613305613305 0.18421052631578946 0.04365904365904366 0.14619883040935672
1 0.8804573804573804 0.2953216374269006 0.05197505197505198 0.18128654970760233
0 0.9095634095634095 0.4853801169590643 0.07692307692307693 0.26900584795321636
0 0.9261954261954262 0.7017543859649122 0.10602910602910603 0.2573099415204678
0 0.37422037422037424 0.41228070175438597 0.058212058212058215 0.18128654970760233
0 0.3180873180873181 0.391812865497076 0.058212058212058215 0.1871345029239766
0 0.2785862785862786 0.2543859649122807 0.07068607068607069 0.18128654970760233
0 0.2047817047817048 0.2543859649122807 0.06860706860706861 0.1695906432748538
0 0.14033264033264034 0.23976608187134502 0.056133056133056136 0.14035087719298245
0 0.08108108108108109 0.2719298245614035 0.06652806652806653 0.21637426900584794
0 0.11226611226611227 0.40058479532163743 0.0498960498960499 0.2046783625730994
0 0.031185031185031187 0.28654970760233917 0.04158004158004158 0.16374269005847952
0 0.16424116424116425 0.4064327485380117 0.0498960498960499 0.19298245614035087
1 0.21413721413721415 0.39473684210526316 0.05405405405405406 0.18128654970760233
1 0.26507276507276506 0.39473684210526316 0.04365904365904366 0.15789473684210525
0 0.34303534303534305 0.23976608187134502 0.0498960498960499 0.1286549707602339
0 0.40436590436590436 0.2719298245614035 0.060291060291060294 0.2046783625730994