0 0.8042895442359249 0.486 0.05630026809651475 0.104
0 0.6347184986595175 0.504 0.09249329758713137 0.124
0 0.7265415549597856 0.506 0.08579088471849866 0.128
0 0.5234584450402144 0.514 0.1193029490616622 0.152
0 0.2982573726541555 0.524 0.10053619302949061 0.132
0 0.40683646112600536 0.53 0.11394101876675604 0.152
0 0.20710455764075067 0.534 0.09249329758713137 0.14
1 0.5837801608579088 0.5774 0.07908847184986595 0.114
1 0.6635388739946381 0.596 0.08310991957104558 0.132
1 0.2660857908847185 0.6 0.07640750670241286 0.124
1 0.7473190348525469 0.602 0.09517426273458444 0.116
1 0.339142091152815 0.603 0.08310991957104558 0.106