0 0.51 0.63 0.184 0.36666666666666664
0 0.372 0.6683333333333333 0.116 0.24333333333333335
0 0.242 0.64 0.176 0.2866666666666667
0 0.095 0.6033333333333334 0.118 0.22666666666666666
0 0.186 0.8466666666666667 0.268 0.3
1 0.386 0.89 0.124 0.21333333333333335
0 0.504 0.8966666666666666 0.152 0.2
1 0.645 0.89 0.154 0.21333333333333335
1 0.781 0.8983333333333333 0.122 0.19666666666666666
1 0.894 0.8933333333333333 0.104 0.20666666666666667
1 0.637 0.5916666666666667 0.178 0.38333333333333336
1 0.772 0.515 0.16 0.37
1 0.916 0.47333333333333333 0.164 0.4