0 0.9110169491525424 0.69375 0.1694915254237288 0.35
0 0.739406779661017 0.74375 0.17372881355932204 0.375
0 0.1292372881355932 0.75 0.11440677966101695 0.3125
0 0.5677966101694916 0.75625 0.16101694915254236 0.3625
0 0.4004237288135593 0.765625 0.17372881355932204 0.36875
0 0.2457627118644068 0.7875 0.16101694915254236 0.375
0 0.4110169491525424 0.36875 0.2627118644067797 0.4375
0 0.0847457627118644 0.378125 0.09322033898305085 0.11875
0 0.663135593220339 0.39375 0.2669491525423729 0.3625
0 0.8771186440677966 0.403125 0.16101694915254236 0.30625
0 0.03177966101694915 0.44375 0.0635593220338983 0.1875
0 0.211864406779661 0.446875 0.16101694915254236 0.29375