1 0.88671875 0.22438162544169613 0.15234375 0.2579505300353357
0 0.197265625 0.37985865724381623 0.19140625 0.31802120141342755
0 0.87939453125 0.4540636042402827 0.1552734375 0.2968197879858657
0 0.25146484375 0.5874558303886925 0.1669921875 0.2915194346289753
1 0.85400390625 0.6174911660777385 0.1396484375 0.25265017667844525
1 0.82177734375 0.7553003533568905 0.1044921875 0.1784452296819788
0 0.31201171875 0.7667844522968198 0.1318359375 0.28975265017667845
1 0.37060546875 0.848939929328622 0.1025390625 0.15371024734982333
1 0.75244140625 0.8666077738515902 0.1044921875 0.09010600706713781
1 0.658203125 0.8939929328621908 0.099609375 0.0989399293286219
1 0.564453125 0.9134275618374559 0.095703125 0.07420494699646643
1 0.462890625 0.9143109540636042 0.111328125 0.061837455830388695