1 0.7509603072983355 0.37857142857142856 0.07298335467349552 0.17857142857142858
0 0.24583866837387963 0.40535714285714286 0.08194622279129321 0.19642857142857142
1 0.7842509603072984 0.4767857142857143 0.0499359795134443 0.125
1 0.2676056338028169 0.5446428571428571 0.06145966709346991 0.1392857142857143
1 0.8028169014084507 0.5517857142857143 0.04865556978233035 0.11785714285714285
1 0.8169014084507042 0.6428571428571429 0.04353393085787452 0.10714285714285714
1 0.2746478873239437 0.6482142857142857 0.05761843790012804 0.13214285714285715
1 0.8245838668373879 0.7482142857142857 0.03329065300896287 0.10357142857142858
1 0.2765685019206146 0.7732142857142857 0.05377720870678617 0.1392857142857143
1 0.27784891165172854 0.8785714285714286 0.03329065300896287 0.09285714285714286
0 0.22855313700384122 0.25357142857142856 0.07554417413572344 0.14285714285714285
1 0.7304737516005122 0.2839285714285714 0.05505761843790013 0.11785714285714285