0 0.5471063257065949 0.3974358974358974 0.1224764468371467 0.38461538461538464
0 0.4165545087483176 0.38927738927738925 0.13324360699865412 0.3776223776223776
0 0.6561238223418573 0.3997668997668998 0.0740242261103634 0.3146853146853147
0 0.724764468371467 0.4090909090909091 0.07133243606998654 0.3146853146853147
0 0.6850605652759085 0.7097902097902098 0.08344549125168237 0.3146853146853147
0 0.30686406460296095 0.40326340326340326 0.09152086137281291 0.3076923076923077
0 0.22207267833109018 0.42424242424242425 0.07267833109017496 0.30303030303030304
0 0.22678331090174966 0.6923076923076923 0.0740242261103634 0.2517482517482518
0 0.28667563930013457 0.7214452214452215 0.08882907133243607 0.30536130536130535
0 0.35935397039030953 0.7249417249417249 0.08075370121130551 0.3356643356643357
0 0.43808882907133245 0.7284382284382285 0.07940780619111709 0.3146853146853147
0 0.5228802153432033 0.7307692307692307 0.08748317631224764 0.32400932400932403
0 0.6090174966352625 0.7132867132867133 0.0740242261103634 0.32634032634032634