1 0.786875 0.299375 0.08 0.10875
1 0.1190625 0.310625 0.094375 0.12625
1 0.4684375 0.31875 0.084375 0.11
0 0.498125 0.398125 0.085 0.15375
1 0.8175 0.40125 0.0725 0.1175
1 0.15625 0.41125 0.09375 0.1625
1 0.843125 0.475 0.055 0.1
1 0.5334375 0.47875 0.060625 0.12
1 0.1896875 0.49375 0.069375 0.115
1 0.8615625 0.545625 0.058125 0.09875
1 0.5578125 0.556875 0.064375 0.12875
1 0.215 0.58125 0.06625 0.1275
1 0.875625 0.62 0.0425 0.095
1 0.5859375 0.635 0.055625 0.115
1 0.246875 0.6675 0.055 0.115
1 0.878125 0.703125 0.03875 0.08625
1 0.5909375 0.728125 0.040625 0.09375
1 0.246875 0.76375 0.0475 0.085
1 0.575625 0.83375 0.05 0.1225
1 0.2334375 0.86875 0.051875 0.1275