0 0.22833333333333333 0.555 0.07 0.19
1 0.4683333333333333 0.56 0.09666666666666666 0.23
1 0.5566666666666666 0.5675 0.08666666666666667 0.255
1 0.375 0.57 0.10333333333333333 0.25
1 0.64 0.575 0.1 0.24
1 0.30333333333333334 0.58 0.08 0.24
0 0.8383333333333334 0.5825 0.11666666666666667 0.165
1 0.73 0.5875 0.09333333333333334 0.245
1 0.5833333333333334 0.32 0.14666666666666667 0.28
1 0.44666666666666666 0.325 0.14666666666666667 0.25
1 0.6666666666666666 0.3525 0.14 0.255
0 0.29833333333333334 0.355 0.11 0.22
0 0.225 0.3775 0.07666666666666666 0.145
1 0.775 0.395 0.09666666666666666 0.25
0 0.875 0.43 0.11 0.17