1 0.8167155425219942 0.46355685131195334 0.03812316715542522 0.13994169096209913
1 0.8479960899315738 0.4737609329446064 0.030303030303030304 0.1661807580174927
1 0.7785923753665689 0.4897959183673469 0.05767350928641251 0.1749271137026239
0 0.2829912023460411 0.5029154518950437 0.04594330400782014 0.16034985422740525
0 0.23558162267839688 0.5072886297376094 0.06647116324535679 0.20408163265306123
1 0.8626588465298143 0.5131195335276968 0.059628543499511244 0.15743440233236153
1 0.729227761485826 0.5291545189504373 0.06060606060606061 0.18950437317784258
0 0.17350928641251223 0.5379008746355685 0.06744868035190615 0.2303206997084548
0 0.3196480938416422 0.5422740524781341 0.03714565004887586 0.18075801749271136
1 0.6876832844574781 0.5816326530612245 0.03812316715542522 0.15451895043731778
0 0.11827956989247312 0.5845481049562682 0.05474095796676442 0.1661807580174927
1 0.3343108504398827 0.6180758017492711 0.07038123167155426 0.18658892128279883
1 0.6627565982404692 0.6559766763848397 0.044965786901270774 0.1749271137026239
1 0.0801564027370479 0.6793002915451894 0.05474095796676442 0.20408163265306123
1 0.07380254154447703 0.7784256559766763 0.07526881720430108 0.1282798833819242