0 0.9557142857142857 0.02857142857142857 0.08857142857142856 0.05714285714285714
0 0.84 0.3271428571428571 0.17714285714285713 0.20857142857142857
0 0.16428571428571428 0.34714285714285714 0.16857142857142857 0.20285714285714285
0 0.30142857142857143 0.38 0.15714285714285714 0.14285714285714285
0 0.45 0.38857142857142857 0.14 0.12
0 0.04428571428571428 0.05857142857142857 0.08857142857142856 0.11714285714285715
1 0.4471428571428571 0.6685714285714286 0.15142857142857144 0.18857142857142858
1 0.31857142857142856 0.6757142857142857 0.10571428571428572 0.1457142857142857
1 0.5928571428571429 0.6757142857142857 0.14 0.18571428571428572
1 0.71 0.6757142857142857 0.10571428571428572 0.15714285714285714
1 0.8571428571428571 0.71 0.10285714285714286 0.1457142857142857
1 0.15142857142857144 0.7114285714285714 0.10285714285714286 0.13142857142857142
1 0.7985714285714286 0.7128571428571429 0.11142857142857143 0.19714285714285715
1 0.22428571428571428 0.7185714285714285 0.10571428571428572 0.20857142857142857
1 0.73 0.8542857142857143 0.08285714285714285 0.12571428571428572
1 0.29714285714285715 0.8614285714285714 0.08571428571428572 0.13428571428571429
1 0.7985714285714286 0.8642857142857143 0.07142857142857142 0.06571428571428571
1 0.23 0.8671428571428571 0.08857142857142856 0.08285714285714285
1 0.65 0.87 0.08857142857142856 0.11714285714285715
1 0.39 0.8785714285714286 0.09428571428571429 0.13428571428571429
1 0.56 0.8785714285714286 0.09142857142857143 0.12285714285714286
1 0.4757142857142857 0.88 0.09428571428571429 0.12
0 0.9285714285714286 0.16285714285714287 0.13714285714285715 0.21714285714285714
0 0.05857142857142857 0.22142857142857142 0.11714285714285715 0.21428571428571427