0 0.8012445095168375 0.4453125 0.15153733528550511 0.3776041666666667
0 0.36127379209370425 0.4453125 0.22913616398243045 0.4817708333333333
0 0.1731332357247438 0.447265625 0.1603221083455344 0.3684895833333333
1 0.6182284040995608 0.4516015625 0.22767203513909223 0.46484375
1 0.04648609077598829 0.4641927083333333 0.09297218155197658 0.37890625
0 0.9388726207906296 0.47265625 0.12225475841874085 0.453125
1 0.4633967789165447 0.6627604166666666 0.12152269399707175 0.3463541666666667
1 0.7203513909224012 0.7194010416666666 0.12152269399707175 0.25390625
1 0.3092972181551977 0.73828125 0.13396778916544655 0.2421875
1 0.04648609077598829 0.7584635416666666 0.09297218155197658 0.3190104166666667
0 0.9454612005856515 0.7649739583333334 0.10175695461200586 0.3606770833333333
1 0.8422401171303074 0.76953125 0.11493411420204978 0.4010416666666667
1 0.5878477306002928 0.7714973958333333 0.12005856515373353 0.19401041666666666
1 0.16398243045387995 0.7805989583333334 0.14641288433382138 0.3528645833333333