0 0.7238658777120316 0.4161764705882353 0.11439842209072978 0.23823529411764705
0 0.6074950690335306 0.43529411764705883 0.14990138067061143 0.28823529411764703
0 0.4477317554240631 0.43970588235294117 0.16173570019723865 0.2911764705882353
0 0.3234714003944773 0.4441176470588235 0.126232741617357 0.2235294117647059
0 0.8136094674556213 0.4470588235294118 0.0650887573964497 0.20588235294117646
0 0.22978303747534518 0.47058823529411764 0.08481262327416174 0.20588235294117646
0 0.8126232741617357 0.6161764705882353 0.03944773175542406 0.14411764705882352
0 0.40631163708086787 0.6470588235294118 0.09467455621301775 0.19411764705882353
0 0.7455621301775148 0.65 0.09861932938856016 0.23529411764705882
0 0.3224852071005917 0.6647058823529411 0.10453648915187377 0.2411764705882353
0 0.4960552268244576 0.6676470588235294 0.11242603550295859 0.20588235294117646
0 0.6015779092702169 0.6823529411764706 0.09861932938856016 0.19411764705882353