0 0.1555944055944056 0.6363636363636364 0.10839160839160839 0.18181818181818182
0 0.9125874125874126 0.6392045454545454 0.1258741258741259 0.1534090909090909
1 0.263986013986014 0.6448863636363636 0.11538461538461539 0.23295454545454544
0 0.7902097902097902 0.6505681818181818 0.13286713286713286 0.17613636363636365
1 0.6503496503496503 0.6619318181818182 0.13986013986013987 0.1875
1 0.5157342657342657 0.6818181818181818 0.13636363636363635 0.26136363636363635
1 0.38461538461538464 0.6960227272727273 0.1258741258741259 0.24431818181818182
0 0.5926573426573427 0.44886363636363635 0.21328671328671328 0.26136363636363635
0 0.3723776223776224 0.4602272727272727 0.2062937062937063 0.2727272727272727
0 0.2062937062937063 0.4715909090909091 0.14685314685314685 0.1590909090909091
0 0.8146853146853147 0.5113636363636364 0.14685314685314685 0.13636363636363635