0 0.758285 0.459258 0.105884 0.240275
0 0.843845 0.481566 0.089783 0.218736
1 0.264332 0.483736 0.070903 0.208681
1 0.330487 0.462857 0.095487 0.233077
1 0.407563 0.448489 0.096426 0.212912
1 0.515325 0.444176 0.119097 0.264725
0 0.640108 0.453544 0.122888 0.269066
1 0.762545 0.613242 0.095487 0.200000
1 0.669892 0.616813 0.089819 0.198571
1 0.585740 0.610357 0.080361 0.191374
1 0.495939 0.622582 0.084152 0.195714
1 0.410866 0.608901 0.080361 0.171209
0 0.323412 0.603159 0.079386 0.128077
0 0.219892 0.610357 0.091697 0.191374
0 0.863177 0.633297 0.096534 0.151209
