0 0.805217 0.450327 0.131505 0.266964
0 0.545719 0.429851 0.188562 0.307917
0 0.370401 0.442113 0.158194 0.299702
0 0.682358 0.438869 0.119699 0.289881
0 0.268294 0.405268 0.068094 0.239107
0 0.187258 0.362708 0.119732 0.226012
1 0.102642 0.335685 0.053378 0.204702
1 0.904147 0.432292 0.086421 0.227679
1 0.835585 0.646875 0.175853 0.247321
1 0.708997 0.683690 0.132508 0.304643
1 0.588043 0.677143 0.122308 0.265357
1 0.482609 0.685357 0.121472 0.255476
1 0.385585 0.689464 0.113110 0.270238
1 0.302308 0.648482 0.084749 0.280060
1 0.209816 0.603452 0.114950 0.327619
1 0.126990 0.554315 0.109431 0.255536
