0 0.48197115384615385 0.875 0.07451923076923077 0.03125
0 0.36177884615384615 0.8725961538461539 0.09014423076923077 0.05889423076923077
0 0.2620192307692308 0.9038461538461539 0.0625 0.05048076923076923
0 0.17427884615384615 0.9194711538461539 0.05889423076923077 0.04326923076923077
0 0.6225961538461539 0.8653846153846154 0.05889423076923077 0.05048076923076923
0 0.7283653846153846 0.859375 0.08173076923076923 0.06971153846153846
0 0.6057692307692307 0.9278846153846154 0.0625 0.05048076923076923
0 0.25721153846153844 0.9663461538461539 0.09375 0.04326923076923077
0 0.36538461538461536 0.9435096153846154 0.09735576923076923 0.04326923076923077
0 0.44471153846153844 0.9254807692307693 0.038461538461538464 0.046875
0 0.1622596153846154 0.984375 0.05048076923076923 0.02403846153846154
0 0.5252403846153846 0.921875 0.05889423076923077 0.038461538461538464