0 0.11899038461538461 0.7307692307692307 0.06610576923076923 0.055288461538461536
0 0.24759615384615385 0.7740384615384616 0.09735576923076923 0.046875
0 0.3557692307692308 0.8149038461538461 0.09375 0.05889423076923077
0 0.4495192307692308 0.8653846153846154 0.08653846153846154 0.05048076923076923
0 0.5072115384615384 0.8882211538461539 0.038461538461538464 0.05048076923076923
0 0.018028846153846152 0.6995192307692307 0.027644230769230768 0.078125
0 0.03125 0.7752403846153846 0.055288461538461536 0.05048076923076923
0 0.12740384615384615 0.7944711538461539 0.05048076923076923 0.04326923076923077
0 0.2127403846153846 0.8221153846153846 0.04326923076923077 0.03485576923076923
0 0.28365384615384615 0.8413461538461539 0.05048076923076923 0.04326923076923077
0 0.35096153846153844 0.8725961538461539 0.038461538461538464 0.03485576923076923
0 0.4411057692307692 0.9314903846153846 0.078125 0.06610576923076923
0 0.5192307692307693 0.9555288461538461 0.038461538461538464 0.04326923076923077