0 0.3629807692307692 0.6778846153846154 0.038461538461538464 0.027644230769230768
0 0.4567307692307692 0.7223557692307693 0.06971153846153846 0.0625
0 0.5588942307692307 0.7536057692307693 0.09375 0.046875
0 0.6694711538461539 0.7992788461538461 0.08173076923076923 0.05889423076923077
0 0.7475961538461539 0.8317307692307693 0.06610576923076923 0.055288461538461536
0 0.8161057692307693 0.859375 0.0625 0.046875
0 0.7524038461538461 0.8942307692307693 0.07451923076923077 0.046875
0 0.36899038461538464 0.7620192307692307 0.03485576923076923 0.02403846153846154
0 0.44711538461538464 0.7788461538461539 0.05048076923076923 0.03485576923076923
0 0.5348557692307693 0.7944711538461539 0.02403846153846154 0.019230769230769232
0 0.59375 0.8064903846153846 0.046875 0.04326923076923077