0 0.47836538461538464 0.8461538461538461 0.08173076923076923 0.05048076923076923
0 0.3629807692307692 0.8473557692307693 0.09375 0.0625
0 0.28125 0.84375 0.0625 0.078125
0 0.7211538461538461 0.8966346153846154 0.08173076923076923 0.03485576923076923
0 0.6069711538461539 0.8846153846153846 0.09014423076923077 0.04326923076923077
0 0.84375 0.9194711538461539 0.08653846153846154 0.05889423076923077
0 0.24759615384615385 0.9134615384615384 0.04326923076923077 0.038461538461538464
0 0.34134615384615385 0.921875 0.07451923076923077 0.046875
0 0.49278846153846156 0.9158653846153846 0.140625 0.03485576923076923
0 0.6057692307692307 0.9314903846153846 0.06971153846153846 0.05048076923076923
0 0.7115384615384616 0.9651442307692307 0.078125 0.046875