0 0.32211538461538464 0.6189903846153846 0.09014423076923077 0.08173076923076923
0 0.18509615384615385 0.671875 0.09014423076923077 0.046875
0 0.6322115384615384 0.53125 0.140625 0.038461538461538464
0 0.7560096153846154 0.5240384615384616 0.08173076923076923 0.0625
0 0.8557692307692307 0.5072115384615384 0.06971153846153846 0.046875
0 0.47836538461538464 0.5817307692307693 0.08173076923076923 0.03125
0 0.6442307692307693 0.5961538461538461 0.08653846153846154 0.04326923076923077
0 0.7944711538461539 0.5901442307692307 0.11298076923076923 0.046875
0 0.5444711538461539 0.6129807692307693 0.06610576923076923 0.038461538461538464
0 0.47475961538461536 0.6442307692307693 0.04326923076923077 0.038461538461538464
0 0.3629807692307692 0.6814903846153846 0.046875 0.05048076923076923