0 0.3629807692307692 0.8617788461538461 0.06971153846153846 0.03485576923076923
0 0.24759615384615385 0.8822115384615384 0.05889423076923077 0.038461538461538464
0 0.49038461538461536 0.8377403846153846 0.09014423076923077 0.04326923076923077
0 0.6069711538461539 0.8064903846153846 0.08173076923076923 0.03485576923076923
0 0.6875 0.8064903846153846 0.0625 0.04326923076923077
0 0.7740384615384616 0.7944711538461539 0.046875 0.05889423076923077
0 0.8125 0.8569711538461539 0.038461538461538464 0.03485576923076923
0 0.7211538461538461 0.8617788461538461 0.07451923076923077 0.04326923076923077
0 0.5997596153846154 0.859375 0.05889423076923077 0.038461538461538464
0 0.47115384615384615 0.8846153846153846 0.06610576923076923 0.03485576923076923
0 0.5492788461538461 0.8725961538461539 0.05048076923076923 0.05048076923076923
0 0.30288461538461536 0.9471153846153846 0.05048076923076923 0.04326923076923077
0 0.3870192307692308 0.9122596153846154 0.046875 0.05048076923076923
0 0.24639423076923078 0.953125 0.02403846153846154 0.02403846153846154