0 0.5444711538461539 0.5649038461538461 0.07451923076923077 0.03485576923076923
0 0.6838942307692307 0.5432692307692307 0.08653846153846154 0.038461538461538464
0 0.8149038461538461 0.5216346153846154 0.07451923076923077 0.07451923076923077
0 0.9278846153846154 0.5024038461538461 0.05889423076923077 0.05048076923076923
0 0.46634615384615385 0.6117788461538461 0.10576923076923077 0.05048076923076923
0 0.36177884615384615 0.6286057692307693 0.07451923076923077 0.038461538461538464
0 0.36778846153846156 0.6935096153846154 0.038461538461538464 0.027644230769230768
0 0.4495192307692308 0.6778846153846154 0.055288461538461536 0.05048076923076923
0 0.5564903846153846 0.6177884615384616 0.04326923076923077 0.046875
0 0.6322115384615384 0.5997596153846154 0.038461538461538464 0.05048076923076923
0 0.7283653846153846 0.5961538461538461 0.04326923076923077 0.03485576923076923
0 0.8052884615384616 0.5865384615384616 0.03125 0.046875
0 0.9086538461538461 0.5745192307692307 0.04326923076923077 0.03125