1 0.5204326923076923 0.17307692307692307 0.21033653846153846 0.1310096153846154
1 0.3088942307692308 0.12259615384615384 0.15865384615384615 0.09014423076923077
1 0.7355769230769231 0.23798076923076922 0.16947115384615385 0.15144230769230768
1 0.9110576923076923 0.28125 0.14543269230769232 0.12860576923076922
1 0.9254807692307693 0.6009615384615384 0.046875 0.06850961538461539
1 0.20072115384615385 0.13341346153846154 0.05889423076923077 0.0733173076923077
1 0.037259615384615384 0.7163461538461539 0.06971153846153846 0.09014423076923077
1 0.13942307692307693 0.7992788461538461 0.12620192307692307 0.109375
1 0.3088942307692308 0.8858173076923077 0.16466346153846154 0.10216346153846154
1 0.41466346153846156 0.8425480769230769 0.03365384615384615 0.09975961538461539
1 0.8293269230769231 0.8389423076923077 0.06850961538461539 0.09735576923076923
1 0.6153846153846154 0.8918269230769231 0.03485576923076923 0.1778846153846154