0 0.4375 0.6947115384615384 0.0625 0.055288461538461536
0 0.515625 0.6814903846153846 0.109375 0.07451923076923077
0 0.5901442307692307 0.6370192307692307 0.06971153846153846 0.055288461538461536
0 0.7007211538461539 0.5973557692307693 0.09735576923076923 0.055288461538461536
0 0.8064903846153846 0.5697115384615384 0.07451923076923077 0.055288461538461536
0 0.9194711538461539 0.5348557692307693 0.08173076923076923 0.055288461538461536
0 0.8245192307692307 0.6382211538461539 0.055288461538461536 0.06610576923076923
0 0.6598557692307693 0.65625 0.055288461538461536 0.046875
0 0.7463942307692307 0.6538461538461539 0.038461538461538464 0.05048076923076923
0 0.5096153846153846 0.7560096153846154 0.07451923076923077 0.05048076923076923
0 0.609375 0.7007211538461539 0.03125 0.03485576923076923
0 0.42427884615384615 0.78125 0.05889423076923077 0.055288461538461536