0 0.36778846153846156 0.7403846153846154 0.06971153846153846 0.037259615384615384
0 0.5048076923076923 0.7331730769230769 0.08173076923076923 0.039663461538461536
0 0.6274038461538461 0.7355769230769231 0.08774038461538461 0.052884615384615384
0 0.7379807692307693 0.7608173076923077 0.05889423076923077 0.042067307692307696
0 0.8149038461538461 0.7632211538461539 0.055288461538461536 0.06009615384615385
0 0.23918269230769232 0.7355769230769231 0.08173076923076923 0.06610576923076923
0 0.38100961538461536 0.8040865384615384 0.04927884615384615 0.042067307692307696
0 0.47716346153846156 0.7920673076923077 0.055288461538461536 0.04447115384615385
0 0.5492788461538461 0.7872596153846154 0.055288461538461536 0.037259615384615384
0 0.7644230769230769 0.8149038461538461 0.08774038461538461 0.04807692307692308
0 0.84375 0.8269230769230769 0.055288461538461536 0.042067307692307696
0 0.6382211538461539 0.7908653846153846 0.052884615384615384 0.03485576923076923
0 0.2824519230769231 0.8137019230769231 0.040865384615384616 0.020432692307692308