0 0.5012019230769231 0.3762019230769231 0.07451923076923077 0.12620192307692307
0 0.6165865384615384 0.3701923076923077 0.06971153846153846 0.12259615384615384
0 0.7139423076923077 0.4170673076923077 0.038461538461538464 0.08533653846153846
0 0.7776442307692307 0.39903846153846156 0.05048076923076923 0.07572115384615384
0 0.8245192307692307 0.6586538461538461 0.08052884615384616 0.14423076923076922
0 0.17668269230769232 0.6790865384615384 0.08533653846153846 0.15384615384615385
0 0.33774038461538464 0.3954326923076923 0.09134615384615384 0.08533653846153846
0 0.43149038461538464 0.38341346153846156 0.042067307692307696 0.0733173076923077
0 0.15144230769230768 0.4795673076923077 0.057692307692307696 0.15625
0 0.21875 0.4026442307692308 0.04807692307692308 0.06490384615384616
0 0.6105769230769231 0.6730769230769231 0.06370192307692307 0.07451923076923077
0 0.36658653846153844 0.6670673076923077 0.08533653846153846 0.04807692307692308