1 0.2668269230769231 0.41225961538461536 0.09975961538461539 0.14783653846153846
1 0.3004807692307692 0.6213942307692307 0.08653846153846154 0.12740384615384615
1 0.41586538461538464 0.6237980769230769 0.09375 0.14423076923076922
1 0.5180288461538461 0.5949519230769231 0.07572115384615384 0.13822115384615385
1 0.640625 0.6021634615384616 0.10216346153846154 0.15865384615384615
1 0.7199519230769231 0.6021634615384616 0.04807692307692308 0.17067307692307693
1 0.8786057692307693 0.6069711538461539 0.09134615384615384 0.14423076923076922
1 0.9591346153846154 0.6165865384615384 0.0733173076923077 0.12379807692307693
1 0.21153846153846154 0.6442307692307693 0.08052884615384616 0.1971153846153846
1 0.10697115384615384 0.6286057692307693 0.056490384615384616 0.14182692307692307
1 0.4675480769230769 0.42788461538461536 0.056490384615384616 0.14423076923076922
1 0.6766826923076923 0.3918269230769231 0.056490384615384616 0.11298076923076923
1 0.16346153846153846 0.41586538461538464 0.039663461538461536 0.12139423076923077
1 0.04447115384615385 0.6117788461538461 0.04567307692307692 0.09495192307692307
1 0.037259615384615384 0.39783653846153844 0.03485576923076923 0.04927884615384615
1 0.9375 0.390625 0.039663461538461536 0.1045673076923077