1 0.41466346153846156 0.39783653846153844 0.14302884615384615 0.24519230769230768
1 0.6117788461538461 0.44711538461538464 0.14543269230769232 0.20072115384615385
1 0.453125 0.75 0.09735576923076923 0.15985576923076922
1 0.09375 0.5 0.07451923076923077 0.109375
1 0.32572115384615385 0.9170673076923077 0.051682692307692304 0.11899038461538461
1 0.6706730769230769 0.7548076923076923 0.0733173076923077 0.13581730769230768
1 0.5649038461538461 0.7403846153846154 0.06610576923076923 0.20072115384615385
1 0.19230769230769232 0.6153846153846154 0.07091346153846154 0.04807692307692308
1 0.09975961538461539 0.6189903846153846 0.07692307692307693 0.04807692307692308
1 0.8052884615384616 0.8149038461538461 0.030048076923076924 0.030048076923076924
1 0.8725961538461539 0.5084134615384616 0.08173076923076923 0.06490384615384616
1 0.7716346153846154 0.5048076923076923 0.10697115384615384 0.06490384615384616