1 0.5721153846153846 0.25 0.08774038461538461 0.11658653846153846
1 0.7223557692307693 0.2620192307692308 0.040865384615384616 0.09134615384615384
1 0.6574519230769231 0.27884615384615385 0.03485576923076923 0.10817307692307693
1 0.44711538461538464 0.29086538461538464 0.10336538461538461 0.125
1 0.3173076923076923 0.33052884615384615 0.08774038461538461 0.10576923076923077
1 0.23557692307692307 0.359375 0.07932692307692307 0.1310096153846154
1 0.3245192307692308 0.47596153846153844 0.03245192307692308 0.046875
1 0.3954326923076923 0.47115384615384615 0.046875 0.05889423076923077
1 0.515625 0.45552884615384615 0.09014423076923077 0.0829326923076923
1 0.6370192307692307 0.42788461538461536 0.042067307692307696 0.07211538461538461
1 0.6923076923076923 0.41947115384615385 0.037259615384615384 0.055288461538461536