1 0.46274038461538464 0.20552884615384615 0.05889423076923077 0.10216346153846154
1 0.6814903846153846 0.203125 0.06850961538461539 0.07932692307692307
1 0.3233173076923077 0.19831730769230768 0.08052884615384616 0.08774038461538461
1 0.23317307692307693 0.3125 0.07211538461538461 0.06850961538461539
1 0.37259615384615385 0.2824519230769231 0.051682692307692304 0.06009615384615385
1 0.6490384615384616 0.29447115384615385 0.08052884615384616 0.06850961538461539
1 0.7896634615384616 0.3076923076923077 0.07091346153846154 0.07692307692307693
1 0.8521634615384616 0.2980769230769231 0.06971153846153846 0.07211538461538461
1 0.8629807692307693 0.19110576923076922 0.07091346153846154 0.10216346153846154
1 0.9086538461538461 0.17908653846153846 0.054086538461538464 0.05889423076923077
1 0.15865384615384615 0.20072115384615385 0.037259615384615384 0.06971153846153846