1 0.5228365384615384 0.45913461538461536 0.09615384615384616 0.08653846153846154
1 0.6262019230769231 0.4495192307692308 0.08653846153846154 0.07692307692307693
1 0.7103365384615384 0.4519230769230769 0.0733173076923077 0.051682692307692304
1 0.7680288461538461 0.4651442307692308 0.057692307692307696 0.078125
1 0.8185096153846154 0.46274038461538464 0.05048076923076923 0.04927884615384615
1 0.8617788461538461 0.4723557692307692 0.04447115384615385 0.07451923076923077
1 0.44591346153846156 0.4579326923076923 0.054086538461538464 0.0889423076923077
1 0.38461538461538464 0.453125 0.046875 0.08052884615384616
1 0.4266826923076923 0.7223557692307693 0.036057692307692304 0.04807692307692308
1 0.47115384615384615 0.7175480769230769 0.037259615384615384 0.056490384615384616
1 0.6598557692307693 0.7139423076923077 0.051682692307692304 0.07211538461538461
1 0.7235576923076923 0.7151442307692307 0.06850961538461539 0.08052884615384616
1 0.6129807692307693 0.7211538461538461 0.036057692307692304 0.057692307692307696
1 0.33052884615384615 0.45552884615384615 0.03245192307692308 0.06490384615384616
1 0.8197115384615384 0.6766826923076923 0.03485576923076923 0.054086538461538464