1 0.3713942307692308 0.4483173076923077 0.08774038461538461 0.08052884615384616
1 0.6742788461538461 0.40865384615384615 0.08533653846153846 0.09014423076923077
1 0.7764423076923077 0.38341346153846156 0.0733173076923077 0.07211538461538461
1 0.8798076923076923 0.34134615384615385 0.08774038461538461 0.07451923076923077
1 0.5673076923076923 0.43990384615384615 0.09375 0.09615384615384616
1 0.2764423076923077 0.44591346153846156 0.0985576923076923 0.09014423076923077
1 0.16346153846153846 0.4026442307692308 0.07692307692307693 0.09375
1 0.08653846153846154 0.3798076923076923 0.056490384615384616 0.07932692307692307
1 0.06490384615384616 0.5228365384615384 0.04447115384615385 0.06009615384615385
1 0.14543269230769232 0.5901442307692307 0.055288461538461536 0.06129807692307692
1 0.23557692307692307 0.5949519230769231 0.046875 0.06129807692307692
1 0.7175480769230769 0.5997596153846154 0.04447115384615385 0.06129807692307692