1 0.3605769230769231 0.6682692307692307 0.08173076923076923 0.19230769230769232
1 0.2644230769230769 0.6550480769230769 0.0829326923076923 0.19591346153846154
1 0.19471153846153846 0.6334134615384616 0.055288461538461536 0.20793269230769232
1 0.12379807692307693 0.6730769230769231 0.08173076923076923 0.17668269230769232
1 0.12139423076923077 0.9411057692307693 0.06009615384615385 0.10216346153846154
1 0.46274038461538464 0.6466346153846154 0.08774038461538461 0.11778846153846154
1 0.6021634615384616 0.6766826923076923 0.06610576923076923 0.12980769230769232
1 0.6838942307692307 0.6826923076923077 0.08052884615384616 0.16466346153846154
1 0.78125 0.6670673076923077 0.08173076923076923 0.17307692307692307
1 0.8617788461538461 0.6706730769230769 0.037259615384615384 0.15745192307692307
1 0.9014423076923077 0.6526442307692307 0.05048076923076923 0.10576923076923077