1 0.4495192307692308 0.17908653846153846 0.07692307692307693 0.11778846153846154
1 0.5877403846153846 0.18269230769230768 0.0829326923076923 0.13942307692307693
1 0.6935096153846154 0.25600961538461536 0.07692307692307693 0.09735576923076923
1 0.8004807692307693 0.38221153846153844 0.06490384615384616 0.09014423076923077
1 0.8629807692307693 0.5108173076923077 0.14543269230769232 0.16706730769230768
1 0.9290865384615384 0.6850961538461539 0.12139423076923077 0.13942307692307693
1 0.9002403846153846 0.8401442307692307 0.12139423076923077 0.15985576923076922
1 0.34134615384615385 0.23918269230769232 0.06971153846153846 0.12259615384615384
1 0.24278846153846154 0.31971153846153844 0.11177884615384616 0.1201923076923077
1 0.18870192307692307 0.75 0.06850961538461539 0.06490384615384616
1 0.18629807692307693 0.5829326923076923 0.055288461538461536 0.08052884615384616
1 0.1658653846153846 0.9771634615384616 0.055288461538461536 0.039663461538461536