0 0.5264423076923077 0.4483173076923077 0.12139423076923077 0.22235576923076922
0 0.6875 0.39903846153846156 0.12139423076923077 0.12259615384615384
0 0.8209134615384616 0.35216346153846156 0.03365384615384615 0.15384615384615385
0 0.7860576923076923 0.7620192307692307 0.07692307692307693 0.16105769230769232
0 0.1875 0.8100961538461539 0.04326923076923077 0.11899038461538461
0 0.44711538461538464 0.828125 0.10096153846153846 0.09975961538461539
0 0.2403846153846154 0.5360576923076923 0.1045673076923077 0.15384615384615385
0 0.37740384615384615 0.53125 0.06610576923076923 0.1346153846153846
0 0.32572115384615385 0.8293269230769231 0.07451923076923077 0.11899038461538461
0 0.9098557692307693 0.8137019230769231 0.046875 0.09615384615384616
0 0.9026442307692307 0.34615384615384615 0.07091346153846154 0.1346153846153846
0 0.6382211538461539 0.7608173076923077 0.019230769230769232 0.08774038461538461