1 0.8112980769230769 0.4519230769230769 0.19951923076923078 0.25721153846153844
1 0.6382211538461539 0.4495192307692308 0.11778846153846154 0.1971153846153846
1 0.6694711538461539 0.7175480769230769 0.09615384615384616 0.21033653846153846
1 0.8028846153846154 0.7548076923076923 0.10096153846153846 0.22355769230769232
1 0.9134615384615384 0.71875 0.08653846153846154 0.1814903846153846
1 0.4855769230769231 0.4362980769230769 0.06370192307692307 0.12860576923076922
1 0.3293269230769231 0.390625 0.0829326923076923 0.13221153846153846
1 0.21634615384615385 0.3942307692307692 0.07932692307692307 0.15384615384615385
1 0.21033653846153846 0.5961538461538461 0.07572115384615384 0.14182692307692307
1 0.4543269230769231 0.75 0.11899038461538461 0.13221153846153846
1 0.5637019230769231 0.7103365384615384 0.025240384615384616 0.078125
1 0.9591346153846154 0.43028846153846156 0.08052884615384616 0.2439903846153846
1 0.1045673076923077 0.578125 0.052884615384615384 0.11177884615384616
1 0.11778846153846154 0.6887019230769231 0.06850961538461539 0.04927884615384615