1 0.4519230769230769 0.4639423076923077 0.1622596153846154 0.14783653846153846
1 0.6298076923076923 0.4543269230769231 0.16346153846153846 0.14302884615384615
1 0.7451923076923077 0.4338942307692308 0.07451923076923077 0.14302884615384615
1 0.8545673076923077 0.38822115384615385 0.09975961538461539 0.11538461538461539
1 0.296875 0.5084134615384616 0.09975961538461539 0.10697115384615384
1 0.25240384615384615 0.71875 0.11778846153846154 0.1310096153846154
1 0.36538461538461536 0.7295673076923077 0.07451923076923077 0.16706730769230768
1 0.47475961538461536 0.7355769230769231 0.07932692307692307 0.11538461538461539
1 0.5949519230769231 0.6574519230769231 0.109375 0.19951923076923078
1 0.7091346153846154 0.6754807692307693 0.09134615384615384 0.14783653846153846
1 0.8209134615384616 0.6237980769230769 0.1141826923076923 0.15504807692307693
1 0.17307692307692307 0.5240384615384616 0.07211538461538461 0.09134615384615384