0 0.19110576923076922 0.39783653846153844 0.06850961538461539 0.16466346153846154
0 0.2283653846153846 0.5564903846153846 0.03485576923076923 0.05048076923076923
0 0.7451923076923077 0.7223557692307693 0.040865384615384616 0.07572115384615384
0 0.8112980769230769 0.44471153846153844 0.08774038461538461 0.21514423076923078
0 0.8737980769230769 0.4891826923076923 0.02283653846153846 0.04326923076923077
0 0.7836538461538461 0.5805288461538461 0.0625 0.07091346153846154
1 0.5564903846153846 0.9519230769230769 0.0733173076923077 0.055288461538461536
1 0.6694711538461539 0.8810096153846154 0.036057692307692304 0.055288461538461536
1 0.453125 0.9423076923076923 0.0829326923076923 0.06129807692307692
1 0.3557692307692308 0.9146634615384616 0.03365384615384615 0.07091346153846154
1 0.16105769230769232 0.12980769230769232 0.06971153846153846 0.20072115384615385