1 0.08052884615384616 0.17427884615384615 0.09014423076923077 0.16826923076923078
1 0.06009615384615385 0.40024038461538464 0.11298076923076923 0.17548076923076922
1 0.2283653846153846 0.4182692307692308 0.17548076923076922 0.18028846153846154
1 0.35096153846153844 0.41346153846153844 0.06971153846153846 0.14903846153846154
1 0.44711538461538464 0.4567307692307692 0.07451923076923077 0.16346153846153846
1 0.5528846153846154 0.453125 0.08173076923076923 0.18028846153846154
1 0.7307692307692307 0.4651442307692308 0.0625 0.140625
1 0.8221153846153846 0.46274038461538464 0.05889423076923077 0.09014423076923077
1 0.8713942307692307 0.53125 0.046875 0.0625
1 0.8677884615384616 0.23677884615384615 0.055288461538461536 0.07451923076923077
1 0.5372596153846154 0.20673076923076922 0.05048076923076923 0.140625
1 0.3161057692307692 0.2283653846153846 0.055288461538461536 0.15264423076923078