1 0.5024038461538461 0.7524038461538461 0.12139423076923077 0.17548076923076922
1 0.6129807692307693 0.7427884615384616 0.055288461538461536 0.14903846153846154
1 0.7223557692307693 0.7620192307692307 0.13221153846153846 0.171875
1 0.8149038461538461 0.7932692307692307 0.05889423076923077 0.13221153846153846
1 0.9435096153846154 0.75 0.06610576923076923 0.13221153846153846
1 0.37740384615384615 0.5 0.07451923076923077 0.125
1 0.39302884615384615 0.7307692307692307 0.11298076923076923 0.171875
1 0.28725961538461536 0.7379807692307693 0.09735576923076923 0.16346153846153846
1 0.16826923076923078 0.7259615384615384 0.078125 0.125
1 0.2536057692307692 0.5036057692307693 0.046875 0.109375
1 0.5841346153846154 0.53125 0.04326923076923077 0.13221153846153846
1 0.11899038461538461 0.7115384615384616 0.04326923076923077 0.09375