0 0.4723557692307692 0.41346153846153844 0.11778846153846154 0.15625
0 0.38221153846153844 0.36538461538461536 0.078125 0.12860576923076922
0 0.31850961538461536 0.30649038461538464 0.09014423076923077 0.14423076923076922
0 0.5877403846153846 0.5408653846153846 0.11298076923076923 0.22235576923076922
0 0.7223557692307693 0.6153846153846154 0.06971153846153846 0.13701923076923078
0 0.8533653846153846 0.6899038461538461 0.09014423076923077 0.15264423076923078
0 0.5973557692307693 0.8822115384615384 0.15625 0.109375
0 0.296875 0.6899038461538461 0.055288461538461536 0.10576923076923077
0 0.18028846153846154 0.734375 0.078125 0.10096153846153846
0 0.31490384615384615 0.7740384615384616 0.09735576923076923 0.109375
0 0.7427884615384616 0.9254807692307693 0.1875 0.140625