1 0.5649038461538461 0.6286057692307693 0.08173076923076923 0.15625
1 0.6430288461538461 0.5649038461538461 0.07451923076923077 0.17548076923076922
1 0.7439903846153846 0.5625 0.07451923076923077 0.125
1 0.8149038461538461 0.5192307692307693 0.09014423076923077 0.14903846153846154
1 0.9411057692307693 0.46875 0.06971153846153846 0.109375
1 0.7283653846153846 0.27884615384615385 0.05048076923076923 0.09014423076923077
1 0.5805288461538461 0.37259615384615385 0.05889423076923077 0.15264423076923078
1 0.40625 0.421875 0.06971153846153846 0.15625
1 0.296875 0.44711538461538464 0.038461538461538464 0.13701923076923078
1 0.30528846153846156 0.7524038461538461 0.0625 0.12860576923076922
1 0.38100961538461536 0.7091346153846154 0.09014423076923077 0.24639423076923078
1 0.47596153846153844 0.6634615384615384 0.09375 0.21153846153846154
1 0.23076923076923078 0.7379807692307693 0.046875 0.171875
1 0.9723557692307693 0.22596153846153846 0.046875 0.125