1 0.46274038461538464 0.453125 0.05048076923076923 0.140625
1 0.5588942307692307 0.5060096153846154 0.0625 0.13701923076923078
1 0.6430288461538461 0.5276442307692307 0.06610576923076923 0.15625
1 0.6911057692307693 0.5372596153846154 0.055288461538461536 0.15264423076923078
1 0.7115384615384616 0.33774038461538464 0.03125 0.11298076923076923
1 0.5348557692307693 0.3004807692307692 0.02403846153846154 0.11778846153846154
1 0.38822115384615385 0.19951923076923078 0.01201923076923077 0.0625
1 0.1622596153846154 0.140625 0.01201923076923077 0.055288461538461536
1 0.09615384615384616 0.3473557692307692 0.06610576923076923 0.078125
1 0.16947115384615385 0.37740384615384615 0.08173076923076923 0.09735576923076923
1 0.30288461538461536 0.40865384615384615 0.05048076923076923 0.14423076923076922
1 0.796875 0.6129807692307693 0.007211538461538462 0.10096153846153846
1 0.796875 0.3713942307692308 0.007211538461538462 0.06971153846153846
1 0.859375 0.6057692307692307 0.015625 0.06971153846153846
1 0.38822115384615385 0.4495192307692308 0.05048076923076923 0.08653846153846154