0 0.2932692307692308 0.5288461538461539 0.06971153846153846 0.12860576923076922
0 0.41947115384615385 0.5649038461538461 0.09735576923076923 0.12139423076923077
0 0.5913461538461539 0.5492788461538461 0.09735576923076923 0.17548076923076922
0 0.7536057692307693 0.5552884615384616 0.11778846153846154 0.09375
0 0.8774038461538461 0.5625 0.06610576923076923 0.078125
0 0.390625 0.8689903846153846 0.06971153846153846 0.09735576923076923
0 0.26322115384615385 0.84375 0.05889423076923077 0.13221153846153846
0 0.7992788461538461 0.8822115384615384 0.03485576923076923 0.109375
0 0.9711538461538461 0.5564903846153846 0.05048076923076923 0.10576923076923077
0 0.5757211538461539 0.8870192307692307 0.019230769230769232 0.0625
0 0.6899038461538461 0.9254807692307693 0.05889423076923077 0.140625
0 0.13701923076923078 0.7872596153846154 0.046875 0.13701923076923078