1 0.38100961538461536 0.44350961538461536 0.04326923076923077 0.06610576923076923
1 0.29927884615384615 0.43990384615384615 0.06610576923076923 0.05048076923076923
1 0.6225961538461539 0.515625 0.019230769230769232 0.055288461538461536
1 0.6622596153846154 0.4879807692307692 0.04326923076923077 0.038461538461538464
1 0.640625 0.34134615384615385 0.06971153846153846 0.10576923076923077
1 0.7463942307692307 0.45072115384615385 0.03125 0.06610576923076923
1 0.7536057692307693 0.5528846153846154 0.046875 0.05889423076923077
1 0.8052884615384616 0.5588942307692307 0.03125 0.055288461538461536
1 0.4338942307692308 0.4254807692307692 0.038461538461538464 0.078125
1 0.49399038461538464 0.4495192307692308 0.05048076923076923 0.06971153846153846
1 0.5588942307692307 0.49278846153846156 0.02403846153846154 0.038461538461538464
1 0.24639423076923078 0.42788461538461536 0.038461538461538464 0.03485576923076923