1 0.5024038461538461 0.5192307692307693 0.06610576923076923 0.0625
1 0.5721153846153846 0.48197115384615385 0.07451923076923077 0.06610576923076923
1 0.47596153846153844 0.6466346153846154 0.0625 0.06610576923076923
1 0.5432692307692307 0.6370192307692307 0.046875 0.06971153846153846
1 0.609375 0.6322115384615384 0.02403846153846154 0.046875
1 0.40865384615384615 0.6466346153846154 0.06610576923076923 0.06610576923076923
1 0.6875 0.6129807692307693 0.06971153846153846 0.06971153846153846
1 0.7596153846153846 0.6153846153846154 0.05048076923076923 0.09014423076923077
1 0.8305288461538461 0.6286057692307693 0.05048076923076923 0.0625
1 0.8846153846153846 0.6117788461538461 0.04326923076923077 0.05889423076923077
1 0.453125 0.5697115384615384 0.03125 0.03125