0 0.28725961538461536 0.53125 0.09735576923076923 0.140625
0 0.40865384615384615 0.47596153846153844 0.09014423076923077 0.109375
1 0.5252403846153846 0.3870192307692308 0.09735576923076923 0.14903846153846154
1 0.6466346153846154 0.30649038461538464 0.09014423076923077 0.15985576923076922
1 0.7463942307692307 0.21875 0.038461538461538464 0.0625
1 0.8161057692307693 0.1778846153846154 0.046875 0.12139423076923077
1 0.5552884615384616 0.6935096153846154 0.09375 0.07451923076923077
1 0.8413461538461539 0.59375 0.05048076923076923 0.0625
1 0.8689903846153846 0.49038461538461536 0.05048076923076923 0.08173076923076923
0 0.3245192307692308 0.7740384615384616 0.09375 0.10096153846153846
1 0.44471153846153844 0.7524038461538461 0.0625 0.11298076923076923
1 0.9627403846153846 0.546875 0.05889423076923077 0.0625
1 0.7067307692307693 0.6069711538461539 0.038461538461538464 0.06610576923076923