1 0.43990384615384615 0.38100961538461536 0.05048076923076923 0.13701923076923078
1 0.5192307692307693 0.43509615384615385 0.038461538461538464 0.13701923076923078
1 0.6899038461538461 0.484375 0.11298076923076923 0.125
1 0.78125 0.5865384615384616 0.06971153846153846 0.125
1 0.8930288461538461 0.5877403846153846 0.06610576923076923 0.12139423076923077
1 0.9038461538461539 0.27524038461538464 0.027644230769230768 0.12860576923076922
1 0.7872596153846154 0.24639423076923078 0.05889423076923077 0.16346153846153846
1 0.5528846153846154 0.1814903846153846 0.03485576923076923 0.13701923076923078
1 0.35336538461538464 0.06610576923076923 0.027644230769230768 0.125
1 0.23798076923076922 0.2848557692307692 0.06971153846153846 0.15625
1 0.08653846153846154 0.25600961538461536 0.06971153846153846 0.11298076923076923
1 0.9783653846153846 0.6057692307692307 0.03485576923076923 0.125
1 0.33774038461538464 0.36538461538461536 0.08173076923076923 0.12139423076923077