1 0.40024038461538464 0.640625 0.08173076923076923 0.11778846153846154
1 0.4963942307692308 0.6346153846153846 0.078125 0.10576923076923077
1 0.5841346153846154 0.6225961538461539 0.06610576923076923 0.08173076923076923
1 0.7367788461538461 0.6033653846153846 0.05889423076923077 0.11298076923076923
1 0.8569711538461539 0.5865384615384616 0.03485576923076923 0.0625
1 0.9399038461538461 0.5721153846153846 0.04326923076923077 0.05889423076923077
1 0.921875 0.40024038461538464 0.03125 0.05048076923076923
1 0.36778846153846156 0.47475961538461536 0.038461538461538464 0.10576923076923077
1 0.5432692307692307 0.46153846153846156 0.02403846153846154 0.08653846153846154
1 0.6995192307692307 0.43149038461538464 0.038461538461538464 0.07451923076923077
1 0.25 0.6502403846153846 0.038461538461538464 0.07451923076923077
1 0.19110576923076922 0.6586538461538461 0.038461538461538464 0.07451923076923077
1 0.28125 0.4807692307692308 0.038461538461538464 0.10096153846153846