1 0.38221153846153844 0.4723557692307692 0.046875 0.11778846153846154
1 0.46875 0.5276442307692307 0.09375 0.13221153846153846
1 0.5757211538461539 0.5625 0.07451923076923077 0.125
1 0.6346153846153846 0.35336538461538464 0.06610576923076923 0.12860576923076922
1 0.46274038461538464 0.31009615384615385 0.027644230769230768 0.12139423076923077
1 0.296875 0.2283653846153846 0.03125 0.10576923076923077
1 0.06009615384615385 0.15264423076923078 0.04326923076923077 0.078125
1 0.015625 0.3401442307692308 0.02403846153846154 0.055288461538461536
1 0.09134615384615384 0.3713942307692308 0.05889423076923077 0.109375
1 0.22115384615384615 0.41225961538461536 0.05048076923076923 0.14423076923076922
1 0.7307692307692307 0.6286057692307693 0.02403846153846154 0.06971153846153846
1 0.796875 0.6430288461538461 0.02403846153846154 0.09014423076923077
1 0.7367788461538461 0.3786057692307692 0.027644230769230768 0.10096153846153846
1 0.3004807692307692 0.45072115384615385 0.038461538461538464 0.07451923076923077