1 0.3473557692307692 0.43028846153846156 0.08653846153846154 0.125
1 0.23677884615384615 0.46634615384615385 0.08173076923076923 0.15985576923076922
1 0.1310096153846154 0.49399038461538464 0.09735576923076923 0.11298076923076923
1 0.15865384615384615 0.7247596153846154 0.07451923076923077 0.10576923076923077
1 0.25240384615384615 0.7475961538461539 0.04326923076923077 0.11298076923076923
1 0.34615384615384615 0.6850961538461539 0.05048076923076923 0.08173076923076923
1 0.484375 0.7223557692307693 0.038461538461538464 0.06971153846153846
1 0.7283653846153846 0.5036057692307693 0.06610576923076923 0.08653846153846154
1 0.828125 0.5132211538461539 0.09375 0.15985576923076922
1 0.8341346153846154 0.734375 0.07451923076923077 0.16346153846153846
1 0.6189903846153846 0.7211538461538461 0.05889423076923077 0.08173076923076923
1 0.7259615384615384 0.7692307692307693 0.0625 0.125
1 0.03125 0.48197115384615385 0.038461538461538464 0.05048076923076923
1 0.9471153846153846 0.7524038461538461 0.027644230769230768 0.05048076923076923
1 0.06490384615384616 0.7403846153846154 0.04326923076923077 0.04326923076923077