1 0.9158653846153846 0.5997596153846154 0.15985576923076922 0.12860576923076922
1 0.9495192307692307 0.421875 0.09375 0.10096153846153846
1 0.8401442307692307 0.29086538461538464 0.140625 0.09735576923076923
1 0.7427884615384616 0.1778846153846154 0.11778846153846154 0.08173076923076923
1 0.5901442307692307 0.08052884615384616 0.11778846153846154 0.08173076923076923
1 0.4495192307692308 0.046875 0.11778846153846154 0.08653846153846154
1 0.27524038461538464 0.052884615384615384 0.09735576923076923 0.09014423076923077
1 0.17548076923076922 0.11778846153846154 0.06971153846153846 0.08653846153846154
1 0.08413461538461539 0.19951923076923078 0.08173076923076923 0.125
1 0.09615384615384616 0.6189903846153846 0.05048076923076923 0.04326923076923077
1 0.06610576923076923 0.30288461538461536 0.0625 0.06610576923076923