1 0.29086538461538464 0.1778846153846154 0.09735576923076923 0.09014423076923077
1 0.38100961538461536 0.06850961538461539 0.09014423076923077 0.12860576923076922
1 0.53125 0.05889423076923077 0.10096153846153846 0.109375
1 0.65625 0.09375 0.09375 0.08653846153846154
1 0.8088942307692307 0.22235576923076922 0.06971153846153846 0.078125
1 0.8990384615384616 0.35697115384615385 0.09375 0.09735576923076923
1 0.9627403846153846 0.4879807692307692 0.06610576923076923 0.125
1 0.9711538461538461 0.6658653846153846 0.05048076923076923 0.11298076923076923
1 0.21153846153846154 0.28846153846153844 0.109375 0.11778846153846154
1 0.1935096153846154 0.40024038461538464 0.06610576923076923 0.07451923076923077
1 0.24759615384615385 0.7908653846153846 0.09014423076923077 0.07451923076923077