1 0.38100961538461536 0.5600961538461539 0.12139423076923077 0.12860576923076922
1 0.4723557692307692 0.5600961538461539 0.06971153846153846 0.11298076923076923
1 0.765625 0.5600961538461539 0.08653846153846154 0.14423076923076922
1 0.875 0.609375 0.078125 0.13221153846153846
1 0.9555288461538461 0.6598557692307693 0.08173076923076923 0.109375
1 0.8990384615384616 0.8689903846153846 0.08653846153846154 0.12139423076923077
1 0.8149038461538461 0.8473557692307693 0.04326923076923077 0.10096153846153846
1 0.7403846153846154 0.8028846153846154 0.04326923076923077 0.09735576923076923
1 0.6153846153846154 0.796875 0.05048076923076923 0.08653846153846154
1 0.5024038461538461 0.8004807692307693 0.06610576923076923 0.10096153846153846
1 0.39302884615384615 0.8100961538461539 0.06610576923076923 0.13701923076923078
1 0.31850961538461536 0.765625 0.09014423076923077 0.10096153846153846
1 0.22235576923076922 0.7560096153846154 0.055288461538461536 0.05889423076923077
1 0.96875 0.8930288461538461 0.038461538461538464 0.07451923076923077