0 0.748431 0.288940 0.129635 0.208641
0 0.614343 0.341712 0.151387 0.208641
0 0.476259 0.336902 0.121569 0.146304
0 0.341405 0.406440 0.141715 0.206250
0 0.193230 0.415462 0.143321 0.166685
0 0.849872 0.243397 0.071642 0.127120
1 0.919526 0.241005 0.075693 0.179837
0 0.291423 0.739783 0.151460 0.151087
1 0.434380 0.740978 0.128029 0.196630
2 0.576898 0.720598 0.157007 0.203804
1 0.698905 0.695435 0.101460 0.201413
1 0.783850 0.652283 0.081350 0.189457
1 0.856734 0.624076 0.090182 0.224239
1 0.905420 0.573723 0.087774 0.185815
1 0.899398 0.468207 0.111131 0.111522
