0 0.450000 0.460710 0.109051 0.148191
0 0.572000 0.460710 0.104730 0.176984
0 0.684285 0.457831 0.085299 0.159708
0 0.819781 0.582296 0.088526 0.115097
0 0.333934 0.466459 0.084219 0.133813
0 0.208693 0.605311 0.077737 0.115097
1 0.244321 0.482296 0.095007 0.151089
1 0.171445 0.506031 0.087445 0.123735
1 0.117460 0.525457 0.033460 0.061887
1 0.140131 0.583735 0.052905 0.077704
1 0.279949 0.586615 0.084219 0.143891
1 0.365241 0.579416 0.079883 0.146770
1 0.447292 0.576537 0.079898 0.138132
1 0.537985 0.572938 0.101489 0.133813
1 0.638394 0.580846 0.099328 0.166907
1 0.726927 0.577977 0.090701 0.152529
1 0.775511 0.483016 0.084219 0.135253
1 0.862964 0.490204 0.088526 0.155389
1 0.934766 0.513940 0.078818 0.107918
1 0.900752 0.576537 0.114438 0.063307
