0 0.589877 0.423958 0.140049 0.115123
0 0.620580 0.510294 0.140049 0.097843
1 0.614820 0.590870 0.117026 0.069044
1 0.609069 0.657059 0.124706 0.086324
1 0.289649 0.772880 0.069069 0.076250
1 0.344322 0.798064 0.057565 0.069069
1 0.409551 0.797341 0.067141 0.047475
1 0.466626 0.774314 0.052761 0.064755
1 0.514101 0.761373 0.044118 0.056127
1 0.566863 0.733309 0.070980 0.077696
1 0.568783 0.172169 0.082500 0.074828
1 0.484853 0.193738 0.093039 0.103603
1 0.393725 0.226850 0.108399 0.083456
1 0.301152 0.260662 0.072892 0.082010
0 0.244559 0.706691 0.063301 0.084902
