0 0.39520333750000003 0.7795031031249999 0.401459853125 0.762422359375 0.407716371875 0.70496894375 0.407716371875 0.67391304375 0.37434828124999997 0.664596271875 0.359749740625 0.639751553125 0.34410844687500003 0.6459627343750001 0.31074035625 0.663043478125 0.28779979375 0.6692546593750001 0.2721585 0.642857140625 0.25130344375 0.59937888125 0.233576640625 0.572981365625 0.2054223125 0.59937888125 0.190823775 0.67391304375 0.189781021875 0.722049690625 0.2054223125 0.77173913125 0.225234621875 0.7857142875 0.255474453125 0.788819875 0.296141815625 0.799689440625 0.3274244 0.791925465625 0.372262775 0.7810559031250001 0.39520333750000003 0.7795031031249999
0 0.409801875 0.6785714281249999 0.407716371875 0.7468944093750001 0.40563086562499995 0.7857142875 0.440041709375 0.776397515625 0.472367046875 0.78726708125 0.514077165625 0.777950309375 0.517205421875 0.737577640625 0.514077165625 0.6816770156249999 0.47653806249999997 0.6521739125 0.45776850625 0.63043478125 0.42335766562500005 0.65838509375 0.40354535937499997 0.686335403125 0.409801875 0.6785714281249999
0 0.509906153125 0.6754658375 0.518248175 0.7531055906249999 0.5234619375 0.776397515625 0.55683003125 0.7562111781249999 0.6047966625 0.740683228125 0.6225234625 0.711180125 0.621480709375 0.66614906875 0.6037539093750001 0.6211180125 0.58289885625 0.6040372656249999 0.565172053125 0.5900621125 0.551616265625 0.627329190625 0.533889465625 0.65062111875 0.509906153125 0.6754658375
1 0.04375 0.1921875 0.0796875 0.1296875
1 0.1765625 0.1296875 0.1375 0.1375
1 0.465625 0.075 0.1640625 0.11875
1 0.6171875 0.125 0.0984375 0.15625
1 0.946875 0.66875 0.071875 0.1828125
1 0.890625 0.675 0.059375 0.09375
1 0.8328125 0.65625 0.05625 0.09375
1 0.3375 0.578125 0.08125 0.1484375
5 0.578125 0.2453125 0.0828125 0.203125
3 0.7921875 0.55 0.09375 0.259375
3 0.7515625 0.3 0.1 0.2765625
3 0.053125 0.603125 0.090625 0.2390625
3 0.05 0.365625 0.0828125 0.2375