0 0.35083741874999996 0.243596815625 0.349816175 0.212959559375 0.32837009687499996 0.20223652187500002 0.31305146875 0.19151348125 0.29160539375 0.176194853125 0.2670955875 0.140962009375 0.25177696250000003 0.142493871875 0.24769199375 0.186917890625 0.23952205937499998 0.212959559375 0.223182190625 0.243596815625 0.20071486875 0.25585171562500003 0.21194853125000002 0.29721200937500003 0.23645833437500002 0.29721200937500003 0.266074346875 0.27576593125 0.28343545937500003 0.229810046875 0.28037173125 0.19457720625 0.3110089875 0.212959559375 0.338582515625 0.254319853125 0.35083741874999996 0.243596815625
0 0.195608659375 0.280361521875 0.192544934375 0.249724265625 0.1700776125 0.22368259687499997 0.1578227125 0.17925857812499998 0.137397875 0.13177083125 0.122079246875 0.12870710937500002 0.102675653125 0.142493871875 0.09144199374999999 0.19304534375 0.079187090625 0.21449142187499998 0.0577410125 0.220618871875 0.05263480625 0.257383578125 0.060804740625 0.26504289375 0.079187090625 0.268106615625 0.126164215625 0.261979165625 0.149652778125 0.27270220625 0.173141340625 0.27729779374999997 0.195608659375 0.280361521875
0 0 0.23754515 0.00361519375 0.2344056375 0.024040034374999998 0.23134191249999997 0.038337418750000005 0.24819240312500002 0.054677287500000005 0.252787990625 0.056719771875000005 0.203768384375 0.045486112499999995 0.18844975625 0.035273690625 0.1562806375 0.025061275 0.134834559375 0.00361519375 0.154748775 0 0.178247546875 0 0.23754515
0 0.037888071875 0.44580269375 0.04605800625 0.46418505000000004 0.058312909375 0.47643994999999995 0.08078022812499999 0.504013478125 0.09814134062499999 0.51320465625 0.100183825 0.49482230625 0.103247546875 0.4718443625 0.118566175 0.47490808749999996 0.131842321875 0.484099265625 0.15430964062500002 0.51320465625 0.16656454375000002 0.539246321875 0.179840684375 0.5407781875000001 0.176776959375 0.5116727937500001 0.180861928125 0.482567403125 0.1920955875 0.454993871875 0.203329246875 0.454993871875 0.226817809375 0.47490808749999996 0.237030228125 0.50707720625 0.256433825 0.5438419125 0.26256127500000004 0.537714459375 0.26868872499999996 0.51320465625 0.273794934375 0.4779718125 0.287071078125 0.44733455937500005 0.311580884375 0.43201593125000004 0.32894199375 0.43201593125000004 0.3483455875 0.43967524375 0.364685459375 0.458057596875 0.373876634375 0.47643994999999995 0.3890625 0.49921875 0.3890625 0.3890625 0.059579246875000005 0.3890625 0.057291665625 0.3967830875 0.036866831249999996 0.41516544062499994 0.037888071875 0.44580269375
1 0.375 0.721875 0.0296875 0.15
1 0.30625 0.7359375 0.0546875 0.1265625
1 0.2453125 0.71875 0.0390625 0.1171875
0 0.483544878125 0.47794906875 0.5150574812500001 0.4920236625 0.5500714875 0.5272101499999999 0.568745621875 0.543044071875 0.590921159375 0.54656271875 0.6154309625 0.525450828125 0.6376065 0.48146771875 0.664450571875 0.47091176875 0.693628909375 0.47443041875 0.71930585 0.51137623125 0.72981005 0.54656271875 0.7403142500000001 0.5817492093750001 0.7519855875 0.578230559375 0.792835259375 0.523691503125 0.78233105625 0.47443041875 0.75665411875 0.43396595624999995 0.715804446875 0.40405744062500004 0.69479604375 0.389982846875 0.673426559375 0.3890625 0.652814021875 0.3890625 0.5850854937500001 0.43924393124999994 0.5605756875 0.46387447187499997 0.490547678125 0.43396595624999995 0.483544878125 0.47794906875
2 0.6375 0.55625 0.084375 0.140625
4 0.503125 0.621875 0.159375 0.253125
4 0.4046875 0.6109375 0.03125 0.29375
4 0.575 0.925 0.1265625 0.1484375
4 0.44375 0.915625 0.1078125 0.16875
4 0.85 0.628125 0.0921875 0.11875