0 0.43937908437499995 0.042708331249999995 0.440400325 0.0733455875 0.46899509687499996 0.090196078125 0.47512255000000003 0.119301471875 0.480228759375 0.1591299 0.48737745 0.163725490625 0.50065359375 0.1484068625 0.512908496875 0.12083333125 0.5296875 0.11364233125 0.5296875 0.089116625 0.49452614375000004 0.085600490625 0.476143790625 0.051899509375 0.452655228125 0.025857843749999998 0.43937908437499995 0.042708331249999995
0 0.43223039375 0.0580269625 0.44244281250000006 0.015134806249999999 0.440400325 0.012071078124999999 0.389338234375 0.024325978125 0.356658496875 0.03198529375 0.31478758125 0.013602940625 0.29946895625000003 0.022794115625 0.293341503125 0.047303921875 0.302532678125 0.06875 0.323978759375 0.085600490625 0.340318628125 0.11011029375 0.343382353125 0.149938725 0.363807190625 0.1422794125 0.378104575 0.096323528125 0.408741828125 0.0672181375 0.43223039375 0.0580269625
0 0.28823529375 0.047303921875 0.2923202625 0.025857843749999998 0.2514705875 0.041176471874999995 0.221854575 0.045772059375 0.179983659375 0.030453431250000003 0.1564951 0.012071078124999999 0.13504901875 0.025857843749999998 0.1360702625 0.06875 0.18202614374999998 0.06415441250000001 0.196323528125 0.0810049 0.207557190625 0.12083333125 0.216748365625 0.139215684375 0.23002450937500002 0.140747546875 0.2484068625 0.10704656875 0.2688317 0.0733455875 0.28823529375 0.047303921875
0 0 0.08040515625 0.022712418749999998 0.088664215625 0.041094771875000005 0.11317401875 0.059477125 0.1346201 0.07275326875 0.1591299 0.07275326875 0.136151959375 0.09930555625000001 0.100919115625 0.126879084375 0.071813725 0.12892156875 0.03351715625 0.10543300625 0.025857843749999998 0.07377450937499999 0.053431371875 0.054370915625 0.053431371875 0.03190359375 0.050367646875000005 0.001266340625 0.02738970625 0 0.03015263125 0 0.08040515625
0 0.43223039375 0.399632353125 0.40772058749999995 0.364399509375 0.39240196250000003 0.365931371875 0.38831699375 0.41035539375 0.380147059375 0.43639705937500006 0.372892159375 0.45 0.4237780625 0.45 0.42099673125 0.41801470625 0.4516339875 0.43639705937500006 0.4607026125 0.45 0.490894609375 0.45 0.49044117812500004 0.43639705937500006 0.46899509687499996 0.42567402187500003 0.45367646875 0.414950978125 0.43223039375 0.399632353125
0 0.262704246875 0.35214460625 0.24330065312500002 0.365931371875 0.23206699375 0.41648284375 0.21981209375000002 0.43792892187500004 0.19836601250000002 0.444056371875 0.197540509375 0.45 0.313187234375 0.45 0.3107026125 0.447120096875 0.2984477125 0.40269607812499997 0.278022875 0.355208334375 0.262704246875 0.35214460625
0 0.165686275 0.358272059375 0.144240196875 0.378186275 0.13811274375 0.41801470625 0.11360294062500001 0.43180146875 0.11413043437499999 0.45 0.19639501875 0.45 0.197344771875 0.427205884375 0.186111109375 0.41188725625 0.17589869375 0.3797181375 0.165686275 0.358272059375
0 0.07377450937499999 0.364399509375 0.061519606250000004 0.40269607812499997 0.053349675 0.43486519375 0.044941446875 0.45 0.11306886875 0.45 0.11276581875 0.43772639062499996 0.098284315625 0.3827818625 0.080923203125 0.364399509375 0.07377450937499999 0.364399509375
2 0.221875 0.175 0.075 0.1140625
4 0.559375 0.071875 0.05 0.0953125
4 0.60625 0.05 0.0515625 0.078125
4 0.65625 0.06875 0.05 0.071875
0 0.395196609375 1 0.386525184375 0.912552834375 0.38183856875 0.7233800625 0.29591592499999997 0.69836544375 0.236718784375 0.5546875 0.191246453125 0.581109578125 0.191246453125 0.6061242 0.2349889375 0.7483946218749999 0.269357946875 0.81874814375 0.2756068875 0.9234968468750001 0.273290396875 1 0.395196609375 1
3 0.834375 0.8078125 0.04375 0.04375
1 0.8859375 0.8765625 0.11875 0.034375
1 0.9875 0.89375 0.025 0.0390625