0 0.155228759375 0.369178921875 0.15318627499999998 0.338541665625 0.1327614375 0.35998774375 0.11131535937499999 0.367647059375 0.08680555625 0.35998774375 0.06331699375 0.35998774375 0.009191178125000001 0.375306371875 0.011233659375 0.396752453125 0.0142973875 0.42126225625 0.025531046875 0.41973039375 0.035743465625 0.3921568625 0.045955881250000004 0.3799019625 0.061274509374999994 0.382965684375 0.09395424687500001 0.398284315625 0.117442809375 0.41819853125 0.128676471875 0.42126225625 0.138888890625 0.41360294062499997 0.148080065625 0.3890931375 0.155228759375 0.369178921875
0 0.1797385625 0.335477940625 0.155228759375 0.34007353125 0.15318627499999998 0.35998774375 0.1685049 0.3799019625 0.19097222187500001 0.39368872499999996 0.217524509375 0.407475490625 0.23386438125 0.41053921562499995 0.23794934687499997 0.381433825 0.247140525 0.36151960625 0.24918300625 0.34313725625 0.247140525 0.327818628125 0.226715684375 0.356924021875 0.208333334375 0.35539215625 0.1797385625 0.335477940625
0 0.29922385625 0.329350490625 0.253267971875 0.333946078125 0.259395425 0.35539215625 0.280841503125 0.364583334375 0.29309640312499996 0.3921568625 0.306372546875 0.407475490625 0.313521240625 0.402879903125 0.318627453125 0.36305146875 0.324754903125 0.333946078125 0.353349671875 0.3170955875 0.354370915625 0.286458334375 0.34109477187500004 0.26960784375 0.317606209375 0.295649509375 0.29922385625 0.329350490625
0 0.437091503125 0.27573529375 0.40441176562500003 0.268075978125 0.353349671875 0.255821078125 0.351307190625 0.258884803125 0.36151960625 0.3017769625 0.38500816875 0.3109681375 0.415645425 0.34007353125 0.42994281250000005 0.3860294125 0.450367646875 0.39368872499999996 0.453431371875 0.35386029375 0.469771240625 0.329350490625 0.49121731874999996 0.3125 0.500408496875 0.291053921875 0.494281046875 0.266544115625 0.47896241875 0.257352940625 0.437091503125 0.27573529375
0 0.613766340625 0.27420343125 0.571895425 0.289522059375 0.5422794125 0.28492646875 0.5014297375 0.26960784375 0.50551470625 0.291053921875 0.5249183000000001 0.3170955875 0.5453431375 0.35079656875 0.563725490625 0.384497546875 0.577001634375 0.382965684375 0.5861928125 0.364583334375 0.5974264687499999 0.324754903125 0.61172385625 0.3079044125 0.6576797375 0.3125 0.658700978125 0.26960784375 0.637254903125 0.255821078125 0.613766340625 0.27420343125
0 0.739379084375 0.297181371875 0.719975490625 0.297181371875 0.68831699375 0.26960784375 0.66482843125 0.27726715625 0.666870915625 0.31556372499999996 0.6944444437499999 0.344669115625 0.72099673125 0.3799019625 0.72099673125 0.402879903125 0.734272875 0.378370096875 0.752655228125 0.356924021875 0.77103758125 0.332414215625 0.8047385625000001 0.320159315625 0.803717321875 0.295649509375 0.792483659375 0.27113970625 0.76184640625 0.294117646875 0.739379084375 0.297181371875
0 0.822099671875 0.287990196875 0.8047385625000001 0.286458334375 0.8139297375 0.3232230375 0.83537581875 0.346200978125 0.8496732031249999 0.369178921875 0.855800653125 0.409007353125 0.8639705875000001 0.41973039375 0.8823529406249999 0.3890931375 0.8915441187500001 0.34926470625 0.902777778125 0.335477940625 0.89460784375 0.3079044125 0.876225490625 0.306372546875 0.8486519593749999 0.289522059375 0.822099671875 0.287990196875
0 0.9415849656249999 0.330882353125 0.928308825 0.32628676562500003 0.90073529375 0.3140318625 0.9078839875 0.338541665625 0.9140114374999999 0.35079656875 0.92116013125 0.378370096875 0.934436275 0.422794115625 0.936478759375 0.422794115625 0.9436274499999999 0.41053921562499995 0.9497549 0.3799019625 0.9630310468750001 0.34926470625 0.9763071875 0.335477940625 0.97426470625 0.3140318625 0.9579248375 0.330882353125 0.9415849656249999 0.330882353125
0 0.40543300625 0.65410539375 0.401348040625 0.609681371875 0.3860294125 0.608149509375 0.36151960625 0.643382353125 0.34007353125 0.658700978125 0.324754903125 0.669424021875 0.303308825 0.6801470593750001 0.30228758125 0.7107843125 0.314542484375 0.721507353125 0.3421160125 0.6801470593750001 0.37275326875000003 0.66176470625 0.369689540625 0.6969975500000001 0.38705065312500003 0.74295343125 0.41666666875 0.764399509375 0.44117646875 0.764399509375 0.45241013125 0.723039215625 0.42994281250000005 0.7107843125 0.41360294062499997 0.6801470593750001 0.40543300625 0.65410539375
0 0.531045753125 0.59589460625 0.515727125 0.59895833125 0.49530228750000005 0.646446078125 0.4830473875 0.690870096875 0.460580065625 0.716911765625 0.45751634062499996 0.747549021875 0.47998365937500004 0.74448529375 0.503472221875 0.73988970625 0.526960784375 0.72916666875 0.573937909375 0.735294115625 0.5923202625 0.73223039375 0.60049019375 0.724571078125 0.5953839875 0.687806371875 0.573937909375 0.681678921875 0.56168300625 0.66023284375 0.550449346875 0.609681371875 0.531045753125 0.59589460625
0 0.607638890625 0.65563725625 0.596405228125 0.670955884375 0.5984477125 0.719975490625 0.61478758125 0.715379903125 0.6290849656249999 0.6985294125 0.64950980625 0.7015931375 0.6689134 0.718443628125 0.679125815625 0.7107843125 0.6801470593750001 0.6755514687499999 0.65563725625 0.66176470625 0.64950980625 0.621936275 0.628063725 0.6020220593750001 0.617851309375 0.6234681375 0.607638890625 0.65563725625
0 0.7128267968750001 0.706188725 0.73223039375 0.6985294125 0.75674019375 0.7306985312500001 0.7669526125 0.716911765625 0.75061274375 0.6969975500000001 0.740400325 0.67861519375 0.73223039375 0.646446078125 0.719975490625 0.608149509375 0.7128267968750001 0.608149509375 0.6954656875 0.6265318625 0.680984184375 0.681476390625 0.6801470593750001 0.715379903125 0.7128267968750001 0.706188725
4 0.228125 0.440625 0.065625 0.109375
2 0.571875 0.41875 0.075 0.1140625
2 0.871875 0.465625 0.0484375 0.0984375