0 0.066799428125 0.293321078125 0.052502040625 0.30863970625000003 0.070884396875 0.328553921875 0.0953942 0.328553921875 0.106627859375 0.29791666562499997 0.12092524375 0.262683825 0.13215890624999999 0.22285539375000002 0.1393076 0.20600490312500003 0.127052696875 0.173835784375 0.1250102125 0.15085784375 0.11173406875 0.14932598125000002 0.106627859375 0.178431371875 0.10867034375 0.21213235312499998 0.098457925 0.23511029374999998 0.0780330875 0.2672794125 0.066799428125 0.293321078125
2 0.11875 0.3671875 0.153125 0.04375
2 0.215625 0.1671875 0.1 0.1140625
0 0.816253946875 0 0.791751246875 0.0070910625 0.761124465625 0.026231228125 0.75186520625 0.0321205125 0.748303953125 0.0321205125 0.7126914156249999 0.021814265625000002 0.68776264375 0.02770355 0.6371928437500001 0.038009787499999996 0.612264065625 0.04537139375 0.5930333 0.05567763437499999 0.57807603125 0.04831603125 0.55101050625 0.036537471875 0.5282184812499999 0.02475890625 0.49830395312500003 0.02475890625 0.472662928125 0.0306481875 0.46875 0.033344374999999996 0.46875 0.14916271875 0.47551193124999996 0.138127578125 0.486907940625 0.11751509062500001 0.506850959375 0.123404371875 0.52608173125 0.135182934375 0.541751246875 0.155795421875 0.54958600625 0.17640790625 0.5567085125 0.20143735000000002 0.56525551875 0.23971768437500002 0.573090278125 0.279470334375 0.5823495375000001 0.30744441875 0.5958823 0.26769176875 0.6087028125 0.22793911875 0.61368856875 0.202909671875 0.62437233125 0.170518621875 0.6379050937499999 0.135182934375 0.654286859375 0.11457044999999999 0.679215634375 0.11457044999999999 0.70058315625 0.123404371875 0.71482816875 0.13959989687500002 0.730497684375 0.17346326875 0.744030446875 0.2456069625 0.749016203125 0.272108728125 0.75186520625 0.275053371875 0.7632612187500001 0.26033016875000003 0.7746572281249999 0.24707928437499999 0.7817797343749999 0.210271271875 0.78676549375 0.17640790625 0.80243500625 0.155795421875 0.815967771875 0.15285078125 0.8259392812499999 0.17640790625 0.830925034375 0.19996503125 0.8394720437500001 0.258857846875 0.842321046875 0.261802490625 0.8508680562500001 0.250023921875 0.860839565625 0.202909671875 0.86582531875 0.174935584375 0.8836315906250001 0.10868116875 0.8993011031249999 0.09395796875 0.91140936875 0.095430284375 0.9185318718750001 0.135182934375 0.9249421281249999 0.16021238437500002 0.9342013874999999 0.214688234375 0.93776264375 0.229411440625 0.9413238968750001 0.23235607812499998 0.9527199062499999 0.20732663437499999 0.9641159187499999 0.1984927125 0.9712384249999999 0.217632878125 0.97479968125 0.26033016875000003 0.972662928125 0.29566585624999997 0.9698139250000001 0.331001546875 0.9698139250000001 0.33983546875 0.984058940625 0.322167621875 0.98904469375 0.2853596125 0.98904469375 0.2456069625 0.98619569375 0.1984927125 0.980497684375 0.17346326875 0.9712384249999999 0.12929365625 0.961266915625 0.101319565625 0.9484464031250001 0.0674562 0.9306401375 0.029175865625000002 0.9128338656249999 0.0070910625 0.869386575 0.0041464218749999995 0.8508680562500001 0.015924984375 0.83733529375 0.033592828125 0.8252270312500001 0.038009787499999996 0.827197134375 0 0.816253946875 0
3 0.8875 0.221875 0.10625 0.3359375
0 0.06930147187499999 0.46676829062499997 0.078492646875 0.5125 0.08564134062499999 0.53689024375 0.09585375625 0.503353659375 0.11321486875 0.46676829062499997 0.13772467187499998 0.44390243749999997 0.178574346875 0.42560975624999997 0.17755416875000002 0.3890625 0.094280409375 0.3890625 0.087683821875 0.39054878125000003 0.086024303125 0.3890625 0.027777778125000003 0.3890625 0.027430556249999998 0.39359755937499996 0.052961603125 0.41798780625000004 0.058067809375 0.42865853437499996 0.06930147187499999 0.46676829062499997
0 0.27457107812500003 0.82195121875 0.252103759375 0.8189024406250001 0.22555146874999998 0.799085365625 0.184701796875 0.75945121875 0.1765318625 0.796036584375 0.167340684375 0.8265243906249999 0.159170753125 0.8417682937500001 0.128533496875 0.850914634375 0.10708741875000001 0.8387195125 0.08053513125 0.791463415625 0.068280228125 0.74420731875 0.056025325 0.7472560968749999 0.049897875 0.82804878125 0.039685459374999996 0.8753048781249999 0.009048203125 0.8875 0.011090684375 0.9210365875000001 0.053982843749999995 0.9042682937500001 0.081556371875 0.9042682937500001 0.11015114374999999 0.9118902437499999 0.13772467187499998 0.928658534375 0.159170753125 0.934756096875 0.180616828125 0.908841465625 0.18878676249999998 0.8951219531250001 0.20308415000000002 0.90579268125 0.23678513125 0.9210365875000001 0.27150735312499996 0.9164634125 0.27865604374999997 0.8981707312499999 0.28069853125 0.861585365625 0.27457107812500003 0.82195121875
5 0.665625 0.890625 0.05 0.05
5 0.6 0.8890625 0.0390625 0.0453125
5 0.5375 0.8796875 0.0484375 0.059375
3 0.6953125 0.89375 0.078125 0.071875
3 0.7609375 0.8875 0.05625 0.065625
3 0.765625 0.8203125 0.0453125 0.1046875