0 0.3189470375 0.30756345 0.319908209375 0.34551411249999997 0.341053921875 0.361326890625 0.37373365937499997 0.361326890625 0.400646384375 0.373977109375 0.4314037875 0.347095390625 0.44005430624999997 0.291750671875 0.39872405 0.301238340625 0.371811321875 0.313888559375 0.352587946875 0.302819615625 0.326636390625 0.288588115625 0.3189470375 0.30756345
1 0.184375 0.1984375 0.096875 0.234375
1 0.271875 0.253125 0.09375 0.2609375
1 0.36875 0.21875 0.09375 0.1796875
1 0.4421875 0.1890625 0.053125 0.215625
2 0.8359375 0.34375 0.328125 0.1875
3 0.3078125 0.91875 0.040625 0.0515625
3 0.3625 0.9 0.05 0.059375
3 0.340625 0.8265625 0.059375 0.1171875
3 0.290625 0.84375 0.059375 0.1078125
0 1 0.591904590625 0.99652631875 0.5811091937499999 0.98252071875 0.5811091937499999 0.9813535812499999 0.6195304312500001 0.9813535812499999 0.67890870625 0.937002509375 0.68764080625 0.9440053125000001 0.73828698125 0.99302491875 0.72606204375 1 0.72570214375 1 0.591904590625
0 0.85296889375 0.686985896875 0.8342947593750001 0.732392815625 0.85296889375 0.737632071875 0.9031556374999999 0.732392815625 0.9393367749999999 0.751603434375 0.9358353781250001 0.70445009375 0.9183283718749999 0.6468182437500001 0.904322771875 0.5769614468750001 0.885648634375 0.56997576875 0.875144434375 0.657296759375 0.85296889375 0.686985896875
0 0.7899436875 0.625861203125 0.77593808125 0.676507378125 0.7455926125000001 0.6817466375000001 0.72575134375 0.63284688125 0.71758140625 0.573468609375 0.70357580625 0.57870786875 0.690737334375 0.624114784375 0.67323033125 0.6817466375000001 0.656890465625 0.70968935625 0.631213528125 0.6730145375000001 0.6230435937500001 0.6223683624999999 0.616040790625 0.56648293125 0.599700921875 0.56822935 0.5845281875 0.624114784375 0.570522584375 0.6677752781249999 0.535508578125 0.716675034375 0.5191687093749999 0.7393784937500001 0.56468691875 0.746364171875 0.6545562 0.742871334375 0.71758140625 0.720167875 0.7712695468749999 0.732392815625 0.795779353125 0.737632071875 0.83546189375 0.7254071343749999 0.837796159375 0.686985896875 0.822623425 0.664282440625 0.8144534906249999 0.6311004625 0.80628355625 0.5647365093750001 0.794612221875 0.57870786875 0.7899436875 0.625861203125