0 0.282274246875 0 0.273564253125 0.0159214875 0.262991396875 0.055453428125 0.251457371875 0.08391643125 0.223583475 0.076010040625 0.196670753125 0.063359821875 0.188981403125 0.09814792812499999 0.202437765625 0.12186709375 0.222622309375 0.12661092812500002 0.240884515625 0.13767986875 0.28125360625 0.15191136875 0.29855464375 0.09656665 0.31297217499999996 0.061778543750000005 0.34084606875 0.028571709374999997 0.36875 0.013763174999999999 0.36875 0 0.282274246875 0
1 0.3234375 0.1125 0.090625 0.225
1 0.225 0.1671875 0.0859375 0.1109375
1 0.13125 0.146875 0.0859375 0.115625
1 0.26875 0.425 0.096875 0.0484375
4 0.06875 0.25625 0.0484375 0.109375
3 0.1375 0.221875 0.1171875 0.3078125
0 0.9081996437500001 0 0.9113445375 0.0345938375 0.912511671875 0.0503501375 0.945191409375 0.07485994375 0.960364146875 0.055602240625 0.9942110187500001 0.046848740625 1 0.064215684375 1 0 0.9081996437500001 0
0 0.674439778125 0 0.67558356875 0.008333331250000001 0.7281045749999999 0.039845940625 0.7467787125 0.08536414375 0.7841269843750001 0.092366946875 0.78646125 0.055602240625 0.796273409375 0 0.674439778125 0
0 0.557759103125 0 0.564705884375 0.052100840625 0.59388421875 0.052100840625 0.626563959375 0.048599437499999995 0.6510737625 0.038095237500000004 0.668580765625 0.00308123125 0.6684633875 0 0.557759103125 0
0 0.508169928125 0 0.4818394 0.00658263125 0.4748366 0.06960784375 0.492343603125 0.083613446875 0.50985060625 0.090616246875 0.53552754375 0.088865546875 0.5518674156250001 0.053851543749999994 0.5518674156250001 0 0.508169928125 0
2 0.453125 0.2078125 0.06875 0.103125
2 0.44375 0.30625 0.0703125 0.0828125
2 0.925 0.221875 0.034375 0.1375
3 0.834375 0.1671875 0.18125 0.30625
3 0.853125 0.390625 0.0953125 0.1171875
3 0.946875 0.171875 0.1046875 0.28125
3 0.678125 0.1703125 0.1453125 0.3265625
0 0 0.660104925 0.00238970625 0.665244828125 0.02281454375 0.6910964093749999 0.033026959375 0.671327553125 0.04936683125 0.6530793781249999 0.073876634375 0.66828619375 0.088174021875 0.681972325 0.10859885625000001 0.695658453125 0.125959965625 0.697179134375 0.1341299 0.66828619375 0.156597221875 0.6515587 0.184170753125 0.63939325 0.20970179687499998 0.633310525 0.2342116 0.646996653125 0.262806371875 0.6485173343749999 0.28527369375 0.642434609375 0.306719771875 0.6302691593749999 0.325102125 0.610500303125 0.337357028125 0.598334853125 0.330208334375 0.552714415625 0.309783496875 0.552714415625 0.26689134062500003 0.560317821875 0.2454452625 0.5572764593749999 0.213786765625 0.555755778125 0.170894609375 0.555755778125 0.15455473749999998 0.566400546875 0.12085375937500001 0.583128040625 0.08102532500000001 0.5922521281249999 0.036090684375 0.596814175 0.00545343125 0.61354166875 0 0.627752434375 0 0.660104925
2 0.328125 0.684375 0.0796875 0.1640625
2 0.2 0.696875 0.146875 0.15
2 0.0625 0.7140625 0.0875 0.1296875
3 0.728125 0.915625 0.0703125 0.1015625
3 0.8671875 0.878125 0.0796875 0.15