0 0.230680509375 0.21189120625000002 0.21337946875 0.20872865312500002 0.1989619375 0.196078428125 0.1605151875 0.19924098437499999 0.177816225 0.22612270625000003 0.19992310625 0.22296014999999997 0.21337946875 0.2577482625 0.2297193375 0.289373815625 0.24798154687500001 0.314674259375 0.263360246875 0.29095509062499997 0.27777777812500004 0.260910815625 0.300845828125 0.260910815625 0.300845828125 0.19291587500000001 0.281622453125 0.189753321875 0.24990388125 0.203984821875 0.230680509375 0.21189120625000002
0 0.318146865625 0.197659709375 0.297962321875 0.19291587500000001 0.297962321875 0.216635040625 0.298923490625 0.26723592812499997 0.31141868437500003 0.275142315625 0.328719725 0.302024034375 0.353710109375 0.30676786875 0.370049978125 0.27988615 0.3844675125 0.224541428125 0.3998462125 0.197659709375 0.39696270624999996 0.16603415625 0.3767781625 0.19291587500000001 0.34505959375 0.189753321875 0.318146865625 0.197659709375
0 0.4344482875 0.14547754375 0.417147253125 0.1407337125 0.4152249125 0.1771031 0.44694348437500003 0.19924098437499999 0.46905036562499997 0.21189120625000002 0.490196078125 0.213472484375 0.513264128125 0.221378875 0.519992309375 0.19291587500000001 0.53056516875 0.1707779875 0.5324875062500001 0.13598988125 0.524798153125 0.11701455000000001 0.49211841562499997 0.14389626875 0.461361015625 0.14547754375 0.4344482875 0.14547754375
0 0.664167628125 0.224541428125 0.652633603125 0.196078428125 0.642060746875 0.1565464875 0.62475970625 0.124920934375 0.59784698125 0.09962049687499999 0.571895425 0.090132828125 0.5545943875 0.098039215625 0.52864283125 0.11859582500000002 0.5449827 0.153383934375 0.57477893125 0.169196709375 0.6026528250000001 0.20240354374999997 0.61707035625 0.23719165000000003 0.634371396875 0.29253636875 0.674740484375 0.27830486875 0.693002690625 0.26723592812499997 0.7131872375 0.26249209375000004 0.726643596875 0.238772928125 0.718954246875 0.203984821875 0.692041521875 0.216635040625 0.664167628125 0.224541428125
0 0.25182621875 0.770082225 0.25086505 0.8206831125 0.27393310312499997 0.8191018343750001 0.293156478125 0.798545225 0.324875046875 0.798545225 0.357554784375 0.7922201125 0.38542868124999996 0.776407334375 0.382545175 0.74320050625 0.357554784375 0.752688171875 0.32775855625 0.7479443375 0.308535178125 0.75743200625 0.27873894374999997 0.766919671875 0.25182621875 0.770082225
0 0.3998462125 0.8080328874999999 0.43060361562500005 0.8349146125000001 0.45751634062499996 0.8222643875 0.490196078125 0.8222643875 0.511341790625 0.8064516125000001 0.5123029625 0.7685009468749999 0.504613609375 0.749525615625 0.47866204999999995 0.763757115625 0.459438678125 0.774826059375 0.43252595312500003 0.7621758375 0.39119569374999996 0.752688171875 0.3998462125 0.8080328874999999
1 0.140625 0.353125 0.053125 0.125
1 0.203125 0.29375 0.084375 0.2046875
1 0.3 0.365625 0.0875 0.196875
1 0.421875 0.2703125 0.1265625 0.184375
1 0.571875 0.253125 0.13125 0.225
1 0.690625 0.3078125 0.0859375 0.1109375
1 0.784375 0.2875 0.0859375 0.115625
1 0.646875 0.659375 0.096875 0.234375
1 0.559375 0.7140625 0.09375 0.2609375
1 0.4625 0.678125 0.09375 0.1796875
1 0.3671875 0.65 0.0953125 0.215625
1 0.284375 0.7015625 0.0828125 0.190625
4 0.846875 0.396875 0.0484375 0.109375
3 0.778125 0.3625 0.1171875 0.3078125
3 0.20625 0.375 0.1015625 0.3265625