0 0 0.344252478125 0.062663396875 0.346875 0.040196078125 0.313338415625 0.027941175000000002 0.26608231875 0.015686275 0.202057925 0.000367646875 0.215777440625 0 0.217373890625 0 0.344252478125
0 0.237295753125 0.30114329375 0.206658496875 0.310289634375 0.18521241875 0.29809451249999996 0.15866013125 0.250838415625 0.146405228125 0.20358231875000002 0.134150328125 0.20663109687499998 0.128022875 0.28742378125 0.11781045625 0.334679878125 0.087173203125 0.346875 0.08917158750000001 0.3796875 0.091067846875 0.3796875 0.13210784375 0.36364329375 0.159681371875 0.36364329375 0.18827614374999999 0.37126524375000003 0.202125575 0.3796875 0.2492487875 0.3796875 0.25874183125 0.3682164625 0.266911765625 0.354496953125 0.28120915 0.36516768125 0.313309334375 0.3796875 0.32040781875 0.3796875 0.34963235312499996 0.375838415625 0.35678104374999997 0.35754573125 0.35882353125 0.320960365625 0.35269607812500003 0.28132621874999997 0.330228759375 0.27827744062500004 0.30367646875 0.258460365625 0.262826796875 0.21882621875 0.25465686249999997 0.255411584375 0.245465684375 0.28589939062499997 0.237295753125 0.30114329375
5 0.5875 0.021875 0.078125 0.04375
5 0.8 0.04375 0.0375 0.0796875
5 0.853125 0.040625 0.0390625 0.0796875
5 0.928125 0.0609375 0.0359375 0.0953125
5 0.965625 0.1515625 0.0296875 0.0703125
5 0.984375 0.0359375 0.03125 0.071875
5 0.921875 0.1609375 0.034375 0.0828125
5 0.88125 0.159375 0.03125 0.084375
3 0.44375 0.765625 0.059375 0.2203125
1 0.221875 0.8296875 0.0625 0.096875
1 0.35 0.8125 0.0421875 0.1703125
1 0.296875 0.809375 0.0390625 0.10625
3 0.25625 0.775 0.0734375 0.178125
3 0.4875 0.765625 0.0453125 0.2125
3 0.8625 0.3984375 0.1015625 0.0375
2 0.778125 0.7671875 0.0375 0.0390625