0 0.383731615625 0.137928921875 0.35717933125 0.1547794125 0.34594566875 0.20686274375 0.32449959375000004 0.21758578437499998 0.29896854375 0.211458334375 0.33777573437499997 0.27732843125 0.3469669125 0.298774509375 0.361264296875 0.269669115625 0.36330678125000004 0.2329044125 0.37964665000000003 0.19307598125 0.393944034375 0.1716299 0.40722018125000004 0.148651959375 0.43479370937499995 0.17316176249999998 0.459375 0.20352688749999998 0.459375 0.11455935625 0.45828227187500004 0.113419115625 0.427645015625 0.088909315625 0.387816584375 0.09810049062500001 0.383731615625 0.137928921875
0 0.285692403125 0.20073529375 0.284671159375 0.162438725 0.272416259375 0.12107843125 0.23769403437499997 0.12567401875 0.221354165625 0.156311275 0.21012050625 0.20073529375 0.19480188125 0.18235294062500002 0.178462009375 0.16703431562499998 0.155994690625 0.162438725 0.135569853125 0.19460784375 0.138633578125 0.24209558750000001 0.16212214062500002 0.27426470625 0.182546978125 0.289583334375 0.209099265625 0.3049019625 0.238715278125 0.329411765625 0.2407577625 0.329411765625 0.25403390312499996 0.28498774375 0.271395015625 0.24056372499999998 0.285692403125 0.20073529375
3 0.403125 0.221875 0.1109375 0.2328125
5 0.871875 0.30625 0.0546875 0.0640625
3 0.490625 0.25625 0.0609375 0.1625
3 0.2296875 0.909375 0.0765625 0.10625
5 0.36186011875 0.82169256875 0.3607514875 0.8276008593749999 0.368504465625 0.8256299625000001 0.362966271875 0.8256299625000001 0.36186011875 0.82169256875
5 0.128125 0.7921875 0.0515625 0.0875
4 0.334375 0.8953125 0.065625 0.109375
4 0.2765625 0.8953125 0.05625 0.08125
2 0.84375 0.74375 0.0625 0.025
2 0.5828125 0.703125 0.0578125 0.0484375
1 0.796875 0.71875 0.0609375 0.04375
1 0.58125 0.690625 0.0453125 0.025
1 0.5625 0.728125 0.0625 0.0328125
1 0.56875 0.7625 0.084375 0.028125
1 0.79375 0.7015625 0.0640625 0.0234375
1 0.8578125 0.815625 0.0703125 0.025
5 0.5390625 0.7875 0.046875 0.028125
5 0.671875 0.684375 0.0875 0.04375
5 0.828125 0.759375 0.0703125 0.025