0 0.51164215625 0.278799021875 0.514705884375 0.219056371875 0.5361519593749999 0.18688725625 0.5657679718749999 0.180759803125 0.560661765625 0.127144609375 0.543300653125 0.134803921875 0.503472221875 0.176164215625 0.466707515625 0.20680146875 0.42994281250000005 0.19914215625 0.43402777812500004 0.266544115625 0.46875 0.292585784375 0.487132353125 0.34926470625 0.514705884375 0.364583334375 0.51164215625 0.278799021875
0 0.7077205875 0.188419115625 0.723039215625 0.1700367625 0.708741828125 0.137867646875 0.659722221875 0.15318627499999998 0.566789215625 0.12561274375 0.5678104562499999 0.15931372500000002 0.583129084375 0.171568628125 0.612745096875 0.18688725625 0.6290849656249999 0.21599264687500003 0.6576797375 0.24050245312500002 0.67708333125 0.19914215625 0.7077205875 0.188419115625
0 0.134803921875 0.249693628125 0.1685049 0.28492646875 0.215482028125 0.28492646875 0.23897058750000003 0.30943627500000004 0.273692809375 0.306372546875 0.294117646875 0.3017769625 0.344158496875 0.3125 0.371732028125 0.346200978125 0.38705065312500003 0.320159315625 0.393178103125 0.27726715625 0.3686683 0.24050245312500002 0.337009803125 0.251225490625 0.32577614375 0.266544115625 0.294117646875 0.26501225625 0.26960784375 0.255821078125 0.24509803749999998 0.24662990312500002 0.1919934625 0.24509803749999998 0.15420751562499999 0.23590686249999998 0.134803921875 0.249693628125
0 0.167483659375 0.686274509375 0.16646241875 0.74448529375 0.20629084999999997 0.721507353125 0.23284313750000002 0.718443628125 0.271650328125 0.721507353125 0.32271241875 0.761335784375 0.3451797375 0.75674019375 0.377859475 0.7261029406249999 0.36151960625 0.687806371875 0.32271241875 0.658700978125 0.31964869375 0.615808821875 0.320669934375 0.58210784375 0.30535130625 0.57598039375 0.267565359375 0.612745096875 0.23080065312500003 0.6326593125 0.18688725625 0.64950980625 0.171568628125 0.65104166875 0.167483659375 0.686274509375
0 0.52083333125 0.687806371875 0.49530228750000005 0.670955884375 0.476919934375 0.640318628125 0.45751634062499996 0.6173406875 0.42994281250000005 0.640318628125 0.409517971875 0.670955884375 0.373774509375 0.6969975500000001 0.38194444375000003 0.7261029406249999 0.41462418437500004 0.74295343125 0.447303921875 0.72763480625 0.489174834375 0.716911765625 0.516748365625 0.719975490625 0.52083333125 0.687806371875
0 0.603553921875 0.6357230406250001 0.584150325 0.646446078125 0.560661765625 0.66636029375 0.540236928125 0.6801470593750001 0.5259395437500001 0.6954656875 0.5249183000000001 0.7261029406249999 0.541258171875 0.74448529375 0.583129084375 0.75674019375 0.61478758125 0.75061274375 0.6107026125 0.7046568625 0.60866013125 0.66176470625 0.603553921875 0.6357230406250001
0 0.790441178125 0.73376225625 0.833333334375 0.72763480625 0.8782679718749999 0.718443628125 0.8823529406249999 0.6954656875 0.8660130718750001 0.6755514687499999 0.85682189375 0.638786765625 0.8374183000000001 0.606617646875 0.8282271218749999 0.683210784375 0.792483659375 0.6985294125 0.773080065625 0.683210784375 0.746527778125 0.641850490625 0.735294115625 0.689338234375 0.7373366 0.7261029406249999 0.7536764687499999 0.7306985312500001 0.790441178125 0.73376225625
2 0.203125 0.36875 0.13125 0.1640625
2 0.3 0.403125 0.0546875 0.1375
5 0.403125 0.4125 0.0765625 0.15
5 0.840625 0.565625 0.0453125 0.15
5 0.928125 0.559375 0.04375 0.1546875
5 0.625 0.61875 0.065625 0.1515625
5 0.2359375 0.5625 0.19375 0.1296875
5 0.53125 0.3484375 0.0578125 0.1734375
4 0.65625 0.35 0.0703125 0.115625
4 0.803125 0.3609375 0.0578125 0.1484375
1 0.9328125 0.575 0.04375 0.134375
1 0.984375 0.55625 0.0296875 0.1328125
3 0.6890625 0.575 0.121875 0.29375
3 0.3875 0.56875 0.125 0.234375
3 0.4375 0.3671875 0.1125 0.2734375
3 0.31875 0.38125 0.1 0.2265625
3 0.7375 0.321875 0.1375 0.2515625
3 0.89375 0.56875 0.09375 0.228125