0 0.28822508125 0.286825978125 0.24941789375 0.315931371875 0.23307802500000002 0.354227940625 0.2657577625 0.384865196875 0.28822508125 0.389460784375 0.309375 0.37296385 0.309375 0.2077918 0.30558619375 0.20410539375 0.290267565625 0.21023284375 0.29128880625 0.243933825 0.28822508125 0.286825978125
0 0.22899305625 0.354227940625 0.237162990625 0.325122546875 0.20141952812500002 0.299080884375 0.180994690625 0.268443628125 0.153421159375 0.245465684375 0.134017565625 0.268443628125 0.1156352125 0.299080884375 0.090104165625 0.315931371875 0.09418913437500001 0.348100490625 0.121762665625 0.345036765625 0.16363357812499998 0.355759803125 0.19631331875 0.37107843125 0.22899305625 0.354227940625
0 0 0.379482921875 0.027808415625 0.384865196875 0.06967933125 0.37261029375 0.08601919999999999 0.354227940625 0.084997959375 0.323590684375 0.07070057187499999 0.308272059375 0.050275734375000006 0.29448529375 0.026787175000000003 0.27457107812500003 0.007383578125 0.26384803749999997 0.00227736875 0.28988970625 0.00023488437499999997 0.33278186249999997 0 0.33542433125 0 0.379482921875
2 0.296875 0.05 0.0265625 0.1
5 0.20625 0.0578125 0.0765625 0.115625
5 0.009375 0.246875 0.01875 0.1515625
5 0.08125 0.03125 0.0578125 0.0625
3 0.225 0.196875 0.125 0.234375
3 0.1734375 0.065625 0.1125 0.13125
3 0.275 0.0609375 0.06875 0.121875
0 1 0.47693337500000005 0.9892565375 0.487959559375 0.9688317 0.494087009375 0.9494281062500001 0.48030024375 0.927982028125 0.46191789375000003 0.9177696093750001 0.495618871875 0.9014297375 0.5109375 0.8769199343749999 0.50481005 0.860580065625 0.494087009375 0.82892156875 0.46038603125 0.806454246875 0.4374080875 0.7941993468749999 0.43434436249999997 0.773774509375 0.42821691250000005 0.7482434625 0.40830269374999995 0.721691178125 0.420557596875 0.7073937906250001 0.446599265625 0.69309640625 0.45732230625000003 0.664501634375 0.44047181249999995 0.6573529406249999 0.415962009375 0.650204246875 0.38532475625 0.63488561875 0.39604779375 0.620588234375 0.41136642187500005 0.598120915625 0.409834559375 0.589950978125 0.37306985312499996 0.5633986906249999 0.357751225 0.5450163406249999 0.37613357812500003 0.524591503125 0.386856615625 0.505187909375 0.379197303125 0.493954246875 0.40523896875 0.47863561875 0.45579044062499996 0.46740195937499995 0.48183210625 0.441870915625 0.48642769374999995 0.42348856250000005 0.477236521875 0.42348856250000005 0.43434436249999997 0.418382353125 0.379197303125 0.4 0.40370710625 0.3703839875 0.415962009375 0.34995915 0.40370710625 0.34178921562500003 0.360814953125 0.31727941249999997 0.347028184375 0.309375 0.36966354687499997 0.309375 0.386188728125 0.3264705875 0.422089459375 0.3560866 0.46191789375000003 0.3765114375 0.497150734375 0.402042484375 0.5124693625 0.41940359374999997 0.54617034375 0.44289215625 0.5507659312500001 0.47761438125 0.54004289375 0.514379084375 0.5063419125 0.564419934375 0.500214459375 0.6267156875000001 0.500214459375 0.664501634375 0.495618871875 0.720669934375 0.495618871875 0.7564134 0.495618871875 0.7860294125 0.507873775 0.8003267968750001 0.51706495 0.8146241812499999 0.5492340687499999 0.84117646875 0.570680146875 0.86262255 0.5814031875000001 0.8983660125 0.5814031875000001 0.921854575 0.56455269375 0.92900326875 0.543106615625 0.9708741812499999 0.54770220625 1 0.5336090687499999 1 0.47693337500000005
0 0.44714052187500003 0 0.420424834375 0.01001838125 0.381617646875 0.019209559374999997 0.353022875 0.01001838125 0.324428103125 0.00848651875 0.324428103125 0.07129289375 0.329534315625 0.065165440625 0.338725490625 0.08507965625 0.352001634375 0.104993871875 0.366299021875 0.1157169125 0.371405228125 0.088143384375 0.382638890625 0.08048406875 0.40408496562499996 0.09580269375 0.4142973875 0.109589459375 0.42246731875 0.131035540625 0.43778594687499994 0.14635416875 0.45208333125 0.14175857812499998 0.46535947499999997 0.112653184375 0.480678103125 0.094270834375 0.49599673125 0.109589459375 0.5133578437499999 0.12950367499999998 0.527655228125 0.144822303125 0.540931371875 0.175459559375 0.5531862750000001 0.175459559375 0.561356209375 0.15707720625 0.571568628125 0.1249080875 0.5858660125 0.10652573750000001 0.604248365625 0.08201593125 0.6256944437499999 0.08048406875 0.63488561875 0.11878063750000001 0.64918300625 0.14329044062500002 0.66245915 0.1861826 0.6859477125 0.20609681562499998 0.7012663406249999 0.183118871875 0.7073937906250001 0.15401348125 0.715563725 0.1203125 0.75539215625 0.088143384375 0.774795753125 0.086611521875 0.7860294125 0.09580269375 0.8003267968750001 0.1203125 0.819730390625 0.13716299062499998 0.840155228125 0.135631128125 0.8513888875 0.1157169125 0.864665034375 0.10193014687499999 0.8758986906249999 0.08048406875 0.887132353125 0.08201593125 0.89938725625 0.112653184375 0.9044934625 0.12797181562499998 0.9177696093750001 0.12950367499999998 0.92593954375 0.11878063750000001 0.9381944437499999 0.104993871875 0.9433006531249999 0.08507965625 0.9514705875 0.07129289375 0.9729166656249999 0.045251225 0.987214053125 0.039123775 1 0.04018926875 1 0.00653655 0.9473856218750001 0.01001838125 0.8861111125000001 0.034528184375 0.8125817 0.034528184375 0.7686683000000001 0.00848651875 0.691053921875 0.011550246875 0.6284900906249999 0 0.44714052187500003 0
1 0.9609375 0.1734375 0.078125 0.259375
1 0.865625 0.1890625 0.103125 0.1734375
1 0.875 0.403125 0.1015625 0.1796875
1 0.7828125 0.39375 0.059375 0.128125
1 0.709375 0.403125 0.0796875 0.1140625
1 0.959375 0.40625 0.0796875 0.1890625
5 0.684375 0.26875 0.0484375 0.159375
3 0.871875 0.19375 0.1046875 0.2140625
3 0.875 0.3875 0.0984375 0.2609375