0 0 0.168562771875 0.001296978125 0.1689951 0.0125306375 0.15214460937500002 0.029891746875000003 0.093933821875 0.058486521874999996 0.07248774375 0.07482638750000001 0.028063725 0.043167893750000005 0.01887255 0.006403184375 0.0295955875 0 0.0520067375 0 0.168562771875
0 0.139164625 0.214950978125 0.154483253125 0.173590684375 0.1749080875 0.123039215625 0.20350285937499998 0.077083334375 0.197375409375 0.051041665624999996 0.1687806375 0.046446078125 0.14529207500000002 0.086274509375 0.11771854374999999 0.10159313750000001 0.10239991875000001 0.07401960625000001 0.08503880625 0.031127453125 0.071762665625 0.041850490625 0.058486521874999996 0.075551471875 0.0921875 0.11691176249999999 0.10852736874999999 0.172058825 0.12282475625 0.213419115625 0.139164625 0.214950978125
0 0.17899305625 0.45545343125000004 0.171546975 0.46875 0.21182451875 0.46875 0.21065155 0.46464460625 0.201460375 0.42634804062500004 0.1840992625 0.412561275 0.17899305625 0.45545343125000004
3 0.00625 0.2171875 0.0125 0.115625
3 0.290625 0.234375 0.0640625 0.153125
3 0.378125 0.18125 0.0828125 0.196875
3 0.0125 0.953125 0.0234375 0.0921875
3 0.0484375 0.959375 0.084375 0.08125
3 0.1171875 0.9484375 0.071875 0.103125
3 0.25625 0.9328125 0.075 0.134375
5 0.26875 0.965625 0.0546875 0.0671875
5 0.2265625 0.940625 0.034375 0.065625
5 0.6171875 0.9125 0.059375 0.1484375
5 0.6890625 0.75625 0.0390625 0.1171875