0 0 0 0 0.05128685937500001 0.027085134374999997 0.059787425000000005 0.04823085 0.0990031125 0.0693765625 0.162351528125 0.09340578125 0.1714013 0.118396171875 0.132185615625 0.12896902500000001 0.076378678125 0.1424253875 0.031129806249999996 0.165362640625 0 0 0
0 0.18780269375 0 0.214513046875 0.0718537875 0.212590709375 0.14425198125 0.22604707500000001 0.174417890625 0.246231615625 0.169893003125 0.26064914687499996 0.1336939125 0.27314434374999996 0.100511409375 0.29140655 0.052245946875000004 0.31351343125 0.0115219625 0.316991425 0 0.18780269375 0
4 0.753125 0.2875 0.1015625 0.0875
1 0.8515625 0.30625 0.0859375 0.084375
0 0.74375 0.3296875 0.09375 0.0671875
5 0.275 0.95 0.0609375 0.0984375
5 0.2765625 0.871875 0.025 0.0640625
5 0.296875 0.7765625 0.025 0.0828125
5 0.3140625 0.71875 0.03125 0.0984375
5 0.3375 0.65625 0.0390625 0.0609375
5 0.375 0.63125 0.0421875 0.078125
5 0.425 0.6296875 0.0390625 0.0796875
5 0.459375 0.6640625 0.0171875 0.071875
4 0.465625 0.6984375 0.0078125 0.053125
4 0.290625 0.93125 0.0265625 0.059375
4 0.359375 0.6359375 0.021875 0.046875
4 0.4265625 0.6609375 0.0375 0.0734375
0 0.8875 0.8203125 0.0984375 0.059375