0 0.32913165312500003 0.176820728125 0.264939309375 0.18907563125 0.217086834375 0.19607843125 0.21825396874999997 0.257352940625 0.246265175 0.28011204375 0.268440709375 0.31337535 0.2894491125 0.29586834687499997 0.30578898125 0.246848740625 0.33963585625000003 0.255602240625 0.354808590625 0.27485994375 0.387488328125 0.2503501375 0.3886554625 0.23459383749999999 0.3921568625 0.19607843125 0.40032679687500006 0.150560221875 0.32913165312500003 0.176820728125
0 0.5917366937499999 0.12780111875 0.5462184875 0.12780111875 0.5053688125 0.136554621875 0.46685340625 0.12254901874999999 0.422502334375 0.11729691874999999 0.4026610625 0.148809525 0.420168065625 0.152310921875 0.44934640625 0.155812325 0.47385620937499995 0.162815125 0.503034546875 0.19607843125 0.51353875 0.255602240625 0.515873015625 0.292366946875 0.5532212875 0.28536414374999997 0.571895425 0.2398459375 0.62441643125 0.208333334375 0.63258636875 0.148809525 0.5917366937499999 0.12780111875
0 0.7061157812500001 0.252100840625 0.735294115625 0.252100840625 0.7434640531250001 0.19082633124999998 0.739962653125 0.15931372500000002 0.6337535 0.141806725 0.631419234375 0.203081234375 0.6489262375 0.2380952375 0.6734360406250001 0.248599440625 0.7061157812500001 0.252100840625
0 0.80765639375 0.283613446875 0.825163396875 0.26960784375 0.8181606 0.20658263125 0.769140990625 0.19432773125 0.748132584375 0.183823528125 0.748132584375 0.25385154375 0.76447245625 0.288865546875 0.7901493937499999 0.290616246875 0.80765639375 0.283613446875
0 0.781979459375 0.793067228125 0.79365079375 0.756302521875 0.777310925 0.7212885124999999 0.753968253125 0.689775909375 0.73879551875 0.693277309375 0.7317927156249999 0.756302521875 0.7212885124999999 0.8000700249999999 0.688608775 0.793067228125 0.66526610625 0.761554621875 0.645424834375 0.75105041875 0.6337535 0.784313725 0.62558356875 0.81407563125 0.59990663125 0.81407563125 0.58123249375 0.775560221875 0.5660597562499999 0.7422969187499999 0.5532212875 0.735294115625 0.5462184875 0.7983193281250001 0.531045753125 0.81057423125 0.5053688125 0.8035714281249999 0.49603174687499996 0.765056021875 0.48436040937499997 0.75280111875 0.47852474375 0.780812328125 0.462184871875 0.81582633125 0.44817927187500006 0.8175770312499999 0.4318394 0.780812328125 0.420168065625 0.766806725 0.41083100000000006 0.766806725 0.40032679687500006 0.796568628125 0.38281979375 0.81232493125 0.37114845937499996 0.81232493125 0.355975725 0.8035714281249999 0.3443043875 0.768557425 0.32563025 0.75455181875 0.31512605 0.772058821875 0.294117646875 0.7983193281250001 0.27661064375 0.8175770312499999 0.264939309375 0.819327728125 0.263772175 0.7913165281250001 0.263772175 0.758053221875 0.26143790624999996 0.7422969187499999 0.235760971875 0.789565828125 0.24042950625 0.840336134375 0.267273578125 0.875350140625 0.32212885 0.8771008406249999 0.37114845937499996 0.8771008406249999 0.41549953124999994 0.8735994406250001 0.476190475 0.8665966375 0.5287114875000001 0.8718487406250001 0.5917366937499999 0.8718487406250001 0.6839402437500001 0.88760504375 0.709617178125 0.8560924375000001 0.746965453125 0.8210784312499999 0.781979459375 0.793067228125
2 0.778125 0.68125 0.0640625 0.0703125
2 0.846875 0.4078125 0.06875 0.103125
2 0.85625 0.50625 0.0703125 0.0828125
2 0.375 0.421875 0.034375 0.1375
3 0.465625 0.3671875 0.18125 0.30625
3 0.446875 0.678125 0.0953125 0.2890625
3 0.340625 0.371875 0.1296875 0.28125
3 0.621875 0.3703125 0.1453125 0.3265625