0 0.24276377500000001 0.336134453125 0.24042950625 0.39565826249999997 0.246265175 0.44992997187499995 0.263772175 0.46568627500000004 0.27194210937499996 0.413165265625 0.29178338125000003 0.393907565625 0.32212885 0.40441176562500003 0.359477125 0.44292717187499997 0.3886554625 0.44992997187499995 0.399159665625 0.40441176562500003 0.4330065375 0.3851540625 0.44117646875 0.34838935625 0.429505134375 0.318627453125 0.39799253125 0.341386553125 0.359477125 0.35714285625 0.32796451875 0.35189075625 0.296451915625 0.35014005625 0.260270775 0.35189075625 0.24276377500000001 0.336134453125
0 0.44351073750000003 0.399159665625 0.461017740625 0.39565826249999997 0.493697478125 0.411414565625 0.52170868125 0.43942576874999995 0.522875815625 0.47093837499999996 0.53338001875 0.49544818125 0.55205415625 0.47969187812499997 0.56956115625 0.44817927187500006 0.58473389375 0.400910365625 0.605742296875 0.3834033625 0.6209150343750001 0.36589635625 0.6080765625 0.33963585625000003 0.541549953125 0.372899159375 0.492530346875 0.36064425624999996 0.43067226875 0.334383753125 0.44351073750000003 0.37114845625 0.44351073750000003 0.399159665625
0 0.618580765625 0.33788515625 0.6489262375 0.330882353125 0.669934640625 0.332633053125 0.6839402437500001 0.369397759375 0.675770309375 0.42366946875 0.681605975 0.44292717187499997 0.701447246875 0.42717086875000004 0.71311858125 0.411414565625 0.727124184375 0.3799019625 0.7434640531250001 0.35889355625 0.753968253125 0.336134453125 0.748132584375 0.309873946875 0.73646125 0.29586834687499997 0.70261438125 0.30462185 0.685107378125 0.288865546875 0.662931840625 0.301120446875 0.6162465 0.306372546875 0.618580765625 0.33788515625
0 0.312791784375 0.81582633125 0.32796451875 0.83683473125 0.362978525 0.829831934375 0.40149393125 0.829831934375 0.41666666875 0.82282913125 0.3851540625 0.793067228125 0.369981325 0.775560221875 0.362978525 0.784313725 0.347805790625 0.8018207281249999 0.312791784375 0.81582633125
0 0.462184871875 0.768557425 0.44351073750000003 0.789565828125 0.41549953124999994 0.805322128125 0.42133520312500006 0.833333334375 0.44817927187500006 0.833333334375 0.47502334375000005 0.8385854343749999 0.514705884375 0.840336134375 0.5438842187499999 0.840336134375 0.58473389375 0.8385854343749999 0.6360877687500001 0.82282913125 0.67226890625 0.81057423125 0.660597571875 0.784313725 0.62208216875 0.759803921875 0.606909428125 0.7913165281250001 0.5929038281250001 0.807072828125 0.567226890625 0.8000700249999999 0.556722690625 0.777310925 0.5392156875 0.761554621875 0.51937441875 0.765056021875 0.492530346875 0.780812328125 0.462184871875 0.768557425
0 0.692110178125 0.761554621875 0.6769374406249999 0.794817925 0.692110178125 0.8000700249999999 0.715452846875 0.8088235312500001 0.727124184375 0.786064425 0.7061157812500001 0.7422969187499999 0.692110178125 0.761554621875
1 0.6390625 0.3625 0.1140625 0.134375
1 0.74375 0.39375 0.071875 0.1015625
1 0.6578125 0.746875 0.059375 0.1375
1 0.578125 0.7421875 0.0765625 0.128125
1 0.503125 0.71875 0.090625 0.128125
1 0.415625 0.75 0.0921875 0.15
1 0.325 0.771875 0.090625 0.140625
1 0.225 0.71875 0.1 0.1015625
4 0.45625 0.39375 0.125 0.1
4 0.284375 0.39375 0.053125 0.06875