0 0.47254902187500003 0.295373775 0.45416666875 0.244822303125 0.425571896875 0.217248775 0.38982843125 0.2187806375 0.359191175 0.24635416562499998 0.33672385625 0.27086396874999996 0.3265114375 0.276991421875 0.31323529375 0.244822303125 0.296895425 0.2187806375 0.274428103125 0.20039828437499999 0.24583333437500002 0.197334559375 0.20804738750000001 0.22337622499999998 0.185580065625 0.25094975625 0.18353758125 0.290778184375 0.18353758125 0.316819853125 0.204983659375 0.301501225 0.222344771875 0.25860906875 0.248897059375 0.241758578125 0.281576796875 0.25094975625 0.30098039375 0.280055146875 0.3173202625 0.321415440625 0.32344771250000004 0.34592524375 0.340808825 0.32907475625 0.358169934375 0.2969056375 0.3734885625 0.26167279374999997 0.40004085 0.25401347812499997 0.430678103125 0.26167279374999997 0.45723039375 0.321415440625 0.47254902187500003 0.295373775
3 0.6375 0.3796875 0.04375 0.178125
3 0.065625 0.325 0.078125 0.2671875
5 0.88125 0.4125 0.0375 0.0796875
5 0.828125 0.409375 0.0390625 0.0796875
5 0.753125 0.425 0.0359375 0.0875
5 0.696875 0.4 0.03125 0.084375
2 0.409375 0.5703125 0.3453125 0.203125
2 0.103125 0.653125 0.20625 0.36875
4 0.8875 0.9 0.0734375 0.08125
4 0.94375 0.9078125 0.04375 0.078125
3 0.815625 0.903125 0.0703125 0.1046875