0 0.6044278125 0.25829394375 0.5950907437499999 0.2145264375 0.578750875 0.190016634375 0.5472382687499999 0.2197785375 0.52973126875 0.2320334375 0.47721025937499995 0.2425376375 0.438694853125 0.22152923750000003 0.415352184375 0.25654324375000004 0.4468647875 0.281053046875 0.471374590625 0.316067053125 0.4842130625 0.324820553125 0.497051528125 0.289806546875 0.512224265625 0.270548846875 0.5343998 0.27229954375 0.561243871875 0.291557246875 0.570580940625 0.284554446875 0.6044278125 0.25829394375
0 0.41768645 0.26529674375 0.423522115625 0.22678133749999999 0.399012315625 0.24778974062499998 0.36983397500000004 0.27229954375 0.335987103125 0.25654324375000004 0.2974717 0.249540440625 0.2974717 0.284554446875 0.342989903125 0.30031075 0.352326971875 0.33707545625 0.368666840625 0.34933035625 0.383839578125 0.30906425 0.41768645 0.26529674375
0 0.300973096875 0.27229954375 0.284633228125 0.26354604375 0.27646329375 0.284554446875 0.248452090625 0.26529674375 0.22744368750000002 0.249540440625 0.19943248125 0.24778974062499998 0.191262546875 0.282803746875 0.21927375312500003 0.302061446875 0.236780753125 0.323069853125 0.260123425 0.37384016249999996 0.282298959375 0.34232755625 0.288134628125 0.316067053125 0.300973096875 0.27229954375
0 1 0.037764840625000004 0.9900866593750001 0.03352220625 0.9714125250000001 0.031690703125000004 0.94690271875 0.07015224375 0.92005865 0.07930975312500001 0.902551646875 0.07015224375 0.878041840625 0.040848215625 0.8441949687499999 0.037185212499999995 0.8383592999999999 0.066489240625 0.8535320375 0.112276784375 0.86987190625 0.161727334375 0.8757075750000001 0.220335396875 0.9002173812500001 0.2130093875 0.93756565 0.165390340625 0.958574053125 0.1360863125 0.9935880593749999 0.121434296875 1 0.125093134375 1 0.037764840625000004
0 0.7400137124999999 0 0.71464315 0.029859203125 0.670292075 0.026196199999999996 0.66875 0.025096259375000003 0.66875 0.20934060937500001 0.6866319437499999 0.20202037499999997 0.70413895 0.1635588375 0.715810284375 0.137917809375 0.733317284375 0.09579326875000001 0.751991421875 0.071983746875 0.77066555625 0.055500228124999995 0.7951753625 0.050005725 0.8278551000000001 0.055500228124999995 0.8383592999999999 0.06099473125 0.8406935687500001 0.01887019375 0.80805395 0 0.7400137124999999 0
1 0.9703125 0.1171875 0.059375 0.153125
1 0.7828125 0.128125 0.215625 0.2359375
4 0.7078125 0.521875 0.078125 0.1578125
4 0.828125 0.55625 0.1015625 0.1265625
5 0.884375 0.54375 0.1234375 0.1484375
5 0.7703125 0.54375 0.1125 0.1515625
5 0.784375 0.271875 0.2015625 0.38125
5 0.9453125 0.35 0.109375 0.2984375
5 0.9765625 0.559375 0.046875 0.11875
1 0.696875 0.9890625 0.0515625 0.021875
5 0.78125 0.984375 0.0359375 0.03125
3 0.7203125 0.978125 0.028125 0.04375