0 0.76447245625 0.790311171875 0.785480859375 0.7602545968750001 0.81582633125 0.723125884375 0.8321662 0.70014144375 0.8520074687499999 0.650636490625 0.8835200750000001 0.60643564375 0.90686274375 0.54278641875 0.918534078125 0.484441303125 0.92787115 0.415487978125 0.933706815625 0.36421499375 0.904528478125 0.36951909375 0.9080298812500001 0.42963224999999994 0.9021942125000001 0.48620933437499997 0.880018675 0.523338046875 0.8496732031249999 0.523338046875 0.8345004656249999 0.523338046875 0.84500466875 0.592291371875 0.84150326875 0.638260253125 0.8169934624999999 0.67362093125 0.777310925 0.678925034375 0.7516339875 0.67362093125 0.7434640531250001 0.74434229375 0.76447245625 0.790311171875
0 0.574229690625 0.8663366343750001 0.525210084375 0.889321075 0.47385620937499995 0.9016973125 0.48552754374999996 0.9335219218749999 0.51120448125 0.9335219218749999 0.5660597562499999 0.931753890625 0.611577965625 0.9016973125 0.660597571875 0.8769448343749999 0.699112978125 0.8521923593749999 0.675770309375 0.839816121875 0.6209150343750001 0.82036775 0.6034080281249999 0.772630834375 0.605742296875 0.8345120218750001 0.574229690625 0.8663366343750001
1 0.1125 0.303125 0.1828125 0.203125
1 0.8671875 0.459375 0.1359375 0.1171875
1 0.784375 0.671875 0.09375 0.065625
5 0.8296875 0.225 0.1765625 0.146875
5 0.8015625 0.13125 0.0671875 0.1109375
2 0.6515625 0.74375 0.1234375 0.16875
2 0.496875 0.765625 0.15625 0.2171875
0 0.1875 0.496875 0.20625 0.1953125
0 0.2546875 0.3375 0.134375 0.16875
0 0.0546875 0.1875 0.109375 0.15