2 0.021875 0.3328125 0.04375 0.16875
2 0.1359375 0.3328125 0.15625 0.171875
0 0.421875 0.0921875 0.15625 0.184375
2 0.465625 0.5734375 0.0703125 0.109375
2 0.290625 0.59375 0.0984375 0.1015625
2 0.384375 0.571875 0.0796875 0.0984375
0 0.93125 0.49375 0.1359375 0.1515625
0 0.6765625 0.509375 0.2875 0.1796875
0 0.5265625 0.8953125 0.053125 0.209375
0 0.6515625 0.8921875 0.18125 0.203125
0 0.8234375 0.8890625 0.159375 0.221875
0 0.953125 0.86875 0.09375 0.2328125
0 0.9875 0.759375 0.0234375 0.2140625