1 0.20625 0.05625 0.1046875 0.1109375
1 0.0953125 0.01875 0.121875 0.0375
1 0.0375 0.425 0.0734375 0.1078125
1 0.1359375 0.4328125 0.08125 0.09375
1 0.36875 0.040625 0.06875 0.08125
2 0.7734375 0.1625 0.0859375 0.13125
4 0.78125 0.4125 0.0640625 0.1359375
4 0.8625 0.4296875 0.1 0.1
4 0.928125 0.21875 0.1421875 0.253125
4 0.609375 0.4359375 0.0734375 0.0875
4 0.525 0.4265625 0.0890625 0.10625
4 0.7 0.43125 0.0984375 0.0953125
3 0.69375 0.39375 0.1046875 0.1734375
3 0.8671875 0.396875 0.10625 0.165625
0 1 0.0574477875 0.9674596875000001 0.051980884375 0.816017240625 0.02943003125 0.7778842499999999 0.02943003125 0.7179609874999999 0.034262340625 0.678738421875 0.03587315 0.599203871875 0.040705459375 0.5371016156249999 0.055202384375 0.49678963437499996 0.068088621875 0.48698407499999996 0.077753240625 0.480446928125 0.101914840625 0.480446928125 0.14379493125 0.49243164687499996 0.176010403125 0.507684775 0.196950503125 0.51966949375 0.21950129999999998 0.5218484875 0.20339356249999999 0.525117065625 0.16473503437499998 0.525117065625 0.13413031250000002 0.5381911968749999 0.1083579625 0.55562331875 0.093860971875 0.575234603125 0.097082534375 0.5850403281250001 0.1357410625 0.5970248812500001 0.161513475 0.6090096 0.179231959375 0.630799878125 0.1357410625 0.634068453125 0.11319026875 0.649321578125 0.090639415625 0.6689328625 0.08580710625 0.6863649875 0.10513639999999999 0.68745456875 0.14218418125 0.6950812125 0.17439965 0.708155346875 0.2017828125 0.7223190625 0.158291915625 0.734303696875 0.1083579625 0.7648100375 0.097082534375 0.78115274375 0.090639415625 0.809480171875 0.111579459375 0.828001875 0.13413031250000002 0.84107600625 0.180842771875 0.849792153125 0.208225871875 0.860687290625 0.1921181375 0.878119496875 0.166345784375 0.89664128125 0.137351871875 0.91952105625 0.11963332812500001 0.9293267000000001 0.109968709375 0.941311334375 0.109968709375 0.9631016125 0.11319026875 0.98053381875 0.13413031250000002 1 0.19808453125 1 0.0574477875
3 0.365625 0.6953125 0.1015625 0.1125