0 0.317460315625 0.8174316625 0.296451915625 0.81485301875 0.28127917812500003 0.7735946375 0.268440709375 0.724600309375 0.266106440625 0.657555440625 0.25793650625 0.616297059375 0.235760971875 0.649819496875 0.20891690000000002 0.696235171875 0.20424836562499998 0.7452295 0.23225957187500001 0.7271789562500001 0.24393090625 0.693656525 0.249766571875 0.763280040625 0.270774978125 0.8741619406250001 0.296451915625 0.9076843718750001 0.33963585625000003 0.884476534375 0.354808590625 0.83806085625 0.411998134375 0.9695719437499999 0.43650793437499996 0.9283135625 0.4143324 0.8457967999999999 0.38632119375 0.8457967999999999 0.37114845937499996 0.74780815 0.362978525 0.662712740625 0.352474321875 0.621454359375 0.33846871875 0.683341928125 0.330298784375 0.76070139375 0.317460315625 0.8174316625
0 0.422502334375 0.776173284375 0.40966386562499996 0.820010315625 0.429505134375 0.912841671875 0.43767507187500004 0.936049509375 0.46918767499999997 0.936049509375 0.531045753125 0.936049509375 0.6092437 0.972150590625 0.618580765625 0.9257349125 0.6092437 0.8715832906250001 0.58473389375 0.81227436875 0.567226890625 0.737493553125 0.550887021875 0.73491490625 0.53804855 0.804538421875 0.5182072843750001 0.84837545 0.4878618125 0.820010315625 0.477357609375 0.7735946375 0.46451914062500005 0.7091284156250001 0.455182075 0.67560598125 0.43884220625000003 0.696235171875 0.422502334375 0.776173284375
0 0.41900093125 0.14698298125 0.3921568625 0.177926765625 0.351307190625 0.17019081875 0.316293184375 0.16761216875 0.28244631249999996 0.165033521875 0.2415966375 0.165033521875 0.20891690000000002 0.17019081875 0.220588234375 0.234657040625 0.256769375 0.273336771875 0.284780578125 0.30428055625 0.29528478125 0.25528623125 0.316293184375 0.22949974375 0.35014005625 0.22692109375 0.364145659375 0.273336771875 0.38165266249999996 0.28107271875 0.394491128125 0.21402785 0.42717086875000004 0.20113460625 0.46335200624999995 0.219185146875 0.508870215625 0.2862300125 0.54738561875 0.2862300125 0.567226890625 0.234657040625 0.557889821875 0.162454875 0.517040146875 0.17276946875000002 0.48902894375 0.1392470375 0.41900093125 0.14698298125
0 0.674603175 0.19855595625 0.688608775 0.20629190312499998 0.715452846875 0.17019081875 0.734126984375 0.1392470375 0.7516339875 0.12635379062500002 0.7516339875 0.051572975 0.7107843125 0.06446621875 0.669934640625 0.06446621875 0.623249296875 0.08767405625 0.5917366937499999 0.0773594625 0.561391225 0.09025270625000001 0.5730625593750001 0.180505415625 0.6010737625 0.17534811875 0.6337535 0.159876225 0.674603175 0.19855595625
0 0.7808123250000001 0.06446621875 0.787815128125 0.136668384375 0.81582633125 0.121196496875 0.8356676000000001 0.12377514062499999 0.8543417375000001 0.141825684375 0.85550886875 0.092831359375 0.8356676000000001 0.048994328125 0.819327728125 0.048994328125 0.805322128125 0.048994328125 0.7808123250000001 0.06446621875
0 0.7983193281250001 0.899948428125 0.8286647968749999 0.861268696875 0.8660130718750001 0.83548220625 0.8613445375 0.8174316625 0.8391690031250001 0.74265085 0.7913165281250001 0.75812274375 0.766806721875 0.72975760625 0.769140990625 0.794223825 0.763305321875 0.8690046406249999 0.725957046875 0.892212478125 0.72945845 0.9798865375 0.7586367875 0.972150590625 0.7983193281250001 0.899948428125
1 0.325 0.2625 0.1046875 0.196875
1 0.434375 0.196875 0.121875 0.1859375
1 0.61875 0.19375 0.1296875 0.18125
1 0.7421875 0.178125 0.078125 0.15
1 0.6125 0.88125 0.0796875 0.15
1 0.7390625 0.8109375 0.0796875 0.2078125
1 0.50625 0.7515625 0.09375 0.2578125
1 0.396875 0.7671875 0.08125 0.2625
1 0.1640625 0.25 0.06875 0.1625
3 0.81875 0.58125 0.10625 0.3296875
3 0.815625 0.253125 0.0734375 0.3796875