4 0.2140625 0.278125 0.071875 0.2125
4 0.1125 0.25625 0.1328125 0.190625
4 0.01875 0.2375 0.0375 0.28125
4 0.059375 0.396875 0.075 0.1046875
5 0.9875 0.2109375 0.025 0.075
5 0.90625 0.18125 0.115625 0.075
5 0.765625 0.175 0.1484375 0.09375
5 0.5671875 0.15625 0.1390625 0.1046875
5 0.4203125 0.153125 0.1171875 0.08125
5 0.290625 0.1484375 0.0796875 0.078125
5 0.284375 0.071875 0.06875 0.0546875
5 0.35625 0.075 0.09375 0.0703125
5 0.4609375 0.078125 0.090625 0.0890625
5 0.5546875 0.08125 0.109375 0.0625
5 0.6890625 0.075 0.121875 0.075
5 0.809375 0.084375 0.10625 0.0859375
5 0.8953125 0.1046875 0.096875 0.075
5 0.9703125 0.1109375 0.059375 0.059375
0 0.44381761875 0.591213721875 0.4618496 0.5647637249999999 0.4726687125 0.575584190625 0.48469003125 0.5936182750000001 0.494307125 0.6044386937499999 0.5111369875 0.62728188125 0.5231583093750001 0.642911409375 0.5327753093750001 0.623675075 0.5496051750000001 0.6092478031249999 0.574849925 0.5707750875000001 0.580860584375 0.563561471875 0.606105428125 0.573179640625 0.6229352031250001 0.584000059375 0.63375440625 0.58880916875 0.6469778374999999 0.6044386937499999 0.661403478125 0.634495496875 0.6698183656250001 0.651327325 0.67823334375 0.683788678125 0.68785034375 0.71865454375 0.70347809375 0.734284071875 0.7154994125 0.74149773125 0.732329278125 0.724665903125 0.7431483937500001 0.700620459375 0.7443506 0.672968215625 0.7539676 0.6405068593750001 0.76959535 0.6092478031249999 0.780414553125 0.5864046125 0.785223009375 0.544325090625 0.789169496875 0.5390625 0.298832575 0.5390625 0.29595526875 0.549134196875 0.29715747187499997 0.580393253125 0.306774565625 0.6044386937499999 0.328412975 0.621270521875 0.347646978125 0.5864046125 0.3668811625 0.581595553125 0.38491314062500004 0.5960227812500001 0.395732253125 0.616461415625 0.434200528125 0.650125025 0.44381761875 0.591213721875
1 0.603125 0.603125 0.1515625 0.1296875
1 0.375 0.665625 0.121875 0.196875
1 0.484375 0.640625 0.11875 0.15625
1 0.28125 0.8875 0.0609375 0.1453125
1 0.3375 0.915625 0.1203125 0.16875
1 0.440625 0.915625 0.1390625 0.1671875
1 0.6671875 0.903125 0.146875 0.19375
3 0.9078125 0.709375 0.1203125 0.2234375
3 0.8234375 0.675 0.2 0.2734375