0 0.0933269125 0.22150735312499997 0.11433531875 0.223258053125 0.127173784375 0.181241246875 0.148182190625 0.149728640625 0.180861928125 0.147977940625 0.2112074 0.15673144375 0.24972280625 0.19699754687499998 0.259375 0.202306253125 0.259375 0.10771183749999999 0.247388540625 0.10771183749999999 0.184363328125 0.10771183749999999 0.13534371875 0.114714634375 0.11900385 0.147977940625 0.09682831562500001 0.163734240625 0.065315709375 0.15673144375 0.036137371875000004 0.1269695375 0.043140174999999996 0.175989146875 0.065315709375 0.195246846875 0.0933269125 0.22150735312499997
0 0.14037990312499998 0.609375 0.259375 0.609375 0.259375 0.521043415625 0.24155287187500002 0.5611432062499999 0.228714403125 0.583902309375 0.196034665625 0.576899509375 0.177360528125 0.534882703125 0.16568919375 0.501619396875 0.1446807875 0.517375703125 0.131842321875 0.569896709375 0.136510853125 0.6049107125 0.14037990312499998 0.609375
4 0.071875 0.21875 0.0984375 0.1078125
4 0.1921875 0.209375 0.134375 0.1453125
5 0.221875 0.50625 0.0765625 0.1703125
5 0.146875 0.4859375 0.0734375 0.128125
3 0.078125 0.50625 0.0828125 0.2046875
3 0.1421875 0.459375 0.0796875 0.1859375
3 0.21875 0.46875 0.0796875 0.21875
3 0.19375 0.25 0.13125 0.2578125
1 0.678125 0.309375 0.0546875 0.0671875
1 0.634375 0.328125 0.059375 0.0578125
1 0.575 0.328125 0.0515625 0.065625
1 0.534375 0.340625 0.0546875 0.065625
5 0.490625 0.31875 0.0359375 0.0671875
1 0.796875 0.265625 0.0421875 0.0671875
3 0.6765625 0.2875 0.0515625 0.09375
3 0.55 0.3125 0.028125 0.078125
5 0.203125 0.96875 0.03125 0.0609375
4 0.11875 0.9375 0.0515625 0.0984375
4 0.0625 0.940625 0.05625 0.084375
2 0.303125 0.95625 0.0859375 0.0875