0 0 0.1197101875 0.019087009375 0.117712709375 0.068106615625 0.105457809375 0.09728495625 0.126466209375 0.119460490625 0.16148021875000002 0.185987103125 0.16323091875 0.228003909375 0.16148021875000002 0.24317664374999998 0.1439732125 0.247845178125 0.10895920625 0.23500670937499998 0.056438203124999996 0.21399830937500003 0.040681896875 0.20232697187499998 0.073945203125 0.183652834375 0.11596200937500001 0.150973096875 0.12296481249999999 0.13813463125 0.100205709375 0.119460490625 0.0581889 0.099619221875 0.044183299999999995 0.07160801875 0.038931196875000004 0.043596815625 0.031928396875 0.022588409375 0.02842699375 0 0.056416984375 0 0.1197101875
5 0.05625 0.034375 0.0796875 0.06875
5 0.153125 0.065625 0.0890625 0.1296875
5 0.2296875 0.04375 0.071875 0.0875
3 0.3 0.090625 0.0828125 0.1796875
3 0.2375 0.046875 0.0796875 0.0921875
3 0.1546875 0.059375 0.090625 0.1171875
3 0.059375 0.028125 0.084375 0.0546875
2 0.7625 0.2578125 0.1890625 0.121875
2 0.0109375 0.721875 0.021875 0.0953125
5 0.084375 0.396875 0.071875 0.1109375
5 0.05 0.671875 0.06875 0.1
5 0.06875 0.565625 0.0515625 0.0953125
5 0.08125 0.4375 0.078125 0.084375
5 0.046875 0.8015625 0.05 0.0734375
3 0.625 0.80625 0.04375 0.04375
5 0.8203125 0.8109375 0.078125 0.040625
1 0.675 0.875 0.11875 0.034375
1 0.796875 0.8921875 0.065625 0.0390625