0 0.657991946875 0.1769467125 0.667329015625 0.10359708125 0.6463206125000001 0.09311855937499999 0.613640871875 0.05644374375 0.578626865625 0.059936584375000004 0.538944328125 0.073907940625 0.517935925 0.09311855937499999 0.50509745625 0.11058275937499999 0.48642331875 0.11582201875 0.4549107125 0.084386459375 0.40939250625 0.084386459375 0.40939250625 0.117568440625 0.45374358125 0.122807696875 0.494593253125 0.155989675 0.49926178749999994 0.201396590625 0.517935925 0.25553560625 0.526105859375 0.21536795 0.548281396875 0.1350326375 0.5949667375 0.101850659375 0.633482140625 0.12804695625 0.657991946875 0.1769467125
0 0.69183881875 0.44829669375 0.67783321875 0.44829669375 0.6766660812499999 0.48671793125 0.6766660812499999 0.54609620625 0.632315009375 0.55482830625 0.6393178125000001 0.60547448125 0.68833741875 0.59324954375 0.722184290625 0.591503121875 0.7390625 0.600569165625 0.7390625 0.530923540625 0.733855625 0.52863200625 0.715910946875 0.5076749687500001 0.707011553125 0.49545003125 0.69183881875 0.44829669375
0 0.634649278125 0.618790934375 0.631147875 0.57163759375 0.613640871875 0.5140057437500001 0.599635271875 0.44414894687500006 0.5809611343750001 0.43716326875 0.570456934375 0.524484259375 0.548281396875 0.554173396875 0.529607259375 0.599580315625 0.548281396875 0.604819571875 0.5984681375 0.599580315625 0.634649278125 0.618790934375
0 0.53077439375 0.5925946343749999 0.5331086593750001 0.554173396875 0.517935925 0.531469940625 0.5097659906249999 0.49828796249999996 0.50159605625 0.43192400937500003 0.489924721875 0.44589536875 0.4852561875 0.49304870312500004 0.47125058124999997 0.543694878125 0.44090511250000003 0.5489341375000001 0.42106384375 0.50003438125 0.41289390625 0.440656109375 0.39888830625 0.44589536875 0.3860498375 0.491302284375 0.36854283125 0.5489341375000001 0.352202965625 0.57687685625 0.326526028125 0.5402020375000001 0.31835609374999996 0.48955586249999994 0.311353290625 0.43367043125000004 0.295013421875 0.43541685 0.279840684375 0.491302284375 0.26583508437500003 0.5349627781249999 0.23082107812500002 0.583862534375 0.214481209375 0.6065659937500001 0.25999941875 0.613551671875 0.349868696875 0.610058834375 0.41289390625 0.587355375 0.466582046875 0.599580315625 0.49109185312500003 0.604819571875 0.53077439375 0.5925946343749999
0 0.39188550625 0.14900399375 0.40472397187500003 0.080893621875 0.384882703125 0.084386459375 0.34403303125 0.10708991875 0.3346959625 0.11058275937499999 0.30435049062499997 0.1001042375 0.25999941875 0.1001042375 0.234322478125 0.10708991875 0.1946399375 0.10534349999999999 0.174798671875 0.11931485625 0.1806343375 0.14900399375 0.195807071875 0.173453871875 0.21564834375 0.1944109125 0.22731967812499998 0.2275928875 0.2424924125 0.246803503125 0.24365954687500002 0.19790375 0.255330884375 0.173453871875 0.285676353125 0.14027189375 0.298514821875 0.147257578125 0.331194559375 0.16996103125 0.347534428125 0.21362153125 0.359205765625 0.23632498750000003 0.370877103125 0.19790375 0.39188550625 0.14900399375
0 1 0.07373788125 0.979648109375 0.065030453125 0.934518946875 0.0856702875 0.915844809375 0.088618834375 0.879274628125 0.07829891562499999 0.8535976875 0.054710534374999995 0.8209179499999999 0.048813440624999996 0.783569678125 0.06208190625 0.75944891875 0.056184809375 0.7390625 0.081936071875 0.7390625 0.13746574375 0.75322420625 0.15790970937499998 0.77189834375 0.208035021875 0.784347765625 0.25078896875 0.793684834375 0.268480253125 0.799909546875 0.2552117875 0.829476928125 0.23899477500000002 0.8512634218749999 0.252263240625 0.8660471125000001 0.27142879999999997 0.88083080625 0.303862828125 0.903395384375 0.3230283875 0.91428863125 0.30681137812500003 0.9220695250000001 0.27437735 0.943856015625 0.24636614375 0.9734233968750001 0.23604622812499998 0.99054135625 0.24636614375 1 0.254399984375 1 0.07373788125
5 0.76875 0.328125 0.0578125 0.240625
1 0.9375 0.553125 0.0828125 0.1828125
1 0.8375 0.5875 0.090625 0.234375
2 0.503125 0.990625 0.0421875 0.0171875
2 0.428125 0.990625 0.0296875 0.0171875