0 0.15578898125 0.185928746875 0.13011204375000002 0.180676646875 0.10793650625 0.185928746875 0.0624183 0.17542454375 0.050746965624999994 0.19118085 0.050746965624999994 0.231446953125 0.0729225 0.23844975625 0.090429503125 0.2699623625 0.099766571875 0.2857186625 0.114939309375 0.24545255625 0.13361344375 0.22444415312500002 0.154621846875 0.22619485312499998 0.166293184375 0.25245535625 0.17446311875 0.2979735625 0.1908029875 0.294472165625 0.20014005625000003 0.24720325625 0.2351540625 0.222693453125 0.230485528125 0.20518644687499998 0.15578898125 0.185928746875
0 0.298179271875 0.294472165625 0.315686275 0.308477765625 0.329691878125 0.2979735625 0.343697478125 0.271713059375 0.363538746875 0.24545255625 0.3796875 0.23091868125 0.3796875 0.212493121875 0.246825396875 0.219192053125 0.2573296 0.24195115312499998 0.280672271875 0.268211659375 0.298179271875 0.294472165625
0 0.1464519125 0.586839109375 0.13594771249999998 0.5920912125 0.120774978125 0.618351715625 0.09743230625 0.64986431875 0.070588234375 0.683127625 0.066213671875 0.709375 0.1908029875 0.709375 0.1908029875 0.672623425 0.173295984375 0.64986431875 0.159290384375 0.5920912125 0.1464519125 0.586839109375
0 0.31802054062499996 0.5850884093750001 0.307516340625 0.630606615625 0.28650793750000003 0.670872721875 0.261998134375 0.6551164218750001 0.243323996875 0.628855915625 0.2351540625 0.5955926125000001 0.218814190625 0.63936011875 0.19313725625 0.670872721875 0.194304390625 0.698883928125 0.218814190625 0.702385328125 0.239822596875 0.707637428125 0.27016806875 0.707637428125 0.281462275 0.709375 0.358707234375 0.709375 0.364705884375 0.6883797281249999 0.35420168125 0.65861781875 0.346031746875 0.597343309375 0.31802054062499996 0.5850884093750001
1 0.309375 0.3515625 0.0578125 0.1609375
1 0.66875 0.4359375 0.0515625 0.1140625
1 0.80625 0.459375 0.0578125 0.08125
1 0.7625 0.4796875 0.0578125 0.1078125
5 0.140625 0.7453125 0.0578125 0.071875
5 0.10625 0.94375 0.0390625 0.0859375
2 0.50625 0.76875 0.2078125 0.1203125
2 0.465625 0.9046875 0.1703125 0.09375
2 0.496875 0.98125 0.1859375 0.0359375