0 0.3851540625 0.327380953125 0.380485528125 0.309873946875 0.30578898125 0.290616246875 0.28011204375 0.28536414374999997 0.25793650625 0.290616246875 0.2124183 0.28011204375 0.200746965625 0.29586834687499997 0.200746965625 0.336134453125 0.2229225 0.34313725625 0.24042950625 0.3746498625 0.249766571875 0.39040616250000004 0.264939309375 0.35014005625 0.283613446875 0.32913165312500003 0.30462185 0.330882353125 0.316293184375 0.35714285625 0.32446311875 0.4026610625 0.3408029875 0.399159665625 0.35014005625 0.35189075625 0.3851540625 0.327380953125
0 0.43067226875 0.372899159375 0.44817927187500006 0.399159665625 0.46568627500000004 0.413165265625 0.47969187812499997 0.4026610625 0.493697478125 0.376400559375 0.51353875 0.35014005625 0.531045753125 0.334383753125 0.5357142875 0.31687675 0.396825396875 0.323879553125 0.4073296 0.346638653125 0.43067226875 0.372899159375
0 0.6162465 0.3834033625 0.62558356875 0.364145659375 0.6395891687499999 0.32913165312500003 0.659430440625 0.297619046875 0.5438842187499999 0.31687675 0.570728290625 0.33788515625 0.58473389375 0.35714285625 0.595238096875 0.38165266249999996 0.6162465 0.3834033625
0 0.24743230624999998 0.75455181875 0.220588234375 0.7878151250000001 0.214752565625 0.82282913125 0.24393090625 0.83683473125 0.267273578125 0.843837534375 0.299953315625 0.8175770312499999 0.3408029875 0.8210784312499999 0.3408029875 0.777310925 0.3232959875 0.75455181875 0.30929038124999997 0.6967787125 0.296451915625 0.691526609375 0.2859477125 0.6967787125 0.270774978125 0.723039215625 0.24743230624999998 0.75455181875
0 0.43650793437499996 0.775560221875 0.411998134375 0.759803921875 0.393323996875 0.733543415625 0.3851540625 0.7002801125 0.368814190625 0.74404761875 0.34313725625 0.775560221875 0.3443043875 0.8035714281249999 0.368814190625 0.807072828125 0.389822596875 0.81232493125 0.420168065625 0.81232493125 0.46568627500000004 0.819327728125 0.5077030812500001 0.8175770312499999 0.514705884375 0.793067228125 0.50420168125 0.76330531875 0.49603174687499996 0.702030809375 0.468020540625 0.689775909375 0.45751634062499996 0.735294115625 0.43650793437499996 0.775560221875
0 0.54505135625 0.81232493125 0.59990663125 0.8088235312500001 0.6302521 0.8035714281249999 0.63258636875 0.765056021875 0.5917366937499999 0.724789915625 0.5730625593750001 0.677521009375 0.556722690625 0.679271709375 0.54505135625 0.73704481875 0.5182072843750001 0.7703081218750001 0.517040146875 0.807072828125 0.54505135625 0.81232493125
0 0.75280111875 0.7300420187500001 0.741129784375 0.761554621875 0.7037815125 0.728291315625 0.679271709375 0.702030809375 0.66176470625 0.686274509375 0.634920634375 0.75105041875 0.6337535 0.8000700249999999 0.666433240625 0.807072828125 0.709617178125 0.81407563125 0.757469653125 0.82457983125 0.78314659375 0.828081234375 0.8029878625 0.829831934375 0.8088235312500001 0.796568628125 0.8099906656250001 0.758053221875 0.781979459375 0.7195378156250001 0.766806721875 0.691526609375 0.7446311875 0.67401960625 0.75280111875 0.7300420187500001
1 0.459375 0.45625 0.0578125 0.1609375
4 0.609375 0.4265625 0.0609375 0.1421875
4 0.784375 0.6609375 0.0859375 0.14375
5 0.0578125 0.61875 0.06875 0.1109375
5 0.8875 0.609375 0.071875 0.1140625
5 0.95 0.540625 0.059375 0.1234375
5 0.81875 0.375 0.05 0.0953125
5 0.734375 0.35 0.0625 0.109375
5 0.6875 0.353125 0.0390625 0.1015625