0 0.221076971875 0.23018644687499998 0.2164084375 0.247693453125 0.25142244375 0.27220325624999997 0.2607595125 0.319472165625 0.27709938125 0.3229735625 0.285269315625 0.27745535625 0.29694065 0.251194853125 0.317949053125 0.249444153125 0.336623190625 0.27045255625000003 0.351795928125 0.3107186625 0.36113299374999996 0.2949623625 0.37864 0.26344975625 0.40081553437500006 0.256446953125 0.40081553437500006 0.216180846875 0.3891442 0.20042454375 0.34362599375 0.210928746875 0.32145045625 0.20567664375 0.29577351875 0.210928746875 0.221076971875 0.23018644687499998
0 0.121870621875 0.3229735625 0.13587622500000002 0.333477765625 0.153383228125 0.319472165625 0.17089023125 0.293211659375 0.19423289999999999 0.266951153125 0.204737103125 0.244192053125 0.0658482125 0.23718925 0.07051674687500001 0.254696253125 0.08802375 0.27045255625000003 0.107865021875 0.296713059375 0.121870621875 0.3229735625
0 0 0.30249219374999997 0.00632440625 0.3019651625 0.01682860625 0.27745535625 0.030834209374999998 0.25819765625 0.05767828125 0.23718925 0 0.22757620312500002 0 0.30249219374999997
1 0.140625 0.346875 0.0578125 0.1046875
4 0.0109375 0.3375 0.021875 0.125
4 0.65 0.340625 0.1015625 0.0875
1 0.55 0.359375 0.0859375 0.0828125
0 0.6578125 0.375 0.09375 0.0515625
5 0.2125 0.696875 0.0265625 0.05
5 0.228125 0.68125 0.0171875 0.04375
5 0.246875 0.66875 0.025 0.05
5 0.18125 0.6890625 0.021875 0.0546875
5 0.0625 0.6875 0.040625 0.05
5 0.0140625 0.6921875 0.0203125 0.0421875
4 0.4890625 0.8 0.01875 0.1296875