0 0.2688915125 0.40403357812499996 0.245548846875 0.368822309375 0.20236490312500002 0.446790115625 0.158013828125 0.361277040625 0.11716415625000001 0.41912412187500003 0.064643146875 0.436729753125 0.08098301875 0.529788103125 0.12066555625 0.567514459375 0.1778551 0.575059734375 0.232710375 0.55242391875 0.278228584375 0.567514459375 0.32257965624999996 0.5725446437499999 0.359375 0.562633221875 0.359375 0.357941271875 0.35292513125 0.361277040625 0.32958245625 0.45936556875 0.292234184375 0.47194102187500003 0.2688915125 0.40403357812499996
0 0 0.48776015624999997 0.019124940625 0.45685047812499996 0.040133346874999996 0.46691084375 0.06697741562500001 0.49960701875 0.061141746875 0.4241543 0.02262634375 0.3738524875 0.0062864718750000005 0.336126128125 0 0.3451574 0 0.48776015624999997
3 0.63125 0.471875 0.078125 0.115625
3 0.375 0.43125 0.0296875 0.1421875
3 0.6859375 0.4203125 0.0765625 0.0984375
3 0.640625 0.575 0.0625 0.078125
3 0.6046875 0.5625 0.059375 0.0953125
3 0.3953125 0.571875 0.059375 0.096875
3 0.446875 0.575 0.0546875 0.109375
3 0.578125 0.4609375 0.0859375 0.14375
5 0.334375 0.9828125 0.0265625 0.034375
5 0.221875 0.9703125 0.05 0.059375
5 0.1265625 0.9625 0.046875 0.075
5 0.790625 0.7359375 0.0859375 0.078125
5 0.709375 0.7625 0.0546875 0.0703125
5 0.6 0.8 0.046875 0.0515625
5 0.4296875 0.7890625 0.090625 0.0515625
5 0.5109375 0.875 0.05 0.0484375
5 0.8796875 0.728125 0.1234375 0.159375
3 0.98125 0.8546875 0.0359375 0.234375
3 0.8734375 0.8609375 0.090625 0.1421875
3 0.946875 0.821875 0.0796875 0.1171875
3 0.8078125 0.9046875 0.090625 0.190625
3 0.7125 0.8828125 0.115625 0.234375
3 0.775 0.740625 0.103125 0.140625
2 0.4109375 0.878125 0.0734375 0.0890625