0 0.09504114375 0.173455009375 0.078701271875 0.21372111249999998 0.05769286875 0.18395920625 0.046021534375 0.15069590625 0.041353 0.194463409375 0.043687265625 0.24698441875000002 0.054191468750000006 0.260990021875 0.07986840625 0.24698441875000002 0.092706875 0.23823091562499998 0.096208275 0.271494225 0.117216678125 0.283749125 0.15339781875 0.28725052500000003 0.1837432875 0.273244925 0.22809436249999998 0.269743521875 0.27828110625 0.278497025 0.2724454375 0.23648021875 0.245601365625 0.222474615625 0.22809436249999998 0.16820290625 0.20475169062499998 0.15594800625 0.1767404875 0.2067183125 0.142893615625 0.22422531562499998 0.126553746875 0.19096200937500002 0.11955094375 0.1349396 0.09504114375 0.173455009375
0 0.309793709375 0.278497025 0.35414478125 0.281998425 0.377487453125 0.280247721875 0.377487453125 0.225976015625 0.34247345 0.215471815625 0.315629378125 0.1979648125 0.2899524375 0.20321691249999999 0.2759468375 0.22422531562499998 0.2759468375 0.26799281875 0.309793709375 0.278497025
0 0.46875 0.22626811562500002 0.465022465625 0.22772671562500002 0.440512665625 0.2084690125 0.42767419375 0.192712709375 0.400830121875 0.194463409375 0.38332311875 0.231228115625 0.38098885312499997 0.273244925 0.410167190625 0.289001225 0.440512665625 0.266242121875 0.46875 0.2652794875 0.46875 0.22626811562500002
3 0.453125 0.121875 0.03125 0.228125
2 0.9390625 0.2328125 0.121875 0.178125
2 0.484375 0.303125 0.03125 0.1359375
5 0.1515625 0.8578125 0.0296875 0.08125
5 0.05625 0.865625 0.065625 0.0640625
4 0.0171875 0.909375 0.034375 0.075
3 0.115625 0.784375 0.0921875 0.1
3 0.2046875 0.775 0.0828125 0.1125