0 0.008503403125 0.30115830312499997 0.053146259375000005 0.386100384375 0.0765306125 0.347490346875 0.0701530625 0.25096525000000003 0.0701530625 0.1891891875 0.082908165625 0.15057915 0.082908165625 0.057915059375 0.03826530625 0.077220075 0.00212585 0.12355212499999998 0 0.22393822187499998 0.008503403125 0.30115830312499997
0 0.085034015625 0.069498071875 0.085034015625 0.15444015625000002 0.097789115625 0.204633203125 0.125425171875 0.231660234375 0.144557825 0.27027026875 0.165816328125 0.30115830312499997 0.18069728125 0.332046328125 0.18069728125 0.247104246875 0.18282312812499998 0.204633203125 0.21045918437500002 0.181467184375 0.218962584375 0.15830115625000002 0.197704078125 0.0849420875 0.085034015625 0.069498071875
0 0.5484693875 0.12741313125 0.516581634375 0.142857140625 0.45068027187500004 0.135135134375 0.414540815625 0.104247103125 0.3805272125 0.054054053125 0.38265306250000003 0.111969115625 0.41241496875 0.146718146875 0.42729591874999995 0.173745175 0.45493197187499995 0.247104246875 0.48256802812500005 0.339768340625 0.50170068125 0.34362934375 0.527210884375 0.32046331875 0.546343540625 0.25482625625 0.5739795937500001 0.181467184375 0.6122448968749999 0.142857140625 0.616496596875 0.11969111875 0.5484693875 0.12741313125
0 0.775935375 0.13127413125 0.741921765625 0.12741313125 0.716411565625 0.12741313125 0.6738945562499999 0.11969111875 0.639880953125 0.073359075 0.6356292531250001 0.11969111875 0.652636053125 0.196911196875 0.66751700625 0.262548265625 0.684523809375 0.29343629375 0.72491496875 0.247104246875 0.756802721875 0.220077221875 0.7653061218749999 0.258687259375 0.773809521875 0.32432432499999997 0.778061221875 0.308880309375 0.788690478125 0.23552123749999998 0.799319728125 0.16216216249999998 0.775935375 0.13127413125
0 0.214710884375 0.698841696875 0.20195578125 0.8146718156249999 0.168460675 0.9059233437499999 0.170068025 0.9613899625 0.197704078125 0.95752895625 0.22746598437499999 0.86872586875 0.26360544375 0.864864865625 0.3167517 0.8957528968749999 0.365646259375 0.86872586875 0.35501700625 0.76833976875 0.34438775625 0.702702703125 0.33588435625 0.722007725 0.3167517 0.791505790625 0.28698979687500004 0.79536679375 0.26573129375 0.7722007750000001 0.24234693749999997 0.71042470625 0.214710884375 0.698841696875
0 0.408163265625 0.791505790625 0.3890306125 0.776061778125 0.372023809375 0.741312740625 0.363520409375 0.849420846875 0.376275509375 0.891891890625 0.41879251875 0.8880308875 0.44855442187500005 0.8532818531249999 0.51870748125 0.861003859375 0.531462584375 0.818532815625 0.50170068125 0.787644790625 0.478316328125 0.725868725 0.446428571875 0.698841696875 0.43367346875 0.698841696875 0.42729591874999995 0.75289575 0.408163265625 0.791505790625
0 0.5761054437500001 0.8841698875 0.6122448968749999 0.8803088812500001 0.601615646875 0.833976834375 0.571853740625 0.787644790625 0.5484693875 0.691119690625 0.5357142875 0.6872586843749999 0.51870748125 0.76833976875 0.52083333125 0.84555984375 0.539965984375 0.86872586875 0.5761054437500001 0.8841698875
0 0.6207483 0.8841698875 0.64413265 0.8957528968749999 0.6738945562499999 0.8957528968749999 0.720663265625 0.9382239406249999 0.73767006875 0.9266409250000001 0.72916666875 0.876447875 0.7015306125 0.8378378375000001 0.6760204062499999 0.7606177625 0.65688775625 0.71814671875 0.633503403125 0.702702703125 0.6207483 0.8108108093749999 0.6207483 0.8841698875
0 0.291241496875 0.32818533125 0.314625853125 0.3127413125 0.3167517 0.25096525000000003 0.3210034 0.173745175 0.367772109375 0.12355212499999998 0.367772109375 0.065637065625 0.21258503125 0.09652509687500001 0.2317176875 0.204633203125 0.26998299375 0.266409265625 0.291241496875 0.32818533125
2 0.8921875 0.4875 0.0765625 0.1953125
2 0.728125 0.40625 0.09375 0.265625
2 0.6140625 0.3359375 0.1234375 0.3515625
2 0.39375 0.3171875 0.14375 0.36875