0 0.37931839375 0.9249084249999999 0.364145659375 0.9102564125000001 0.32796451875 0.9010989 0.31979458437499997 0.8589743593750001 0.31162465 0.8021978031250001 0.290616246875 0.83150183125 0.266106440625 0.8498168500000001 0.246265175 0.891941390625 0.2275910375 0.9157509156250001 0.233426703125 0.9816849812499999 0.26960784375 0.979853478125 0.313958915625 0.983516484375 0.351307190625 0.9761904749999999 0.37931839375 0.9249084249999999
0 0.4400093375 0.8205128187499999 0.42833800312500003 0.809523809375 0.4026610625 0.8534798531250001 0.3851540625 0.897435896875 0.374649859375 0.9157509156250001 0.367647059375 0.9670329687500001 0.393323996875 0.983516484375 0.422502334375 0.9706959718749999 0.45284780625 0.959706959375 0.45868347187499997 0.9102564125000001 0.455182075 0.846153846875 0.4400093375 0.8205128187499999
0 0.8496732031249999 0.875457875 0.829831934375 0.9120879125 0.7901493937499999 0.9047619062500001 0.773809525 0.880952384375 0.7551353875 0.83150183125 0.73062558125 0.783882784375 0.7061157812500001 0.747252746875 0.682773109375 0.78205128125 0.6734360406250001 0.8608058625 0.66526610625 0.8992673999999999 0.62441643125 0.932234434375 0.6022408968749999 0.8772893749999999 0.575396825 0.81868131875 0.556722690625 0.774725275 0.54505135625 0.7875457875 0.5357142875 0.8205128187499999 0.51120448125 0.866300365625 0.515873015625 0.9340659312499999 0.542717084375 0.952380953125 0.6034080281249999 0.9615384625000001 0.6559290375 0.963369965625 0.7002801125 0.932234434375 0.7212885124999999 0.9010989 0.776143790625 0.9560439562499999 0.8286647968749999 0.9706959718749999 0.88935574375 0.8736263750000001 0.9056956093749999 0.826007325 0.9897292249999999 0.9120879125 0.9757236218750001 0.8479853500000001 0.93253968125 0.783882784375 0.901027078125 0.725274725 0.8718487406250001 0.690476190625 0.8671802062499999 0.745421246875 0.8648459374999999 0.8223443250000001 0.8496732031249999 0.875457875
0 0.270774978125 0.205128203125 0.252100840625 0.20695970937500002 0.21358543437500002 0.223443221875 0.17740429375 0.247252746875 0.140056025 0.261904759375 0.12605042187499998 0.333333334375 0.154061625 0.377289378125 0.17740429375 0.35531135625 0.21008403437499998 0.31684981875 0.248599440625 0.294871796875 0.283613446875 0.309523809375 0.30462185 0.338827840625 0.34197011875 0.3864468875 0.36647992500000004 0.393772896875 0.37231559375 0.335164834375 0.3886554625 0.285714284375 0.403828196875 0.239926740625 0.39799253125 0.210622709375 0.364145659375 0.21428571562499998 0.33963585625000003 0.24358974375 0.32212885 0.252747253125 0.29528478125 0.24358974375 0.270774978125 0.205128203125
0 0.499533146875 0.17032966875 0.445845003125 0.16666666875 0.40149393125 0.192307690625 0.403828196875 0.234432234375 0.4143324 0.22893772812500002 0.44701213749999996 0.223443221875 0.47152194375 0.22893772812500002 0.490196078125 0.24542124687500003 0.508870215625 0.26923076875 0.526377215625 0.31135531250000004 0.53804855 0.336996334375 0.5555555562500001 0.375457875 0.582399628125 0.3864468875 0.590569559375 0.349816846875 0.5975723625 0.293040290625 0.606909428125 0.24542124687500003 0.611577965625 0.20695970937500002 0.5975723625 0.181318684375 0.571895425 0.1996337 0.52754435 0.203296703125 0.499533146875 0.17032966875
0 0.732959853125 0.16849816875 0.7434640531250001 0.208791209375 0.7434640531250001 0.265567765625 0.74579831875 0.30769230937500003 0.7703081218750001 0.326007325 0.80765639375 0.32417582500000003 0.819327728125 0.283882784375 0.8309990656249999 0.238095240625 0.859010271875 0.20695970937500002 0.873015871875 0.1904761875 0.895191409375 0.13186813125000002 0.873015871875 0.11538461562499999 0.8543417375000001 0.184981684375 0.8134920625 0.184981684375 0.776143790625 0.184981684375 0.737628384375 0.141025640625 0.70261438125 0.1391941375 0.732959853125 0.16849816875
1 0.2296875 0.290625 0.1390625 0.1515625
1 0.459375 0.303125 0.215625 0.2359375
1 0.66875 0.2796875 0.1625 0.275
1 0.865625 0.253125 0.1015625 0.1921875
1 0.4875 0.8921875 0.1078125 0.203125
1 0.628125 0.8625 0.1296875 0.1953125
1 0.3625 0.8625 0.1140625 0.2046875
4 0.803125 0.4125 0.090625 0.1734375
4 0.6 0.4421875 0.08125 0.2015625
4 0.54375 0.696875 0.096875 0.1578125
4 0.4125 0.746875 0.1015625 0.1625
5 0.3578125 0.775 0.1234375 0.259375
5 0.471875 0.765625 0.1125 0.25
5 0.4578125 0.446875 0.2015625 0.38125
5 0.275 0.521875 0.1515625 0.2984375
1 0.109375 0.340625 0.075 0.1484375
4 0.04375 0.428125 0.0796875 0.23125
5 0.8921875 0.640625 0.0953125 0.190625
5 0.2421875 0.778125 0.0921875 0.209375