0 0 0.180904234375 0.01865079375 0.22369135 0.026820728125 0.2832151625 0.047829134375 0.305974265625 0.059500465625 0.277963059375 0.0793417375 0.232444853125 0.087511671875 0.21843925 0.11085434375 0.16766894375000002 0.13653128125 0.16416754375 0.168043884375 0.18867734375 0.20305789062500001 0.211436446875 0.21239495625 0.24469975625 0.219397759375 0.2989714625 0.228734825 0.318229165625 0.248576096875 0.295470065625 0.25324463124999996 0.228943453125 0.309267040625 0.211436446875 0.3431139125 0.228943453125 0.36295518125 0.26395745625 0.38162931875 0.2989714625 0.3944677875 0.24469975625 0.38863211875000003 0.16941964375000002 0.34428104375 0.1431591375 0.303431371875 0.1501619375 0.259080296875 0.165918240625 0.222899159375 0.17292104375 0.161041084375 0.12040003437499999 0.10268440625 0.125652134375 0.065336134375 0.1449098375 0.029154993750000004 0.1449098375 0.0011437906249999999 0.127402834375 0 0.12702157187500002 0 0.180904234375
5 0.396875 0.44375 0.05 0.0515625
5 0.325 0.4375 0.065625 0.0375
5 0.2375 0.44375 0.0546875 0.0484375
5 0.1875 0.459375 0.0328125 0.078125
5 0.1625 0.4609375 0.0328125 0.0640625
3 0.2546875 0.5703125 0.05 0.0875
4 0.2859375 0.5875 0.03125 0.0453125
4 0.421875 0.5625 0.015625 0.0515625
4 0.3875 0.571875 0.0296875 0.0453125
2 0.78125 0.728125 0.0671875 0.103125