0 0.42460025625000003 0.2955357125 0.40592611874999995 0.307790615625 0.38141631875000004 0.337552521875 0.32189250625 0.351558121875 0.30438550625 0.41283263437500006 0.32305964062500003 0.461852240625 0.38491771875 0.4460959375 0.42460025625000003 0.41983543437500004 0.45494572812499995 0.4443452375 0.4782884 0.46885504375 0.506299603125 0.47760854375 0.509375 0.472156703125 0.509375 0.42187237499999997 0.48412406875 0.418084734375 0.4596142625 0.365563725 0.44677579375 0.302538515625 0.42460025625000003 0.2955357125
0 0 0.2832899 0.0452818625 0.2850315125 0.1001371375 0.307790615625 0.16199521249999999 0.29378501562500003 0.20167775625 0.288532915625 0.216850490625 0.32354691875 0.22852182499999998 0.383070728125 0.272872896875 0.43559173749999996 0.30321836874999997 0.45309874062500005 0.317223971875 0.395325628125 0.32189250625 0.353308825 0.295048434375 0.346306021875 0.2693715 0.297286415625 0.25653303125 0.218504903125 0.24486169375000003 0.1397233875 0.20751342187500002 0.1309698875 0.181836484375 0.150227590625 0.13865254375 0.111712184375 0.09897000624999999 0.078448878125 0.05461893125 0.025927871875 0.02544059375 0.034681371875 0 0.06070015937499999 0 0.2832899
3 0.46875 0.1953125 0.0796875 0.390625
3 0.328125 0.16875 0.19375 0.3375
3 0.1875 0.0625 0.25 0.125
1 0.428125 0.159375 0.0671875 0.3171875
3 0.884375 0.403125 0.065625 0.103125
3 0.9421875 0.40625 0.0546875 0.109375
3 0.9875 0.396875 0.0234375 0.1046875
3 0.821875 0.403125 0.0671875 0.10625
3 0.871875 0.3046875 0.0984375 0.115625
3 0.959375 0.309375 0.0796875 0.1140625
3 0.790625 0.30625 0.075 0.109375
5 0.9078125 0.4203125 0.0296875 0.0515625
5 0.98125 0.4125 0.028125 0.059375
5 0.853125 0.40625 0.025 0.0578125
0 0.139117490625 1 0.146749534375 0.9499005468749999 0.13157679687499998 0.9499005468749999 0.10123132500000001 0.9499005468749999 0.079055790625 0.9127718343750001 0.073220121875 0.85619475 0.076721521875 0.79608159375 0.047543184375000005 0.7907774937500001 0.05337885 0.8420504781249999 0.06271591875 0.9110037999999999 0.07438725625 0.9693489218750001 0.085628209375 1 0.139117490625 1
1 0.1140625 0.8859375 0.1359375 0.1171875
5 0.1515625 0.6515625 0.1765625 0.146875
5 0.178125 0.58125 0.0671875 0.0640625