0 0.2652179625 0.2127483625 0.29089489999999996 0.15842240937500002 0.339914509375 0.182567278125 0.36209004375 0.22280872812500002 0.38076418125 0.27713468125 0.39827118125 0.26707431875 0.402939715625 0.2328690875 0.407608253125 0.18457935 0.425115253125 0.162446553125 0.44845792500000003 0.15037411875 0.45312645937499996 0.12622925000000002 0.440287990625 0.0960481625 0.41461105 0.081963659375 0.386599846875 0.094036090625 0.357421509375 0.094036090625 0.308401903125 0.10208438125 0.273387896875 0.12824132187499998 0.253546628125 0.14232583125 0.21969975625 0.14031375625 0.1625102125 0.14232583125 0.145003209375 0.14232583125 0.116992003125 0.13226546875 0.090147934375 0.12220510625 0.06447099687499999 0.108120596875 0.049298259375 0.120193034375 0.038794059375 0.15842240937500002 0.030624125000000002 0.21476043749999998 0.053966796875 0.196651784375 0.06913953125 0.182567278125 0.08547940000000001 0.220796653125 0.1041535375 0.271098465625 0.129830475 0.27713468125 0.148504609375 0.250977740625 0.15667454375 0.19061556562499998 0.21619835625 0.22683287187499998 0.23720675624999998 0.28920711875 0.253546628125 0.271098465625 0.2582151625 0.2368932375 0.2652179625 0.2127483625
0 0.544162871875 0.059830859375 0.49631040000000004 0.0779395125 0.45779499375 0.07190329375 0.45779499375 0.14836204687500001 0.483471928125 0.162446553125 0.5068146 0.17049484374999999 0.531324403125 0.2328690875 0.54533000625 0.244941525 0.555834209375 0.244941525 0.5710069437499999 0.194639715625 0.5675055437500001 0.1564103375 0.58267828125 0.124217178125 0.600185284375 0.09001195 0.62236081875 0.075927440625 0.61885941875 0.041722209375 0.5803440125 0.0558067125 0.544162871875 0.059830859375
0 0.27688929687499997 0.653392228125 0.24887809375 0.65138015625 0.229036821875 0.62119906875 0.21969975625 0.580957621875 0.19402281875 0.6252232156249999 0.18468575 0.677537096875 0.18134300625 0.6890625 0.22169743125000002 0.6890625 0.22436829062500002 0.6875974593749999 0.225643015625 0.6890625 0.301482259375 0.6890625 0.3130704375 0.677537096875 0.31827025937500003 0.6890625 0.35708553125 0.6890625 0.33641310625 0.6554043 0.322407503125 0.6071145625 0.2943963 0.613150778125 0.27688929687499997 0.653392228125
0 0.513817403125 0.5648610406250001 0.489307596875 0.63125943125 0.48595464374999997 0.6890625 0.5771485281250001 0.6890625 0.5733412125 0.6815612437499999 0.5488314062499999 0.6393077218750001 0.5289901375 0.59303005625 0.513817403125 0.5648610406250001
0 0.41461105 0.595042128125 0.386599846875 0.611138709375 0.37492851250000003 0.657416375 0.357421509375 0.6835733125 0.357421509375 0.6890625 0.40545374375 0.6890625 0.4122767875 0.6835733125 0.41524859999999997 0.6890625 0.48075907500000004 0.6890625 0.465964928125 0.6815612437499999 0.44612365625 0.6554043 0.43561945625 0.615162853125 0.41461105 0.595042128125
0 0.601352415625 0.615162853125 0.5966838812499999 0.66144051875 0.5780097468750001 0.673512953125 0.5810163312500001 0.6890625 0.6296875 0.6890625 0.6296875 0.5679898156250001 0.62936361875 0.5668731124999999 0.6141908843749999 0.548764459375 0.601352415625 0.615162853125
1 0.584375 0.23125 0.0921875 0.3296875
1 0.4625 0.2625 0.1578125 0.3375
1 0.3078125 0.253125 0.1390625 0.25
1 0.178125 0.234375 0.0765625 0.184375
1 0.0875 0.2203125 0.0890625 0.159375
5 0.240625 0.415625 0.0671875 0.1171875
5 0.471875 0.3828125 0.1515625 0.165625
5 0.334375 0.4109375 0.1296875 0.125
5 0.465625 0.578125 0.0859375 0.2234375
5 0.365625 0.584375 0.0890625 0.20625
5 0.575 0.546875 0.0890625 0.221875
1 0.571875 0.634375 0.1046875 0.1078125
1 0.465625 0.63125 0.0984375 0.115625
1 0.365625 0.63125 0.1046875 0.115625