0 0.383826446875 0.01477615625 0.358149509375 0.028860665624999997 0.345311040625 0.059041750000000004 0.349979575 0.083186621875 0.37332224375 0.095259053125 0.390829246875 0.11739185 0.395497784375 0.1656815875 0.40016631875 0.199886821875 0.41767331875 0.20994718125 0.43634745625000004 0.155621228125 0.45852299375000005 0.115379778125 0.5075426000000001 0.09123490937499999 0.5332195375000001 0.1455608625 0.5402223375 0.1697057375 0.5448908718750001 0.203910965625 0.56123074375 0.22201961875 0.582239146875 0.159645371875 0.64176295625 0.123428065625 0.6499328906249999 0.183790240625 0.6686070281250001 0.20994718125 0.6890625 0.20513844374999998 0.6890625 0.062223340625 0.68144549375 0.06507796875 0.653434290625 0.07513833125 0.6359272875 0.07513833125 0.57873774375 0.07312625625 0.5448908718750001 0.07513833125 0.525049603125 0.061053821875000004 0.4900356 0.03489688125 0.44101599062499997 0.026848590625 0.411837653125 0.026848590625 0.383826446875 0.01477615625
0 0.176971340625 0 0.17607668125 0.008739940625000001 0.198252215625 0.02282445 0.21575922187500002 0.057029678125000004 0.23093195625 0.0892228375 0.22743055625 0.127452215625 0.24260329062500002 0.17775402499999998 0.25310749375 0.17775402499999998 0.267113096875 0.1656815875 0.291622896875 0.10330734374999999 0.314965571875 0.095259053125 0.34064250625 0.081174546875 0.34064250625 0.00471579375 0.302127103125 0.0107520125 0.27371469375 0 0.176971340625 0
0 0.089745271875 0 0.06053046250000001 0.016788228125 0.05236052812500001 0.06507796875 0.061697596875 0.08519869375 0.088541665625 0.111355634375 0.1048815375 0.14354879375000001 0.136394140625 0.1576333 0.141062675 0.11739185 0.141062675 0.042945171875 0.16090394375 0.00471579375 0.161392421875 0 0.089745271875 0
1 0.01875 0.1578125 0.0375 0.178125
1 0.084375 0.1765625 0.0921875 0.25625
1 0.1953125 0.1640625 0.128125 0.328125
1 0.3359375 0.196875 0.1578125 0.3375
1 0.490625 0.1859375 0.1390625 0.25
1 0.6203125 0.16875 0.0765625 0.184375
1 0.678125 0.153125 0.021875 0.159375
5 0.559375 0.346875 0.0671875 0.1171875
5 0.3265625 0.315625 0.1515625 0.165625
5 0.4640625 0.34375 0.1296875 0.125
5 0.1015625 0.2375 0.0765625 0.1578125
5 0.33125 0.453125 0.0859375 0.1109375
5 0.434375 0.4609375 0.0890625 0.096875
5 0.221875 0.4390625 0.0890625 0.140625
2 0.9546875 0.453125 0.028125 0.0734375
3 0.8265625 0.415625 0.125 0.140625
3 0.975 0.4328125 0.05 0.153125
5 0.453125 0.8484375 0.10625 0.184375
5 0.33125 0.88125 0.075 0.1953125
5 0.21875 0.9140625 0.1140625 0.121875
5 0.625 0.940625 0.075 0.1171875
5 0.0875 0.89375 0.08125 0.1203125
3 0.7953125 0.8609375 0.128125 0.278125
3 0.884375 0.90625 0.134375 0.1875
3 0.9609375 0.9296875 0.078125 0.140625
3 0.740625 0.94375 0.103125 0.1125
1 0.846875 0.921875 0.0984375 0.15625
1 0.9421875 0.9734375 0.084375 0.053125