0 0.37698412812500004 0.360160965625 0.38165266249999996 0.3259557375 0.3886554625 0.3018108625 0.4143324 0.247484909375 0.46335200624999995 0.271629778125 0.48552754374999996 0.311871228125 0.50420168125 0.36619718125 0.52170868125 0.35613681875 0.526377215625 0.3219315875 0.531045753125 0.27364185 0.548552753125 0.251509053125 0.571895425 0.239436621875 0.5765639593749999 0.21529175 0.563725490625 0.185110665625 0.53804855 0.17102615625 0.510037346875 0.183098590625 0.48085900937500003 0.183098590625 0.4318394 0.19114688124999998 0.396825396875 0.217303821875 0.37698412812500004 0.231388328125 0.34313725625 0.22937625625 0.2859477125 0.231388328125 0.268440709375 0.231388328125 0.24042950625 0.22132796875 0.21358543437500002 0.21126760625 0.187908496875 0.197183096875 0.1727357625 0.209255534375 0.162231559375 0.247484909375 0.154061625 0.3038229375 0.17740429375 0.285714284375 0.19257703125 0.271629778125 0.20891690000000002 0.309859153125 0.2275910375 0.360160965625 0.253267971875 0.36619718125 0.27194210937499996 0.340040240625 0.28011204375 0.27967806875 0.33963585625000003 0.315895371875 0.36064425624999996 0.37826961875 0.37698412812500004 0.360160965625
0 0.7422969187499999 0.130784709375 0.7037815125 0.1448692125 0.667600371875 0.14889336250000001 0.6197479 0.1670020125 0.58123249375 0.16096579375 0.58123249375 0.23742454687499998 0.606909428125 0.251509053125 0.6302521 0.25955734375 0.654761903125 0.3219315875 0.66876750625 0.334004025 0.679271709375 0.334004025 0.6944444437499999 0.2837022125 0.69094304375 0.24547283437499998 0.7061157812500001 0.213279678125 0.723622784375 0.17907445 0.74579831875 0.164989940625 0.7422969187499999 0.130784709375
0 0.41783380000000003 0.702213278125 0.40032679687500006 0.742454728125 0.37231559375 0.74044265625 0.352474321875 0.71026156875 0.34313725625 0.670020121875 0.317460315625 0.714285715625 0.30812325 0.766599596875 0.290616246875 0.826961771875 0.270774978125 0.835010059375 0.297619046875 0.87726358125 0.32212885 0.790744465625 0.347805790625 0.776659959375 0.365312790625 0.796780684375 0.406162465625 0.796780684375 0.43650793437499996 0.766599596875 0.45284780625 0.802816903125 0.48202614375 0.8048289750000001 0.48085900937500003 0.77867203125 0.45985060625 0.7444668 0.445845003125 0.6961770625 0.41783380000000003 0.702213278125
0 0.6967787125 0.77062374375 0.67226890625 0.728370221875 0.6524276375 0.68209255625 0.637254903125 0.653923540625 0.612745096875 0.72032193125 0.6092437 0.7806841062500001 0.589402428125 0.77062374375 0.56956115625 0.7444668 0.55905695625 0.704225353125 0.53804855 0.684104628125 0.510037346875 0.7002012093750001 0.4983660125 0.746478875 0.48085900937500003 0.7726358125 0.48085900937500003 0.810865190625 0.500700278125 0.810865190625 0.5182072843750001 0.7867203218750001 0.5357142875 0.7726358125 0.55205415625 0.802816903125 0.5730625593750001 0.826961771875 0.606909428125 0.835010059375 0.6407563 0.824949696875 0.651260503125 0.8128772625 0.693277309375 0.8128772625 0.71311858125 0.802816903125 0.6967787125 0.77062374375
0 0.819327728125 0.6438631781249999 0.819327728125 0.70824949375 0.8169934624999999 0.734406440625 0.799486459375 0.742454728125 0.77497665625 0.72635815 0.765639590625 0.7002012093750001 0.75280111875 0.6559356125 0.737628384375 0.637826959375 0.724789915625 0.704225353125 0.72012138125 0.75050301875 0.701447246875 0.762575453125 0.71195145 0.816901409375 0.73879551875 0.8148893375 0.757469653125 0.796780684375 0.7983193281250001 0.800804828125 0.8088235312500001 0.7887323937499999 0.853174603125 0.7565392375 0.8613445375 0.736418509375 0.8613445375 0.694164990625 0.853174603125 0.64587525 0.829831934375 0.5734406437499999 0.8146592 0.59356136875 0.819327728125 0.6438631781249999
0 0.7551353875 0.10462776562500001 0.76097105625 0.16096579375 0.7808123250000001 0.199195171875 0.7808123250000001 0.27364185 0.785480859375 0.3138833 0.8169934624999999 0.29979879375 0.833333334375 0.267605634375 0.860177403125 0.24144869375 0.8695144718750001 0.22132796875 0.8613445375 0.173038228125 0.82282913125 0.15090543437499998 0.792483659375 0.138832996875 0.7551353875 0.10462776562500001
1 0.984375 0.3 0.0296875 0.14375
1 0.9546875 0.325 0.0578125 0.1859375
1 0.909375 0.3140625 0.0515625 0.178125
1 0.8375 0.3328125 0.0921875 0.25625
1 0.725 0.3203125 0.128125 0.3296875
1 0.5859375 0.353125 0.1578125 0.3375
1 0.43125 0.3421875 0.1390625 0.25
1 0.3015625 0.325 0.0765625 0.184375
1 0.209375 0.309375 0.0890625 0.159375
5 0.3625 0.503125 0.0671875 0.1171875
5 0.5953125 0.471875 0.1515625 0.165625
5 0.4578125 0.5 0.1296875 0.125
5 0.8203125 0.39375 0.0765625 0.1578125
5 0.590625 0.671875 0.0859375 0.234375
5 0.4875 0.671875 0.0890625 0.20625
5 0.7 0.6375 0.0890625 0.221875
1 0.696875 0.7390625 0.1046875 0.1359375
1 0.590625 0.746875 0.0984375 0.1671875
1 0.490625 0.7484375 0.1046875 0.171875