0 0.576795925 0.379411765625 0.5796875 0.3748575375 0.5796875 0.28316969062499997 0.57913019375 0.28312325 0.5569546562500001 0.290126053125 0.538280521875 0.28837535000000003 0.51377071875 0.24635854375 0.48809378125 0.24285714375 0.4822581125 0.29187675 0.51493785 0.290126053125 0.52427491875 0.342647059375 0.5452833218750001 0.389915965625 0.576795925 0.379411765625
0 0.329363621875 0.24285714375 0.343369221875 0.26561624687499996 0.37021329375 0.27436974687500004 0.39589022812499997 0.29887955312500003 0.40406016562499997 0.32864145625 0.42273430312500004 0.33739495625 0.43790703750000004 0.31813725625 0.446076971875 0.29712885 0.4752553125 0.28837535000000003 0.478756709375 0.23935574375000002 0.44374270625 0.24635854375 0.41106296875000004 0.267366946875 0.380717496875 0.23935574375000002 0.35153915625 0.22885154375 0.329363621875 0.24285714375
0 0.172967728125 0.26561624687499996 0.185806196875 0.29187675 0.22315446875 0.305882353125 0.235992940625 0.347899159375 0.253499940625 0.3566526625 0.272174078125 0.34614845625 0.283845415625 0.33039215624999996 0.297851015625 0.309383753125 0.313023753125 0.276120446875 0.32702935312500003 0.258613446875 0.32702935312500003 0.22009803749999998 0.288513946875 0.235854340625 0.2733412125 0.24985994374999998 0.23482580625 0.24985994374999998 0.20214606562499998 0.24810924375 0.172967728125 0.26561624687499996
0 0.0644243125 0.29187675 0.088934115625 0.31813725625 0.112276784375 0.344397759375 0.136786590625 0.353151259375 0.147290790625 0.33564425625 0.162463528125 0.311134453125 0.171800596875 0.28837535000000003 0.171800596875 0.24460784375000003 0.130950921875 0.258613446875 0.09360265 0.25511204374999996 0.052752975 0.25511204374999996 0.049251575 0.27787115 0.0644243125 0.29187675
0 0 0.34264393125 0.0049005031249999996 0.33214285625 0.0084019 0.304131653125 0.039914506249999995 0.28662465 0.042248775 0.24810924375 0.013070434375 0.25686274375 0 0.26451373125 0 0.34264393125
2 0.553125 0.4546875 0.0546875 0.084375
0 0.355400909375 0.724238446875 0.332058240625 0.73649335 0.302879903125 0.74524685 0.272534428125 0.750498946875 0.242188959375 0.7680059531250001 0.216512021875 0.782011553125 0.189667953125 0.782011553125 0.17916375 0.79251575625 0.184999415625 0.8240283625 0.20133928750000002 0.8362832625 0.22701622187499998 0.852039565625 0.24685749375000002 0.845036765625 0.258528828125 0.8257790625 0.284205765625 0.782011553125 0.31688550625 0.79426645625 0.34256244062499996 0.8222776625 0.36006944375 0.841535365625 0.371740778125 0.79251575625 0.39975198437500004 0.741745446875 0.44410305625 0.734742646875 0.470947128125 0.755751053125 0.49195553125 0.7907650562499999 0.511796803125 0.699728640625 0.481451328125 0.697977940625 0.45227299375 0.697977940625 0.40325338437499997 0.70323004375 0.383412115625 0.71023284375 0.355400909375 0.724238446875
2 0.0625 0.871875 0.0671875 0.1171875
2 0.1265625 0.9859375 0.115625 0.028125
4 0.2375 0.9796875 0.078125 0.040625
2 0.7453125 0.934375 0.0359375 0.05625
0 0.8640625 0.9765625 0.078125 0.046875
1 0.7375 0.8140625 0.0515625 0.109375
1 0.865625 0.7875 0.0546875 0.0984375
1 0.796875 0.965625 0.0484375 0.06875