0 0.152894490625 0.37114845625 0.16573295937500002 0.42542016875 0.18907563125 0.414915965625 0.226423903125 0.367647059375 0.249766571875 0.40441176562500003 0.28127917812500003 0.414915965625 0.30228758125 0.367647059375 0.31162465 0.315126053125 0.3443043875 0.31687675 0.33846871875 0.26785714375 0.312791784375 0.27135854375 0.288281978125 0.31337535 0.26960784375 0.315126053125 0.24743230624999998 0.30812325 0.20541550000000003 0.31162465 0.191409896875 0.306372546875 0.169234359375 0.30462185 0.152894490625 0.37114845625
0 0.403828196875 0.36239495625 0.422502334375 0.35364145625 0.43067226875 0.323879553125 0.45634920625 0.299369746875 0.483193278125 0.290616246875 0.49719888125 0.26785714375 0.47502334375000005 0.25385154375 0.445845003125 0.26435574375000004 0.41549953124999994 0.292366946875 0.38281979375 0.27135854375 0.347805790625 0.26435574375000004 0.351307190625 0.31337535 0.380485528125 0.32212885 0.3886554625 0.34313725625 0.403828196875 0.36239495625
0 0.5287114875000001 0.334383753125 0.542717084375 0.35539215625 0.5543884218749999 0.37114845625 0.5730625593750001 0.38165266249999996 0.590569559375 0.372899159375 0.6034080281249999 0.330882353125 0.6407563 0.31687675 0.653594771875 0.290616246875 0.62441643125 0.27310924375 0.5917366937499999 0.27485994375 0.5532212875 0.27485994375 0.53804855 0.260854340625 0.499533146875 0.24509803749999998 0.499533146875 0.283613446875 0.51353875 0.301120446875 0.5287114875000001 0.334383753125
0 0.737628384375 0.34313725625 0.7621381875 0.31687675 0.777310925 0.30287115 0.773809525 0.28011204375 0.732959853125 0.28011204375 0.6956115781250001 0.283613446875 0.654761903125 0.26960784375 0.654761903125 0.31337535 0.664098971875 0.336134453125 0.679271709375 0.36064425624999996 0.689775909375 0.378151259375 0.7142857125 0.369397759375 0.737628384375 0.34313725625
0 0.897525675 0.35364145625 0.9056956093749999 0.334383753125 0.8613445375 0.309873946875 0.8134920625 0.28186274375 0.784313725 0.27310924375 0.78664799375 0.31162465 0.8181606 0.32913165312500003 0.8216620000000001 0.35714285625 0.829831934375 0.3746498625 0.8461717999999999 0.41666666875 0.86367880625 0.3746498625 0.897525675 0.35364145625
0 0.264939309375 0.9156162468750001 0.28011204375 0.8788515406249999 0.26143790624999996 0.8543417375000001 0.23926236875 0.7913165281250001 0.22992530625000002 0.777310925 0.1984127 0.794817925 0.18323996250000002 0.828081234375 0.16339869375 0.82457983125 0.15873015625 0.8578431375 0.16573295937500002 0.90336134375 0.20541550000000003 0.8735994406250001 0.21008403437499998 0.8613445375 0.24743230624999998 0.9138655468750001 0.264939309375 0.9156162468750001
0 0.2754435125 0.8490896343750001 0.268440709375 0.898109240625 0.28244631249999996 0.912114846875 0.318627453125 0.885854340625 0.35014005625 0.90686274375 0.37114845937499996 0.8613445375 0.336134453125 0.8490896343750001 0.32212885 0.81057423125 0.29878618125 0.8018207281249999 0.2754435125 0.8490896343750001
0 0.39799253125 0.786064425 0.380485528125 0.83683473125 0.36647992500000004 0.8578431375 0.36064425624999996 0.90161064375 0.37931839375 0.9156162468750001 0.4248366 0.898109240625 0.468020540625 0.88760504375 0.46568627500000004 0.8525910375000001 0.4318394 0.82457983125 0.42133520312500006 0.777310925 0.39799253125 0.786064425
0 0.47502334375000005 0.833333334375 0.47502334375000005 0.90161064375 0.49486461249999997 0.908613446875 0.532212884375 0.8963585437500001 0.578898225 0.884103640625 0.5765639593749999 0.83683473125 0.532212884375 0.8088235312500001 0.524042953125 0.786064425 0.49603174687499996 0.772058821875 0.47502334375000005 0.833333334375
0 0.6080765625 0.765056021875 0.5975723625 0.794817925 0.58823529375 0.828081234375 0.587068159375 0.8806022406249999 0.62441643125 0.89110644375 0.660597571875 0.8771008406249999 0.6956115781250001 0.8718487406250001 0.75280111875 0.8648459374999999 0.8041549937499999 0.8613445375 0.876517271875 0.843837534375 0.87068160625 0.786064425 0.82282913125 0.766806725 0.795985059375 0.74579831875 0.7586367875 0.735294115625 0.739962653125 0.7878151250000001 0.708450046875 0.8018207281249999 0.68043884375 0.789565828125 0.66176470625 0.759803921875 0.6360877687500001 0.733543415625 0.6162465 0.7212885124999999 0.6080765625 0.765056021875
2 0.95 0.6640625 0.0765625 0.14375
2 0.271875 0.4796875 0.059375 0.084375