0 0.486701971875 0.22442129687499998 0.5007075750000001 0.247348984375 0.53922298125 0.233239640625 0.55 0.2495249125 0.55 0.146819884375 0.525217378125 0.146819884375 0.49487190625000005 0.180329584375 0.486701971875 0.22442129687499998
0 0.255609534375 0.148583553125 0.18324725625 0.15387455625 0.13539478124999998 0.155638225 0.1190549125 0.1997299375 0.14239758125 0.2297123 0.16107172187500002 0.247348984375 0.19841999375 0.22794863125 0.22993259687499998 0.231475971875 0.241603934375 0.24558531874999998 0.26494660312499996 0.252639990625 0.276617940625 0.249112653125 0.31513334375 0.22794863125 0.34314455 0.231475971875 0.367654353125 0.250876321875 0.38516135625 0.252639990625 0.40967115937500004 0.23853064375000002 0.447019434375 0.23676697500000002 0.48436770625000003 0.23500330625000002 0.48436770625000003 0.20149360624999998 0.49370477187499995 0.136237875 0.44818656875 0.14152888125000002 0.41900822812499994 0.157401896875 0.34781308125 0.157401896875 0.30229487499999996 0.155638225 0.255609534375 0.148583553125
0 0.087542309375 0.27733135 0.1050493125 0.22442129687499998 0.11438638125 0.160929234375 0.087542309375 0.164456571875 0.052528303124999995 0.178565915625 0.039689834375 0.21736662187500003 0.068868171875 0.26498566874999996 0.087542309375 0.27733135
5 0.51875 0.2921875 0.0640625 0.075
5 0.215625 0.3 0.0859375 0.0578125
5 0.134375 0.278125 0.0671875 0.1046875
5 0.01875 0.271875 0.0359375 0.1140625
0 1 0.134128465625 0.9976613562500001 0.13489583125 0.970087828125 0.14408700937500002 0.955790440625 0.11651348125000001 0.949662990625 0.0874080875 0.9292381531249999 0.0720894625 0.901664621875 0.056770834375 0.8812397875 0.047579656250000005 0.84856005 0.056770834375 0.816901553125 0.08893995 0.8097528593750001 0.11344975625 0.78830678125 0.0812806375 0.779115603125 0.06596200937499999 0.75562704375 0.055238971875 0.718862334375 0.047579656250000005 0.694352534375 0.053707106250000004 0.6759701812500001 0.0812806375 0.663715278125 0.10579044062500001 0.652481615625 0.10579044062500001 0.640226715625 0.090471815625 0.622865603125 0.075153184375 0.5952920749999999 0.061366421875 0.559548609375 0.053707106250000004 0.55 0.07399790625 0.55 0.18142069375 0.55239991875 0.1731924 0.55239991875 0.15174632500000002 0.5636335781249999 0.13030024375 0.589164625 0.133363971875 0.604483253125 0.1594056375 0.622865603125 0.182383578125 0.634099265625 0.206893384375 0.6586090687499999 0.21148896874999998 0.6626940375 0.19617034375 0.6718852125 0.164001225 0.6841401125 0.13949142187500002 0.72090481875 0.13030024375 0.7515420749999999 0.14408700937500002 0.7709456718750001 0.168596815625 0.7832005718749999 0.193106615625 0.79137050625 0.21914828437499997 0.8005616812499999 0.251317403125 0.813837828125 0.258976715625 0.81792279375 0.232935046875 0.8322201781249999 0.179319853125 0.8383476312499999 0.157873775 0.86081495 0.136427696875 0.886345996875 0.13030024375 0.916983253125 0.13949142187500002 0.9343443625000001 0.164001225 0.945578025 0.190042890625 0.948641746875 0.220680146875 0.9568116812499999 0.21302083437500002 0.97110906875 0.188511028125 0.9986826000000001 0.1747242625 1 0.175629978125 1 0.134128465625
3 0.053125 0.615625 0.0640625 0.103125
3 0.0859375 0.79375 0.0484375 0.065625
3 0.1125 0.80625 0.046875 0.0390625
3 0.1515625 0.7953125 0.0515625 0.0453125
3 0.0546875 0.79375 0.04375 0.0484375
3 0.109375 0.6171875 0.0703125 0.096875
2 0.9359375 0.7265625 0.0625 0.090625
2 0.653125 0.8375 0.05625 0.0890625
2 0.5859375 0.625 0.0578125 0.084375