0 0.22408963750000002 0.22751322499999999 0.17390289375 0.234567903125 0.168067225 0.28395061875 0.17623716250000002 0.308641975 0.1867413625 0.326278659375 0.20658263125 0.35802469062500003 0.21358543437500002 0.328042328125 0.21008403437499998 0.289241621875 0.231092434375 0.31040564375 0.25793650625 0.322751321875 0.283613446875 0.34038800625 0.312791784375 0.328042328125 0.32796451875 0.305114640625 0.36647992500000004 0.319223984375 0.380485528125 0.296296296875 0.37231559375 0.252204584375 0.34197011875 0.21869488750000002 0.29878618125 0.21869488750000002 0.249766571875 0.229276896875 0.22408963750000002 0.22751322499999999
0 0.6839402437500001 0.22574955624999998 0.611577965625 0.22045855312499998 0.564892621875 0.22751322499999999 0.51937441875 0.229276896875 0.44817927187500006 0.229276896875 0.41900093125 0.21340388125 0.373482725 0.208112875 0.38281979375 0.27336860625 0.38281979375 0.30687830625 0.420168065625 0.308641975 0.45751634062499996 0.31040564375 0.48202614375 0.324514990625 0.499533146875 0.322751321875 0.524042953125 0.303350971875 0.55205415625 0.29982363125 0.590569559375 0.320987653125 0.6022408968749999 0.324514990625 0.62558356875 0.31746031874999997 0.637254903125 0.303350971875 0.66876750625 0.29982363125 0.7061157812500001 0.319223984375 0.724789915625 0.3015873 0.748132584375 0.2716049375 0.7317927156249999 0.22751322499999999 0.6839402437500001 0.22574955624999998
0 0.827497665625 0.289241621875 0.8146592 0.250440915625 0.7796451906249999 0.236331571875 0.75280111875 0.232804234375 0.7621381875 0.296296296875 0.7796451906249999 0.34920635 0.7983193281250001 0.33686066875 0.827497665625 0.289241621875
5 0.14375 0.428125 0.0578125 0.21875
5 0.196875 0.465625 0.053125 0.20625
5 0.2640625 0.434375 0.06875 0.2328125
5 0.346875 0.440625 0.0671875 0.225
5 0.65 0.459375 0.0859375 0.2328125
5 0.734375 0.4265625 0.0671875 0.259375
5 0.8734375 0.38125 0.0859375 0.1859375
1 0.103125 0.74375 0.10625 0.1296875