0 0.468020540625 0.301120446875 0.44701213749999996 0.26960784375 0.40966386562499996 0.260854340625 0.3851540625 0.309873946875 0.365312790625 0.315126053125 0.32796451875 0.30462185 0.2929505125 0.31337535 0.27310924375 0.309873946875 0.24509803749999998 0.29586834687499997 0.2229225 0.290616246875 0.20191409999999999 0.315126053125 0.21358543437500002 0.34488795625 0.24509803749999998 0.34313725625 0.260270775 0.35364145625 0.26143790624999996 0.372899159375 0.27777777812500004 0.39040616250000004 0.303454715625 0.34313725625 0.330298784375 0.35889355625 0.351307190625 0.3834033625 0.369981325 0.400910365625 0.394491128125 0.36239495625 0.41666666875 0.32212885 0.468020540625 0.301120446875
0 0.48902894375 0.35889355625 0.503034546875 0.3851540625 0.53688141875 0.4026610625 0.5497198875 0.35189075625 0.596405228125 0.33788515625 0.606909428125 0.306372546875 0.556722690625 0.299369746875 0.514705884375 0.32037815 0.47969187812499997 0.28186274375 0.47152194375 0.34313725625 0.48902894375 0.35889355625
0 0.637254903125 0.3746498625 0.6477591031250001 0.406162465625 0.669934640625 0.3886554625 0.6874416437499999 0.35714285625 0.72245565 0.33963585625000003 0.71661998125 0.315126053125 0.679271709375 0.318627453125 0.6524276375 0.309873946875 0.6197479 0.30462185 0.623249296875 0.33963585625000003 0.637254903125 0.3746498625
0 0.739962653125 0.39565826249999997 0.7516339875 0.42191876562499997 0.773809525 0.38165266249999996 0.8064892625000001 0.36589635625 0.8181606 0.336134453125 0.81115779375 0.306372546875 0.777310925 0.297619046875 0.757469653125 0.315126053125 0.72829131875 0.318627453125 0.725957046875 0.367647059375 0.739962653125 0.39565826249999997
0 0.10620915 0.493697478125 0.09570495 0.51820728125 0.09920635 0.570728290625 0.11204481875000001 0.5899859937499999 0.134220353125 0.60049019375 0.169234359375 0.58473389375 0.19257703125 0.58298319375 0.20891690000000002 0.565476190625 0.19374416562500002 0.533963584375 0.15639589375000001 0.5497198875 0.1423902875 0.5444677875 0.12721755625 0.526960784375 0.10620915 0.493697478125
0 0.52987861875 0.623249296875 0.50420168125 0.60399159375 0.48085900937500003 0.625 0.445845003125 0.639005603125 0.4330065375 0.614495796875 0.41666666875 0.598739496875 0.38632119375 0.637254903125 0.345471521875 0.598739496875 0.32212885 0.5794817937500001 0.30929038124999997 0.59348739375 0.2929505125 0.637254903125 0.32913165312500003 0.6477591031250001 0.3443043875 0.635504203125 0.37114845937499996 0.651260503125 0.4026610625 0.642507003125 0.43534079999999997 0.6530112031249999 0.461017740625 0.67401960625 0.493697478125 0.67226890625 0.52987861875 0.6635154062499999 0.5532212875 0.6810224093749999 0.5532212875 0.6477591031250001 0.52987861875 0.623249296875
0 0.62558356875 0.633753503125 0.612745096875 0.616246496875 0.595238096875 0.5812324906249999 0.58473389375 0.574229690625 0.55905695625 0.639005603125 0.54738561875 0.651260503125 0.568394025 0.67226890625 0.590569559375 0.67401960625 0.65009336875 0.67226890625 0.688608775 0.67226890625 0.70494864375 0.6687675093750001 0.699112978125 0.6320028 0.6839402437500001 0.60049019375 0.67226890625 0.57773109375 0.666433240625 0.607492996875 0.6559290375 0.637254903125 0.62558356875 0.633753503125
4 0.115625 0.365625 0.0640625 0.1171875
4 0.171875 0.4109375 0.06875 0.125
4 0.90625 0.384375 0.059375 0.0875
4 0.84375 0.4234375 0.05625 0.0828125
4 0.790625 0.425 0.0671875 0.146875
4 0.7 0.4328125 0.0984375 0.1953125
4 0.5796875 0.4296875 0.1328125 0.221875
4 0.44375 0.4015625 0.121875 0.234375
4 0.328125 0.425 0.090625 0.16875
4 0.2359375 0.4171875 0.065625 0.1796875
3 0.328125 0.425 0.1125 0.215625
3 0.4375 0.428125 0.1453125 0.2375