0 0.217086834375 0.2655889125 0.191409896875 0.249092709375 0.16573295937500002 0.2952820875 0.16573295937500002 0.33157373749999997 0.164565828125 0.367865390625 0.1867413625 0.356318046875 0.19607843125 0.328274496875 0.217086834375 0.33817221875 0.23225957187500001 0.361266909375 0.248599440625 0.38106235625 0.255602240625 0.38106235625 0.266106440625 0.35136918437500003 0.27310924375 0.334872978125 0.29528478125 0.329924115625 0.313958915625 0.31507753125 0.31512605 0.28703398125 0.288281978125 0.277136259375 0.255602240625 0.2952820875 0.233426703125 0.2804355 0.217086834375 0.2655889125
0 0.52170868125 0.257340809375 0.46685340625 0.25074232812499997 0.42717086875000004 0.24579346562499998 0.361811390625 0.255691190625 0.30812325 0.268888153125 0.317460315625 0.27383701875 0.317460315625 0.305179809375 0.32563025 0.311778290625 0.34313725625 0.349719565625 0.362978525 0.386011215625 0.37698412812500004 0.34312108124999996 0.3851540625 0.3134279125 0.403828196875 0.29693170625 0.43884220625000003 0.2853843625 0.47152194375 0.293632465625 0.49486461249999997 0.326624875 0.5077030812500001 0.356318046875 0.52987861875 0.3216760125 0.550887021875 0.30847905 0.575396825 0.300230946875 0.612745096875 0.3035301875 0.5917366937499999 0.257340809375 0.58123249375 0.257340809375 0.52170868125 0.257340809375
0 0.2929505125 0.59551303125 0.268440709375 0.5889145499999999 0.268440709375 0.6169581 0.290616246875 0.6252062031250001 0.310457515625 0.6219069625 0.331465921875 0.6301550625 0.362978525 0.64500165 0.3851540625 0.641702409375 0.383986928125 0.6169581 0.37114845937499996 0.603761134375 0.354808590625 0.5823160656249999 0.3373015875 0.53282745 0.32212885 0.524579346875 0.31512605 0.5443747937500001 0.30929038124999997 0.567469484375 0.2929505125 0.59551303125
0 0.48085900937500003 0.658198615625 0.47852474375 0.633454303125 0.45868347187499997 0.613658859375 0.445845003125 0.590564171875 0.43534079999999997 0.557571759375 0.42600373437499994 0.5377763125 0.411998134375 0.567469484375 0.40499533125 0.5922137875 0.396825396875 0.615308478125 0.39565826249999997 0.633454303125 0.40499533125 0.64500165 0.42717086875000004 0.6400527874999999 0.45284780625 0.649950509375 0.48085900937500003 0.658198615625
0 0.500700278125 0.565819859375 0.49603174687499996 0.602111515625 0.48902894375 0.6219069625 0.492530346875 0.66149785625 0.52054155 0.6680963375 0.557889821875 0.676344440625 0.589402428125 0.674694821875 0.626750703125 0.674694821875 0.653594771875 0.66149785625 0.6489262375 0.64500165 0.63258636875 0.62355658125 0.6209150343750001 0.6054107531249999 0.6104108312500001 0.57241834375 0.595238096875 0.564170240625 0.58823529375 0.615308478125 0.570728290625 0.633454303125 0.548552753125 0.633454303125 0.53804855 0.6169581 0.52170868125 0.57736720625 0.514705884375 0.567469484375 0.500700278125 0.565819859375
0 0.717787115625 0.565819859375 0.7002801125 0.5476740343750001 0.69094304375 0.5476740343750001 0.674603175 0.598812271875 0.6524276375 0.636753546875 0.666433240625 0.6631474749999999 0.6874416437499999 0.643352028125 0.72012138125 0.641702409375 0.7446311875 0.641702409375 0.7516339875 0.626855821875 0.732959853125 0.60046189375 0.717787115625 0.565819859375
0 0.6465919718750001 0.382711978125 0.66176470625 0.371164634375 0.669934640625 0.326624875 0.7142857125 0.31507753125 0.737628384375 0.3134279125 0.765639590625 0.34642032500000003 0.766806721875 0.377763115625 0.792483659375 0.33157373749999997 0.79365079375 0.30188056875 0.766806721875 0.28703398125 0.72945845 0.27383701875 0.7037815125 0.282085121875 0.68043884375 0.2853843625 0.638422034375 0.268888153125 0.611577965625 0.26393929374999997 0.62441643125 0.326624875 0.6465919718750001 0.382711978125
4 0.2140625 0.525 0.06875 0.11875
4 0.8078125 0.5421875 0.0703125 0.1421875
4 0.734375 0.54375 0.0671875 0.1390625
4 0.64375 0.55625 0.09375 0.15625
4 0.546875 0.55625 0.0875 0.15625
4 0.46875 0.5578125 0.0875 0.1453125
4 0.3734375 0.5546875 0.09375 0.14375
4 0.284375 0.5328125 0.0703125 0.1171875
4 0.3375 0.39375 0.0828125 0.134375
4 0.846875 0.384375 0.0453125 0.1046875
4 0.8 0.390625 0.06875 0.15
4 0.2421875 0.4046875 0.0671875 0.125
4 0.7296875 0.3625 0.0984375 0.13125