0 0.379206059375 0.162306684375 0.38971025937500003 0.19199985625 0.396713059375 0.19199985625 0.41305293125000003 0.17220440625 0.42822566562500003 0.14910971875 0.44923406874999994 0.13921199687500002 0.4585711375 0.167255546875 0.459375 0.1676741375 0.459375 0.06987431875 0.45390260312499997 0.060030209375 0.42822566562500003 0.076526415625 0.41188579374999995 0.091372996875 0.38971025937500003 0.1062195875 0.357030521875 0.088073759375 0.33018645 0.09797148125 0.331353584375 0.12601503125 0.35002771875 0.14086161875 0.37220325625 0.14581048125 0.379206059375 0.162306684375
0 0.123603815625 0.068278309375 0.06408000625 0.068278309375 0.05357580625 0.068278309375 0.0325674 0.1144676875 0.069915675 0.11116844687500001 0.09442547812499999 0.11941655 0.11543388125000001 0.1326135125 0.13760941875 0.167255546875 0.1504478875 0.137562375 0.17379055625 0.10456996562500001 0.20647029374999998 0.0963218625 0.24148429999999999 0.10786920625 0.2601584375 0.1243654125 0.26832837187499997 0.154058584375 0.282333975 0.196948715625 0.30217524375 0.1606570625 0.31968225 0.122715790625 0.327852184375 0.116117309375 0.327852184375 0.08477451875 0.33718925 0.07982565625 0.283501109375 0.06662869375 0.218141634375 0.05673096875 0.17845909375 0.061679828125 0.123603815625 0.068278309375
0 0.2601584375 0.45263990937500004 0.282333975 0.45593915 0.313846578125 0.4410925625 0.334854984375 0.4328444625 0.354696253125 0.43614370312500006 0.376871790625 0.4278956 0.376871790625 0.39985205 0.35236198750000003 0.40645053124999997 0.33602211875 0.37840698125 0.33018645 0.35531229375 0.32318365 0.335516846875 0.3080109125 0.34376495 0.29050390937500004 0.39325356875 0.274164040625 0.414698634375 0.261325571875 0.4278956 0.2601584375 0.45263990937500004
0 0.199467496875 0.401501671875 0.186629025 0.424596359375 0.16678775625 0.444391803125 0.164453490625 0.469136115625 0.19246469375 0.46088800937499996 0.218141634375 0.4509902875 0.24031716875 0.45593915 0.24965423750000001 0.444391803125 0.248487103125 0.426245978125 0.24031716875 0.40315128749999996 0.233314365625 0.37840698125 0.2193087625 0.3487138125 0.2099717 0.36850925625 0.199467496875 0.401501671875
0 0 0.47650705000000004 0.018561796875 0.485632321875 0.055910071875 0.485632321875 0.087422678125 0.48728194062499997 0.12477095 0.4790338375 0.15278215625 0.47243535625 0.15628355625 0.4328444625 0.149280753125 0.41304901562499996 0.144612221875 0.376757359375 0.130606615625 0.37840698125 0.123603815625 0.38830470625 0.10726395 0.4278956 0.096759746875 0.444391803125 0.074584209375 0.444391803125 0.05707720625 0.426245978125 0.050074403125 0.37510774062499996 0.034901668749999996 0.38335584375 0.024397465625 0.41634825312499996 0.01272613125 0.43449408125 0 0.45119634375000006 0 0.47650705000000004
0 0 0.1904134 0.02089606875 0.137562375 0.033734534375 0.07487679375 0.0068904625 0.07982565625 0 0.08253091875 0 0.1904134
4 0.428125 0.3359375 0.0625 0.11875
4 0.0234375 0.3671875 0.046875 0.15625
4 0.096875 0.36875 0.0875 0.15625
4 0.1765625 0.36875 0.0875 0.1453125
4 0.271875 0.365625 0.09375 0.14375
4 0.3625 0.34375 0.0703125 0.1171875
4 0.309375 0.20625 0.0828125 0.134375
4 0.403125 0.215625 0.0671875 0.125
0 0.459375 0.46330726875000006 0.459375 0.5 0.70040563125 0.5 0.67161385625 0.4661502125 0.64593691875 0.392620796875 0.63076418125 0.3225927875 0.613257178125 0.22455356875 0.58991450625 0.25431547499999996 0.5478977031250001 0.338349090625 0.5117165625 0.41187850312499996 0.4708668875 0.455646009375 0.459375 0.46330726875000006