0 0 0 0 0.02136046875 0.018741246875 0.028331203125 0.038582515625 0.025031959375000003 0.05959091875 0.0332800625 0.09110352499999999 0.04812665 0.1132790625 0.044827409375 0.112111928125 0.0200831 0.099273459375 0.006886134375 0.09402663125 0 0 0
0 0.131471390625 0 0.12495039687500001 0.018433478125 0.1237832625 0.03657930625 0.13312033125 0.04812665 0.155295865625 0.043177787499999995 0.18097280625 0.0530755125 0.208984009375 0.0613236125 0.20664974374999998 0.03657930625 0.186808475 0.016783859374999998 0.17747823125 0 0.131471390625 0
0 0.22483036875 0 0.224156746875 0.005236515625 0.21715394375 0.025031959375000003 0.22065534687500002 0.064622853125 0.24866655 0.07122133750000001 0.286014821875 0.079469440625 0.317527428125 0.07781981875 0.354875703125 0.07781981875 0.381719771875 0.064622853125 0.3770512375 0.04812665 0.36071136875 0.026681581250000003 0.34904003125 0.008535753125 0.346322396875 0 0.31888455000000004 0 0.31636029374999997 0.018433478125 0.298853290625 0.03657930625 0.27667775625 0.03657930625 0.266173553125 0.0200831 0.257884896875 0 0.22483036875 0
0 0.40334717812500004 0 0.402728175 0.001937271875 0.3805526375 0.039878546875 0.394558240625 0.066272475 0.41556664374999996 0.046477028125 0.44824638125 0.044827409375 0.47275618750000004 0.044827409375 0.4797589875 0.029980821875 0.461084853125 0.0035868937500000003 0.459513840625 0 0.40334717812500004 0
4 0.371875 0.01875 0.09375 0.0375
4 0.275 0.01875 0.0875 0.0375
4 0.196875 0.015625 0.0875 0.03125
4 0.1015625 0.015625 0.09375 0.0296875
0 0.184671159375 0.634450778125 0.1734375 0.666205975 0.1611826 0.6748664843750001 0.132587828125 0.686413828125 0.14484272812500001 0.7210558625 0.16220384062499998 0.73693345625 0.1856924 0.749924221875 0.21326593124999998 0.7311597875 0.207138478125 0.718169025 0.21632965624999997 0.6748664843750001 0.225520834375 0.64166786875 0.21632965624999997 0.609912671875 0.19896854375 0.601252165625 0.184671159375 0.634450778125
0 0.5043198531249999 0.684970409375 0.5043198531249999 0.72827295 0.54312704375 0.749924221875 0.56875 0.757825753125 0.56875 0.634395928125 0.557424428125 0.60558241875 0.5441482843750001 0.599808746875 0.527808415625 0.6431112875 0.5043198531249999 0.684970409375
5 0.3875 0.4375 0.059375 0.2046875
5 0.228125 0.40625 0.096875 0.1578125
3 0.165625 0.5546875 0.090625 0.228125
3 0.2078125 0.4 0.109375 0.171875
3 0.540625 0.421875 0.0578125 0.1859375
3 0.553125 0.5828125 0.0296875 0.246875
0 0.371875 0.69375 0.2171875 0.2546875
2 0.615625 0.5875 0.0921875 0.384375
2 0.75625 0.596875 0.23125 0.3546875
2 0.91875 0.546875 0.1625 0.3359375