0 0.29712885 0.12729151875 0.287791784375 0.17127463125 0.27028478125 0.1906272 0.24810924375 0.176552603125 0.25511204374999996 0.123772871875 0.2504435125 0.09386435625 0.23993930937500002 0.1184949 0.23060224062499998 0.15720003437500002 0.21542950625 0.181830575 0.1979225 0.16599665624999999 0.20025676875 0.1448847625 0.185084034375 0.141366115625 0.17691410000000002 0.12201354687499999 0.16174136249999999 0.123772871875 0.15940709687500002 0.1466440875 0.15240429375 0.181830575 0.168744165625 0.197664496875 0.1839169 0.201183146875 0.20142390312499997 0.20646111875 0.21776377500000002 0.21701706562499998 0.224766571875 0.2275730125 0.23643790625 0.24340693125 0.258613446875 0.261000175 0.276120446875 0.28035274375 0.28662465 0.276834096875 0.333309990625 0.2557222 0.35431839374999996 0.24516625625000002 0.358986928125 0.21525774062499997 0.3636554625 0.17831192812500002 0.341479925 0.16599665624999999 0.33564425625 0.13081016875 0.3158029875 0.09210503125 0.305298784375 0.079789759375 0.29712885 0.12729151875
0 0.36482259687499996 0.16775598125 0.3636554625 0.21525774062499997 0.362488328125 0.24164760937500002 0.38933239999999997 0.24340693125 0.412675071875 0.24340693125 0.44302054062499996 0.24340693125 0.4663632125 0.2258136875 0.489705884375 0.231091659375 0.49670868125 0.1835899 0.49437441875 0.17127463125 0.48620448125 0.1554407125 0.4698646125 0.095623678125 0.45002334375 0.065715165625 0.44535480937500005 0.12905084375 0.43485060625000005 0.1501627375 0.41617646875 0.12905084375 0.404505134375 0.09034570625 0.390499534375 0.0727524625 0.38349673125 0.109698275 0.3671568625 0.158959359375 0.36482259687499996 0.16775598125
0 0.529388421875 0.065715165625 0.52238561875 0.08858638125 0.5130485499999999 0.12553219375 0.49437441875 0.158959359375 0.485037346875 0.2187763875 0.49087301562499996 0.231091659375 0.5142156875 0.23285098437500001 0.532889821875 0.234610309375 0.557399628125 0.234610309375 0.5889122312499999 0.24164760937500002 0.612254903125 0.236369634375 0.64376750625 0.238128959375 0.65 0.24197228124999998 0.65 0.102968859375 0.6367647062499999 0.078030434375 0.620424834375 0.069233815625 0.61458916875 0.097383003125 0.609920634375 0.12553219375 0.601750703125 0.16247800625 0.5842437 0.176552603125 0.56323529375 0.1554407125 0.557399628125 0.123772871875 0.543394025 0.065715165625 0.529388421875 0.065715165625
5 0.60625 0.0125 0.0359375 0.025
4 0.121875 0.0359375 0.04375 0.071875
4 0.15 0.06875 0.053125 0.0921875
4 0.471875 0.03125 0.0453125 0.0609375
3 0.9671875 0.153125 0.065625 0.1796875
3 0.915625 0.265625 0.103125 0.1796875
3 0.890625 0.35 0.1015625 0.0578125
3 0.3171875 0.578125 0.078125 0.2359375
3 0.259375 0.596875 0.065625 0.2203125
3 0.35625 0.6640625 0.0671875 0.2359375
3 0.41875 0.6421875 0.0796875 0.240625
5 0.7125 0.440625 0.1234375 0.1234375
5 0.85 0.428125 0.1828125 0.0984375
5 0.9703125 0.4359375 0.059375 0.115625