0 0.3361519625 0.157315490625 0.327982028125 0.11157305625 0.2918008875 0.11509170625000001 0.261455415625 0.120369675 0.229942809375 0.12388832812499999 0.182090334375 0.12564765 0.16458333125 0.14500021875 0.16925186875 0.159074815625 0.182090334375 0.18898333125 0.19843020625000002 0.206576575 0.212435809375 0.24528171250000003 0.221772875 0.24352238750000002 0.2404470125 0.21713252187499998 0.25328548125 0.18546468124999999 0.26612395 0.174908734375 0.281296684375 0.19074265625 0.28713235312499996 0.232966440625 0.30463935625 0.24528171250000003 0.30814075625 0.206576575 0.315143559375 0.18546468124999999 0.3361519625 0.157315490625
0 0.158747665625 0.13972224687499998 0.168084734375 0.11685103125 0.120232259375 0.1362036 0.02569444375 0.11685103125 0.009354575 0.134444275 0.015190243749999999 0.14851886875 0.03736578125 0.15203751875 0.0490371125 0.1713900875 0.075881184375 0.22065116875 0.08871965625 0.24352238750000002 0.09572245625 0.22241049375 0.10972805625 0.19074265625 0.12490079375 0.1713900875 0.142407796875 0.159074815625 0.158747665625 0.13972224687499998
0 0.165750465625 0.3930649625 0.151744865625 0.41065820625000005 0.140073528125 0.44936334375 0.12139939375 0.4704752375 0.110895190625 0.44936334375 0.10622665625000001 0.386027665625 0.0863853875 0.41593618125000004 0.07004551875000001 0.4757532125 0.063178234375 0.4890625 0.191451825 0.4890625 0.191427403125 0.488068484375 0.1890931375 0.479271859375 0.17275326875000002 0.43001077812500005 0.165750465625 0.3930649625
4 0.434375 0.3375 0.04375 0.1078125
4 0.40625 0.3875 0.053125 0.0921875
4 0.4390625 0.203125 0.0359375 0.1015625
4 0.084375 0.309375 0.0453125 0.14375
3 0.0796875 0.93125 0.128125 0.1359375
3 0.1625 0.96875 0.1171875 0.0625
1 0.7140625 0.61875 0.11875 0.140625
1 0.803125 0.575 0.0859375 0.146875