0 0.123299790625 0 0.112295753125 0.01898196875 0.120465684375 0.080256478125 0.12163282187499999 0.080256478125 0.167151028125 0.050494575 0.1893265625 0.043491771875 0.204499296875 0.060998775000000005 0.22317343437499998 0.092511378125 0.238346171875 0.08375787812499999 0.27569444375 0.045242475 0.289700046875 0.050494575 0.303705646875 0.089009978125 0.32471405 0.10301558125000002 0.3433881875 0.08725928125 0.37840219375 0.03298756875 0.38890639375 0.0032256624999999995 0.33944620625 0 0.123299790625 0
2 0.05 0.140625 0.0984375 0.1703125
1 0.06875 0.0296875 0.1265625 0.059375
1 0.390625 0.06875 0.1015625 0.115625
0 0.790992646875 0.183212859375 0.81083391875 0.174437853125 0.82133811875 0.13758281249999998 0.80499825 0.127052803125 0.755978640625 0.127052803125 0.7314688375 0.116522790625 0.671945028125 0.098972775 0.6427666875 0.1112577875 0.6322624875 0.15162283125 0.6170897531249999 0.195497871875 0.62292541875 0.20602788125 0.64159955625 0.16741784375 0.668443628125 0.15513283125 0.690619165625 0.15337783124999999 0.7092933 0.174437853125 0.72680030625 0.186722865625 0.7361373718750001 0.230597909375 0.7408059031249999 0.24463791875 0.7513101062499999 0.22884290625 0.771151378125 0.20778288125 0.790992646875 0.183212859375
0 0.80499825 0.4868281625 0.7851569781250001 0.5570282343749999 0.768817109375 0.5605382375 0.741973040625 0.56580324375 0.7314688375 0.5429882187499999 0.727967434375 0.502623178125 0.72213176875 0.45874813750000004 0.708126165625 0.46927814687499997 0.6987891 0.5096431875 0.688284896875 0.532458209375 0.678947828125 0.539478215625 0.662607959375 0.5113981875 0.660273690625 0.4868281625 0.6544380249999999 0.471033146875 0.638098153125 0.5096431875 0.635763890625 0.532458209375 0.62642681875 0.5429882187499999 0.600749884375 0.5359682125 0.59374708125 0.514908190625 0.591412815625 0.564048240625 0.6114140031249999 0.5796875 0.6269539749999999 0.5796875 0.639265290625 0.56580324375 0.64860235625 0.544743221875 0.659106559375 0.5605382375 0.68244923125 0.57457825 0.704624765625 0.558783234375 0.7139618343749999 0.550008228125 0.725658240625 0.5796875 0.791799428125 0.5796875 0.797995446875 0.57457825 0.8201709875000001 0.57282325 0.8225119875000001 0.5796875 0.845941509375 0.5796875 0.827173784375 0.558783234375 0.822505253125 0.5113981875 0.82133811875 0.478053153125 0.80499825 0.4868281625
4 0.821875 0.4546875 0.0578125 0.1359375
4 0.95 0.446875 0.0625 0.1328125
4 0.640625 0.44375 0.0546875 0.125
4 0.75625 0.471875 0.109375 0.15625
3 0.68125 0.80625 0.13125 0.20625
1 0.965625 0.8390625 0.053125 0.0921875
1 0.878125 0.91875 0.0515625 0.109375
1 0.80625 0.884375 0.034375 0.065625
1 0.746875 0.846875 0.0390625 0.0625
1 0.634375 0.73125 0.09375 0.0828125