0 0.236647990625 0.14393143125000002 0.2121381875 0.168561971875 0.142110178125 0.138653459375 0.135107378125 0.18263656875 0.16661998125 0.1967111625 0.2016339875 0.23189765 0.22030812187499998 0.247731571875 0.242483659375 0.25125021875 0.26699346562500004 0.230138328125 0.289169003125 0.18615521875000002 0.316013071875 0.17559926875 0.34519140937500004 0.17911791875 0.370868346875 0.21606373125 0.381372546875 0.25125021875 0.39187675 0.286436709375 0.40354808750000004 0.282918059375 0.444397759375 0.228379003125 0.43389355625 0.17911791875 0.40821661875000004 0.138653459375 0.367366946875 0.108744940625 0.34635854374999997 0.094670346875 0.305508871875 0.092911021875 0.236647990625 0.14393143125000002
2 0.2875 0.259375 0.084375 0.140625
4 0.1546875 0.290625 0.159375 0.1796875
4 0.0359375 0.275 0.071875 0.2109375
4 0.5 0.3265625 0.0921875 0.10625
4 0.90625 0.3 0.0390625 0.159375
2 0.371875 0.3953125 0.2359375 0.03125
2 0.26875 0.5 0.29375 0.1546875
2 0.24375 0.7 0.2078125 0.1578125
2 0.2875 0.853125 0.178125 0.09375
2 0.253125 0.95625 0.1859375 0.0875
5 0.815625 0.60625 0.0265625 0.05
5 0.83125 0.590625 0.0171875 0.04375
5 0.85 0.578125 0.025 0.05
5 0.784375 0.5984375 0.021875 0.0546875
5 0.665625 0.596875 0.040625 0.05
5 0.6171875 0.6015625 0.0203125 0.0421875
5 0.59375 0.5953125 0.0109375 0.04375