0 0.4983660125 0.29908515 0.53338001875 0.2638986625 0.564892621875 0.24982406875000002 0.557889821875 0.205840959375 0.4878618125 0.235749471875 0.46335200624999995 0.21111893125 0.394491128125 0.160098521875 0.35364145625 0.161857846875 0.332633053125 0.175932440625 0.29178338125000003 0.205840959375 0.266106440625 0.24630541875 0.255602240625 0.295566503125 0.296451915625 0.350105559375 0.30812325 0.353624209375 0.318627453125 0.31843771875 0.32913165312500003 0.28325123125 0.354808590625 0.24630541875 0.383986928125 0.24278676875 0.41083100000000006 0.25334271875000003 0.4330065375 0.297325828125 0.45751634062499996 0.31843771875 0.47969187812499997 0.314919071875 0.4983660125 0.29908515
0 0.51120448125 0.89197748125 0.51120448125 0.85503166875 0.47385620937499995 0.851513021875 0.43534079999999997 0.842716396875 0.42133520312500006 0.8110485562499999 0.41666666875 0.7653061250000001 0.41083100000000006 0.7037297687499999 0.396825396875 0.652709359375 0.37698412812500004 0.6808585500000001 0.361811390625 0.726600984375 0.3232959875 0.77410274375 0.29178338125000003 0.802251934375 0.28011204375 0.781140040625 0.26143790624999996 0.724841659375 0.260270775 0.672061928125 0.23692810312499998 0.6808585500000001 0.22175536875000001 0.724841659375 0.20541550000000003 0.779380715625 0.20891690000000002 0.8180858531249999 0.21942110312500002 0.835679096875 0.246265175 0.85503166875 0.30578898125 0.8339197781250001 0.3408029875 0.8180858531249999 0.358309990625 0.81280788125 0.394491128125 0.8796622093750001 0.42366946875 0.913089375 0.47152194375 0.9359605906249999 0.51120448125 0.89197748125
0 0.749299721875 0.869106265625 0.76097105625 0.826882478125 0.76097105625 0.7846586906249999 0.746965453125 0.81632653125 0.732959853125 0.853272340625 0.723622784375 0.8585503187500001 0.692110178125 0.837438425 0.686274509375 0.8075299093750001 0.679271709375 0.77586206875 0.667600371875 0.735397609375 0.6570961718749999 0.7565095000000001 0.651260503125 0.782899365625 0.6360877687500001 0.802251934375 0.6092437 0.7916959875 0.589402428125 0.7653061250000001 0.5730625593750001 0.7441942312500001 0.557889821875 0.7037297687499999 0.560224090625 0.7653061250000001 0.56956115625 0.81632653125 0.583566759375 0.846235046875 0.6022408968749999 0.8585503187500001 0.6360877687500001 0.846235046875 0.6582633062500001 0.825123153125 0.67226890625 0.8180858531249999 0.681605975 0.863828290625 0.693277309375 0.8937368031249999 0.709617178125 0.906052078125 0.735294115625 0.8937368031249999 0.749299721875 0.869106265625
2 0.4125 0.328125 0.084375 0.140625
4 0.54375 0.39375 0.159375 0.253125
4 0.7015625 0.384375 0.146875 0.29375
4 0.8375 0.38125 0.1234375 0.26875
4 0.4734375 0.7421875 0.1265625 0.2375
4 0.6078125 0.7125 0.1140625 0.21875
3 0.8125 0.703125 0.075 0.2578125
3 0.728125 0.7078125 0.103125 0.2734375
3 0.85 0.390625 0.146875 0.34375
4 0.1984375 0.4 0.0921875 0.11875