0 0 0.229941328125 0.023049428125 0.22716176875 0.0498935 0.23771771875 0.0720690375 0.281700828125 0.096578840625 0.30281271875 0.118754378125 0.299294071875 0.13742851250000002 0.28346015 0.17244251875 0.2482736625 0.20395512500000001 0.23419906875000002 0.196952321875 0.190215959375 0.1269243125 0.220124471875 0.102414509375 0.19549393125 0.033553628125 0.144473521875 0 0.14591861875 0 0.229941328125
2 0.05 0.3125 0.084375 0.140625
4 0.184375 0.378125 0.159375 0.253125
4 0.340625 0.36875 0.146875 0.29375
4 0.4765625 0.365625 0.1234375 0.26875
4 0.1125 0.6375 0.1265625 0.0609375
4 0.246875 0.628125 0.1140625 0.08125
3 0.4515625 0.6125 0.075 0.1109375
3 0.3671875 0.6125 0.103125 0.1140625
3 0.4890625 0.375 0.146875 0.34375
5 0.675 0.290625 0.0703125 0.03125
5 0.71875 0.284375 0.090625 0.0265625
5 0.7875 0.2703125 0.0796875 0.0296875
5 0.8625 0.2890625 0.0875 0.0484375
5 0.9375 0.334375 0.096875 0.0359375
5 0.965625 0.38125 0.0671875 0.040625
5 0.965625 0.440625 0.0578125 0.0328125
5 0.9625 0.41875 0.075 0.0390625
5 0.640625 0.3015625 0.021875 0.03125
3 0.78125 0.271875 0.0921875 0.0640625
5 0.146875 0.7921875 0.0484375 0.1453125
5 0.328125 0.8703125 0.071875 0.15625
5 0.43125 0.828125 0.065625 0.1265625
3 0.2828125 0.8703125 0.134375 0.259375
3 0.109375 0.784375 0.090625 0.2109375