0 0.29693867812499997 0.46642724375 0.284443484375 0.454807778125 0.27483179375 0.43447371874999996 0.265220109375 0.43447371874999996 0.255608421875 0.441735884375 0.2411908875 0.451902915625 0.22196751250000002 0.4373785875 0.21523933125 0.41559209375000006 0.20370530625 0.4025202 0.19601595624999998 0.4025202 0.185443096875 0.42721155624999996 0.169103228125 0.43447371874999996 0.15660803437499998 0.43156885625 0.14699635 0.389448303125 0.140268165625 0.383638571875 0.139306996875 0.42140182187499997 0.15660803437499998 0.447545615625 0.1758314125 0.46206994375 0.19889946249999998 0.457712646875 0.20562764375000003 0.45045047812499994 0.2258121875 0.467879675 0.248880240625 0.47949913750000006 0.2642589375 0.47368940625 0.284443484375 0.483856434375 0.298861015625 0.48821373437500004 0.3228902375 0.47949913750000006 0.342113609375 0.49257103124999996 0.364220490625 0.48676130312500004 0.359414646875 0.464974809375 0.332501921875 0.463522375 0.3228902375 0.448998046875 0.311356209375 0.451902915625 0.29693867812499997 0.46642724375
3 0.284375 0.3875 0.0640625 0.1296875
3 0.4125 0.378125 0.0765625 0.1296875
3 0.34375 0.4046875 0.071875 0.1046875
3 0.234375 0.38125 0.0796875 0.1234375
5 0.3109375 0.421875 0.0390625 0.0875
5 0.2609375 0.409375 0.0375 0.0921875
5 0.3734375 0.415625 0.0546875 0.103125
0 0.571530696875 0.47097339062500004 0.5390625 0.536469578125 0.5390625 0.659375 0.8809511750000001 0.659375 0.8843224781250001 0.6267857125 0.8271329375 0.6145308093749999 0.800288865625 0.595273109375 0.76644199375 0.535749296875 0.70341678125 0.523494396875 0.675405578125 0.45346638749999996 0.633388771875 0.360679271875 0.59370623125 0.42545518125 0.571530696875 0.47097339062500004
3 0.265625 0.746875 0.0390625 0.1265625
3 0.3015625 0.7484375 0.0375 0.11875
3 0.23125 0.734375 0.03125 0.0953125
3 0.4046875 0.71875 0.0328125 0.0921875
3 0.1734375 0.725 0.028125 0.1015625