0 0.36891631875 0.6866608875 0.3992617875 0.69017089375 0.42610585937499995 0.662090865625 0.456451328125 0.604175809375 0.48913106875 0.6550708562499999 0.506638071875 0.67613088125 0.509375 0.6772009031249999 0.509375 0.6346163125000001 0.477459734375 0.5866257874999999 0.461119865625 0.526955728125 0.444779996875 0.5058957093750001 0.43194152812500003 0.5339757374999999 0.422604459375 0.563810765625 0.414434525 0.6024208062499999 0.407431721875 0.623480825 0.400428921875 0.6498058531249999 0.37008345 0.6550708562499999 0.36891631875 0.6866608875
4 0.3203125 0.265625 0.14375 0.1984375
4 0.215625 0.309375 0.0625 0.1
4 0.075 0.290625 0.0703125 0.1109375
4 0.38125 0.5375 0.1234375 0.1609375
4 0.4859375 0.56875 0.046875 0.1984375
5 0.221875 0.534375 0.1375 0.1796875
5 0.86875 0.39375 0.1078125 0.1671875
5 0.9625 0.43125 0.06875 0.13125
5 0.7125 0.21875 0.0625 0.18125
5 0.734375 0.409375 0.053125 0.1078125
2 0.7796875 0.1875 0.09375 0.234375