4 0.284375 0.26875 0.14375 0.1984375
4 0.3875 0.3140625 0.0625 0.1
4 0.5296875 0.2953125 0.0703125 0.1109375
4 0.225 0.509375 0.1234375 0.0984375
4 0.0828125 0.5171875 0.115625 0.084375
5 0.3828125 0.503125 0.1375 0.1109375
5 0.1859375 0.871875 0.065625 0.0875
5 0.309375 0.8765625 0.0609375 0.08125
5 0.4375 0.865625 0.0546875 0.078125
1 0.203125 0.9875 0.0765625 0.025
1 0.2828125 0.9796875 0.065625 0.040625
1 0.3546875 0.971875 0.059375 0.05625
2 0.5125 0.83125 0.0609375 0.059375
3 0.1 0.8578125 0.078125 0.1234375
2 0.946875 0.890625 0.0625 0.0734375
2 0.9796875 0.8765625 0.040625 0.084375