0 0.025469303125 0 0.010078196875 0.04473039375 0 0.07194152499999999 0 0.25326686875000004 0.029919465625000002 0.254814425 0.07310340625 0.18828781562500002 0.109284546875 0.23205531875 0.175811159375 0.254814425 0.21432656562500002 0.24781162499999998 0.21666083125000002 0.204044115625 0.160638421875 0.195290615625 0.116287346875 0.1602766125 0.08827614375000001 0.0814951 0.054319853125 0 0.025469303125 0
2 0.5296875 0.3 0.09375 0.11875
5 0.4 0.7234375 0.01875 0.059375
5 0.26875 0.7421875 0.0375 0.0640625
5 0.2046875 0.734375 0.0390625 0.0625
5 0.35625 0.740625 0.0390625 0.0734375
5 0.3125 0.734375 0.0390625 0.0859375
4 0.3859375 0.734375 0.03125 0.053125
4 0.3375 0.7359375 0.0390625 0.0703125
4 0.2453125 0.7671875 0.0265625 0.05
0 0.2421875 0.65 0.125 0.0671875
0 0.3875 0.7734375 0.0421875 0.040625
0 0.334375 0.784375 0.0546875 0.0359375
0 1 0.59476103125 0.9983353781250001 0.59476103125 0.9339971406249999 0.6070159312500001 0.874765115625 0.59782475625 0.83902165 0.585569853125 0.777747140625 0.582506128125 0.6766441999999999 0.60395220625 0.6031147875 0.61007965625 0.5622651125 0.6070159312500001 0.47035335 0.6468443625 0.4203125 0.668290440625 0.409375 0.6729779406249999 0.409375 0.963811275 0.41214256562499996 0.9654718156250001 0.419291259375 0.9593443625000001 0.427461190625 0.9118566187500001 0.437673609375 0.8796875 0.45094975625 0.85211396875 0.4642259 0.8276041656249999 0.48771445937499996 0.8061580875000001 0.523457925 0.783180146875 0.544904003125 0.77398896875 0.605157271875 0.7617340687499999 0.63375204375 0.77092524375 0.67562295625 0.789307596875 0.699111521875 0.7939031875 0.734854984375 0.789307596875 0.75221609375 0.76479779375 0.77264093125 0.743351715625 0.7991932187499999 0.732628678125 0.83902165 0.7356924031250001 0.854340278125 0.74947916875 0.8757863562500001 0.778584559375 0.8921262249999999 0.79543505 0.9094873375000001 0.824540440625 0.917657271875 0.84292279375 0.9258272062499999 0.876623775 0.9278696875 0.8919423999999999 0.94931576875 0.8750919125 0.967698121875 0.83832720625 1 0.8169509625 1 0.59476103125
1 0.9640625 0.8921875 0.071875 0.209375
1 0.678125 0.84375 0.1015625 0.1953125
3 0.9546875 0.8921875 0.090625 0.215625