0 0.1035471125 0 0.083686390625 0.01787465 0.073182190625 0.07214635625 0.09302345937499999 0.100157565625 0.125703196875 0.13167016874999998 0.151380134375 0.133420865625 0.1688871375 0.12291666875 0.16655286875 0.07389705937499999 0.22841095 0.030129553125000003 0.2715948875 0.05814075625 0.29960609374999997 0.14042366875 0.32411589687500003 0.11591386562499999 0.334620096875 0.059891456249999996 0.3390625 0.056047071875 0.3390625 0 0.1035471125 0
0 0.294937559375 0.5693452375 0.26926061875 0.588602940625 0.23307948125000003 0.59385504375 0.198065475 0.578098740625 0.158382934375 0.5798494375 0.179391340625 0.590353640625 0.18829567187500001 0.6 0.3390625 0.6 0.3390625 0.518126315625 0.3369543625 0.51682423125 0.32061449375 0.546586134375 0.294937559375 0.5693452375
4 0.296875 0.2140625 0.08125 0.175
2 0.8359375 0.4 0.046875 0.0546875
2 0.878125 0.4796875 0.046875 0.065625
2 0.865625 0.58125 0.0609375 0.0375
2 0.4625 0.321875 0.04375 0.0515625
4 0.80625 0.3390625 0.075 0.0765625
4 0.5125 0.3234375 0.0546875 0.05625
4 0.496875 0.403125 0.0875 0.0859375
4 0.85625 0.5625 0.059375 0.0734375
4 0.84375 0.484375 0.04375 0.0671875
4 0.81875 0.40625 0.0484375 0.071875
3 0.790625 0.253125 0.0984375 0.0984375
3 0.521875 0.253125 0.0671875 0.109375
3 0.7109375 0.23125 0.0984375 0.0921875
3 0.6078125 0.2265625 0.0921875 0.109375
2 0.5015625 0.578125 0.059375 0.0453125
4 0.4953125 0.490625 0.090625 0.0921875
2 0.2203125 0.6375 0.23125 0.075
2 0.884375 0.7734375 0.071875 0.0546875