0 0.39685749375 0.29837185 0.36417775625000004 0.286116946875 0.331498015625 0.26685924375000003 0.29648400937499997 0.240598740625 0.261470003125 0.198581934375 0.17977065625 0.27036064375 0.1424223875 0.27911414375 0.106241246875 0.335136553125 0.13308531875000001 0.3859068625 0.17043359062500002 0.41741946875 0.199611928125 0.35089285625 0.24396300312500002 0.326383053125 0.276642740625 0.33863795625000004 0.30698821249999997 0.363147759375 0.325187115625 0.4296875 0.359730084375 0.4296875 0.373514821875 0.399912465625 0.398024625 0.34564075625 0.41553163125000003 0.324632353125 0.39685749375 0.29837185
0 0.45287990312500004 0.34739145625 0.463384103125 0.403413865625 0.48789390624999995 0.42792366875 0.509375 0.364822959375 0.509375 0.230796278125 0.47855684062500004 0.22309173750000003 0.42486870000000004 0.24234944062500002 0.422534428125 0.321130953125 0.45287990312500004 0.34739145625
3 0.515625 0.2203125 0.0125 0.1125
4 0.05 0.6484375 0.1 0.153125
0 1 0.8320988281249999 0.988515259375 0.8106680624999999 0.983249725 0.763505203125 0.961435375 0.736976096875 0.9493998687499999 0.7502406500000001 0.9403732437500001 0.807720384375 0.93510770625 0.84014485 0.91329335625 0.86520011875 0.8907267875 0.87551699375 0.8794435 0.8489878875000001 0.8666557750000001 0.8195111 0.8516113937500001 0.781191278125 0.846345859375 0.738449934375 0.82227485 0.7723482374999999 0.795194965625 0.788560471875 0.764353984375 0.775295921875 0.761345109375 0.736976096875 0.735017440625 0.7163423437499999 0.72373415625 0.73402841875 0.711698653125 0.7723482374999999 0.702672021875 0.8121419031249999 0.692893175 0.826880296875 0.672583259375 0.8430925312499999 0.64776003125 0.8430925312499999 0.619175709375 0.803298865625 0.6071402031249999 0.81361574375 0.591343603125 0.8313018156249999 0.5770514437500001 0.8681478 0.569529253125 0.9005722625000001 0.54244936875 0.9447874437499999 0.544674059375 1 0.54693300625 1 0.5778036625 0.989002625 0.5951047 0.9388920875 0.62444124375 0.897624584375 0.6439989374999999 0.9094153 0.6582911 0.925627534375 0.70492868125 0.90499378125 0.716211965625 0.872569315625 0.72824746875 0.837197171875 0.7447962875 0.8327756531249999 0.7801505843750001 0.84014485 0.803469375 0.82393261875 0.843336984375 0.846040209375 0.8591335843750001 0.8873077125 0.8726735281250001 0.916784496875 0.88771790625 0.931522890625 0.9125411375000001 0.915310659375 0.9320988343750001 0.893203065625 0.9554176218749999 0.8681478 0.9772319749999999 0.8887815531250001 1 0.903967896875 1 0.8320988281249999
4 0.5828125 0.525 0.13125 0.1890625
4 0.7578125 0.5375 0.203125 0.2140625
4 0.9375 0.540625 0.1234375 0.2234375
4 0.9734375 0.7484375 0.053125 0.253125
4 0.8890625 0.7625 0.121875 0.3140625
4 0.79375 0.709375 0.1140625 0.1984375
4 0.675 0.73125 0.13125 0.25
4 0.56875 0.7765625 0.11875 0.378125