0 0.266923434375 0.49824929687499997 0.234243696875 0.45273109375000004 0.22373949375 0.44397759062500003 0.20623249375000002 0.46673669375 0.1817226875 0.487745096875 0.151377215625 0.4929972 0.128034546875 0.47373949687500005 0.109360409375 0.45798319374999996 0.087184871875 0.44397759062500003 0.07084500625 0.489495796875 0.034663865625 0.5157563 0.03349673125 0.54201680625 0.076680671875 0.5332633062500001 0.095354809375 0.5052521 0.12920168125 0.5280112031249999 0.151377215625 0.554271709375 0.192226890625 0.564775909375 0.21090102812499997 0.557773109375 0.262254903125 0.5717787125 0.284430440625 0.591036415625 0.324112978125 0.5892857125 0.35679271875 0.5892857125 0.3796875 0.584002303125 0.3796875 0.50488640625 0.35562558125 0.508753503125 0.32061157812499996 0.512254903125 0.289098971875 0.512254903125 0.266923434375 0.49824929687499997
0 0.35562558125 0.2584033625 0.361461253125 0.22689075625 0.35095705 0.216386553125 0.324112978125 0.216386553125 0.298436040625 0.20238095312499998 0.268090571875 0.18487395 0.23774509687499998 0.179621846875 0.20856675937500002 0.17086835 0.185224090625 0.15861344375 0.1572128875 0.14460784375 0.137371615625 0.13760504375 0.08835200625 0.132352940625 0.059173671875 0.132352940625 0.0288282 0.134103640625 0.048669465625000005 0.22514005625000003 0.06967787187499999 0.19012605 0.096521940625 0.169117646875 0.14087301562500001 0.17612045 0.16888422187500002 0.22689075625 0.18055555625 0.27591036562500004 0.198062559375 0.25665266249999996 0.22373949375 0.22864145625 0.25641923437499997 0.216386553125 0.282096171875 0.2601540625 0.29376750625 0.27941176562500003 0.313608778125 0.286414565625 0.3392857125 0.27065826249999997 0.35562558125 0.2584033625
2 0.36875 0.4609375 0.0234375 0.109375
4 0.303125 0.459375 0.078125 0.128125
2 0.525 0.4 0.2921875 0.4359375
3 0.3734375 0.653125 0.0125 0.0671875
3 0.3546875 0.65 0.03125 0.0625
3 0.3203125 0.653125 0.034375 0.059375
0 0.49545255624999995 0.63782825625 0.522707209375 0.61875 0.450792190625 0.61875 0.461605684375 0.6430803593750001 0.46977561874999996 0.6885985625 0.48611549062500004 0.6850971625 0.49545255624999995 0.63782825625
0 0.610998775 0.699102765625 0.625004378125 0.6885985625 0.639009978125 0.6623380625 0.65885125 0.63607755625 0.676358253125 0.620321253125 0.676777253125 0.61875 0.5462607968750001 0.61875 0.5526421 0.6325761562500001 0.5759847687499999 0.658836659375 0.593491771875 0.6850971625 0.610998775 0.699102765625
0 0.761559 0.6693408625 0.77089606875 0.650083159375 0.783429328125 0.61875 0.7095590656249999 0.61875 0.7160407906249999 0.623822653125 0.73004639375 0.6430803593750001 0.740550596875 0.6675901625 0.761559 0.6693408625
1 0.60625 0.7421875 0.0578125 0.1609375
4 0.7546875 0.7125 0.0609375 0.1421875
4 0.93125 0.9375 0.0859375 0.125
5 0.9640625 0.6625 0.05 0.0890625
5 0.878125 0.6546875 0.0625 0.071875
5 0.83125 0.653125 0.0390625 0.0703125