0 0.3851540625 0.74848024375 0.33963585625000003 0.699088146875 0.32563025 0.6933890593750001 0.30929038124999997 0.716185409375 0.287114846875 0.74658055 0.270774978125 0.74848024375 0.256769375 0.6933890593750001 0.253267971875 0.6325987843750001 0.24042950625 0.6325987843750001 0.21825396874999997 0.68768996875 0.20191409999999999 0.719984803125 0.185574228125 0.752279634375 0.17390289375 0.767477203125 0.157563025 0.765577509375 0.150560221875 0.7275835875000001 0.155228759375 0.65919453125 0.155228759375 0.607902734375 0.1423902875 0.636398175 0.1283846875 0.6819908781249999 0.10971055 0.71808510625 0.11788048749999999 0.765577509375 0.134220353125 0.8168692999999999 0.149393090625 0.841565346875 0.20191409999999999 0.8472644375 0.22408963750000002 0.8244680843750001 0.24743230624999998 0.8358662593749999 0.296451915625 0.84536474375 0.332633053125 0.843465046875 0.369981325 0.830167175 0.3851540625 0.8035714281249999 0.3851540625 0.74848024375
0 0.525210084375 0.6174012156249999 0.51120448125 0.64019756875 0.499533146875 0.689589665625 0.47969187812499997 0.714285715625 0.468020540625 0.699088146875 0.44934640625 0.66299391875 0.43767507187500004 0.61550151875 0.42600373437499994 0.613601825 0.422502334375 0.657294834375 0.406162465625 0.6933890593750001 0.389822596875 0.744680853125 0.3851540625 0.780775078125 0.390989728125 0.8206686937500001 0.41549953124999994 0.79597264375 0.43534079999999997 0.8206686937500001 0.46685340625 0.83396656875 0.512371615625 0.8168692999999999 0.556722690625 0.7769756812499999 0.589402428125 0.7636778125 0.589402428125 0.7028875375 0.561391225 0.683890578125 0.53804855 0.6174012156249999 0.525210084375 0.6174012156249999
0 0.637254903125 0.6193009125 0.62441643125 0.6174012156249999 0.62441643125 0.6724924 0.6092437 0.7085866249999999 0.595238096875 0.714285715625 0.5940709625 0.7541793343750001 0.615079365625 0.75987841875 0.644257703125 0.756079028125 0.664098971875 0.769376896875 0.692110178125 0.797872340625 0.724789915625 0.7997720375 0.724789915625 0.7636778125 0.7037815125 0.7636778125 0.692110178125 0.74658055 0.669934640625 0.70098784375 0.654761903125 0.670592703125 0.637254903125 0.6193009125
0 0.725957046875 0.752279634375 0.73062558125 0.797872340625 0.749299721875 0.8035714281249999 0.777310925 0.7902735562500001 0.787815128125 0.7864741656249999 0.788982259375 0.767477203125 0.781979459375 0.7256838906249999 0.76447245625 0.6819908781249999 0.7516339875 0.636398175 0.737628384375 0.60980243125 0.727124184375 0.643996959375 0.73062558125 0.710486321875 0.725957046875 0.752279634375
0 0.268440709375 0.24316109375 0.268440709375 0.1918693 0.2929505125 0.197568390625 0.30812325 0.23746200625 0.318627453125 0.26025835937499997 0.332633053125 0.27165653437500004 0.345471521875 0.27355623125 0.36647992500000004 0.22986321875 0.3886554625 0.218465046875 0.42600373437499994 0.227963528125 0.46335200624999995 0.26025835937499997 0.48552754374999996 0.30585106562500003 0.499533146875 0.3077507625 0.524042953125 0.275455928125 0.5462184875 0.24316109375 0.571895425 0.220364740625 0.6139122312499999 0.21466565625 0.6337535 0.180471125 0.6197479 0.131079025 0.605742296875 0.08738601875 0.567226890625 0.06838905625 0.52754435 0.096884496875 0.503034546875 0.1386778125 0.492530346875 0.140577509375 0.472689075 0.125379940625 0.44817927187500006 0.08738601875 0.4248366 0.064589665625 0.37231559375 0.070288753125 0.351307190625 0.113981765625 0.346638653125 0.113981765625 0.3232959875 0.09498480312499999 0.2929505125 0.08168693125000001 0.249766571875 0.06838905625 0.246265175 0.096884496875 0.214752565625 0.049392096875 0.15873015625 0.037993921874999996 0.141223153125 0.058890575 0.138888890625 0.11968084999999999 0.143557421875 0.205167175 0.15172735625 0.24316109375 0.16573295937500002 0.227963528125 0.162231559375 0.1747720375 0.17040149375 0.136778115625 0.19257703125 0.167173253125 0.20191409999999999 0.203267475 0.2124183 0.24126140000000001 0.220588234375 0.26785714375 0.22992530625000002 0.27925531875 0.253267971875 0.275455928125 0.268440709375 0.24316109375
0 0.8508403375 0.25265957499999997 0.8695144718750001 0.20896656875000003 0.875350140625 0.16527355625 0.8683473375 0.11208206875 0.84500466875 0.07218845 0.795985059375 0.070288753125 0.7586367875 0.08168693125000001 0.7212885124999999 0.09308510625000001 0.675770309375 0.10448328124999999 0.644257703125 0.09498480312499999 0.6139122312499999 0.1025835875 0.6290849656249999 0.1747720375 0.63258636875 0.23936169999999998 0.6570961718749999 0.254559271875 0.6874416437499999 0.22606382812499998 0.724789915625 0.2108662625 0.739962653125 0.21466565625 0.7317927156249999 0.265957446875 0.765639590625 0.27165653437500004 0.7901493937499999 0.246960484375 0.81115779375 0.224164134375 0.8356676000000001 0.20136778125000002 0.8508403375 0.25265957499999997
2 0.696875 0.70625 0.075 0.171875
2 0.775 0.6734375 0.0625 0.196875
2 0.8359375 0.66875 0.0453125 0.1296875
2 0.421875 0.3015625 0.128125 0.2140625
2 0.8390625 0.33125 0.046875 0.1453125
2 0.140625 0.303125 0.0578125 0.1140625
2 0.775 0.303125 0.0953125 0.215625
2 0.0953125 0.609375 0.0546875 0.121875
5 0.528125 0.58125 0.0484375 0.15
4 0.628125 0.58125 0.046875 0.1328125
4 0.75625 0.5859375 0.0671875 0.1328125