0 0.46002859375 0.38018142187500004 0.441354459375 0.41627564687499996 0.429683121875 0.43147321562499996 0.409841853125 0.406777165625 0.39817051875 0.35738506875 0.384164915625 0.334588715625 0.371326446875 0.334588715625 0.34798377812500003 0.401078078125 0.319972571875 0.4200750375 0.319972571875 0.48086531250000003 0.352652309375 0.49416318124999997 0.397003384375 0.5340568 0.44252159375 0.5511540687500001 0.4740342 0.5378561937499999 0.4890625 0.519150753125 0.4890625 0.379319603125 0.486872665625 0.37448233124999997 0.48337126562500005 0.33078932499999997 0.47169992812499995 0.33268901875 0.46002859375 0.38018142187500004
0 0.31530403749999997 0.47136683437500004 0.314136903125 0.43147321562499996 0.300131303125 0.42577412499999995 0.284958565625 0.389679903125 0.284958565625 0.334588715625 0.272120096875 0.3364884125 0.254613096875 0.387780203125 0.239440359375 0.41817534375000004 0.217264821875 0.46376805 0.2055934875 0.48086531250000003 0.18458508125 0.48086531250000003 0.18458508125 0.5169595375 0.217264821875 0.515059840625 0.245276028125 0.48656439687499997 0.265117296875 0.47326652812500003 0.2942956375 0.47706591875 0.31530403749999997 0.47136683437500004
0 0.178749415625 0.515059840625 0.183417953125 0.469467134375 0.178749415625 0.427673821875 0.18225081875 0.361184459375 0.171746615625 0.32698993125000003 0.1577410125 0.35358567500000004 0.14490254375 0.39917838125 0.127395540625 0.44287139062499997 0.12039274062500001 0.484664703125 0.12155987500000001 0.5036616656249999 0.132064075 0.50746105625 0.160075278125 0.520758928125 0.178749415625 0.515059840625
2 0.2125 0.421875 0.075 0.171875
2 0.134375 0.390625 0.0625 0.196875
2 0.0734375 0.3859375 0.0453125 0.1296875
2 0.45625 0.0625 0.065625 0.125
2 0.0703125 0.059375 0.046875 0.11875
2 0.134375 0.0640625 0.0953125 0.128125
5 0.38125 0.296875 0.0484375 0.15
4 0.28125 0.3 0.046875 0.1328125
4 0.153125 0.303125 0.0671875 0.1328125
3 0.73125 0.30625 0.096875 0.1421875
3 0.9796875 0.30625 0.040625 0.1390625
3 0.971875 0.4140625 0.05625 0.134375
3 0.834375 0.415625 0.0734375 0.11875
3 0.703125 0.4265625 0.078125 0.128125
3 0.0484375 0.884375 0.096875 0.0515625