0 0.37254076875000003 0 0.384246540625 0.026115409375 0.385966525 0.069110221875 0.397146434375 0.0824534375 0.4220862375 0.072075378125 0.433266146875 0.055767003125000006 0.441006084375 0.018702509375000002 0.4434169 0 0.37254076875000003 0
5 0.9828125 0.2125 0.034375 0.05625
5 0.94375 0.215625 0.0421875 0.0984375
5 0.8828125 0.246875 0.046875 0.1421875
5 0.75625 0.24375 0.046875 0.153125
5 0.64375 0.25 0.0515625 0.1453125
5 0.575 0.240625 0.0109375 0.1390625
5 0.6 0.425 0.0640625 0.1734375
5 0.6515625 0.434375 0.0828125 0.1984375
5 0.721875 0.4171875 0.059375 0.196875
5 0.8359375 0.4109375 0.0828125 0.203125
5 0.9015625 0.3953125 0.0734375 0.1671875
5 0.953125 0.3640625 0.0625 0.146875
5 0.984375 0.340625 0.03125 0.1359375
2 0.25 0.625 0.0984375 0.0921875
5 0.73125 0.834375 0.0671875 0.0484375
5 0.728125 0.753125 0.05 0.05625
5 0.60625 0.8265625 0.0484375 0.059375
3 0.7546875 0.828125 0.0546875 0.075