0 0.3601992875 0.42024247187499997 0.38004055625 0.3782256625 0.39521329375 0.33270745625 0.42322449687499997 0.32570465625 0.45 0.33477377812500003 0.45 0.29111238125 0.431394434375 0.29244135 0.3975475625 0.288939953125 0.34502655 0.29069065 0.2983412125 0.299444153125 0.265661471875 0.285438553125 0.27383140625 0.30994835625 0.28200134375 0.32395395625 0.313513946875 0.386979165625 0.33335521875 0.41849177187500003 0.3601992875 0.42024247187499997
0 0.118602646875 0.29594275312499996 0.127939715625 0.31870185625 0.15711805625 0.3519651625 0.178126459375 0.390480565625 0.207304796875 0.39923406875 0.221310396875 0.3624693625 0.23881740312500002 0.34146095625 0.2574915375 0.32045255625 0.262160071875 0.25742734375 0.262160071875 0.2119091375 0.239984534375 0.23466824375 0.1991348625 0.25567664375 0.137276784375 0.260928746875 0.118602646875 0.29594275312499996
0 0 0.38335585 0.007724965625000001 0.32045255625 0.029900500000000003 0.32220325625 0.053243171874999995 0.3449623625 0.070750175 0.37997636562500003 0.097594246875 0.38872986875 0.10576418125 0.3659707625 0.10109564687499999 0.31870185625 0.127939715625 0.25392594687500003 0.098761378125 0.24167104374999998 0.06841590625 0.24167104374999998 0.024064834375 0.266180846875 0 0.28302623125 0 0.38335585
3 0.14375 0.4171875 0.0875 0.184375
1 0.275 0.3625 0.1296875 0.1359375
0 0.45 1 0.45 0.9306247750000001 0.44141135625 0.9268076000000001 0.407710375 0.9268076000000001 0.360733253125 0.9375306374999999 0.345414625 0.9651041656249999 0.33368493125 1 0.45 1
0 0.11359272812500001 0.946721815625 0.10950776250000001 0.98655024375 0.234099265625 0.9988051468749999 0.22082311875 0.9804227937500001 0.19631331875 0.955912990625 0.1718035125 0.93293505 0.14627246562500001 0.90689338125 0.12584763125 0.9176164218749999 0.11359272812500001 0.946721815625
5 0.371875 0.8765625 0.14375 0.1765625
5 0.05625 0.9046875 0.1125 0.153125
5 0.2625 0.9296875 0.1609375 0.140625
3 0.209375 0.83125 0.2046875 0.321875
3 0.0703125 0.8328125 0.140625 0.334375
5 0.7625 0.546875 0.078125 0.0734375
5 0.8015625 0.609375 0.0546875 0.075