0 0.3921568625 0.367647059375 0.42833800312500003 0.35539215625 0.45634920625 0.36239495625 0.47152194375 0.407913165625 0.49136321250000004 0.44992997187499995 0.5182072843750001 0.44817927187500006 0.53804855 0.41666666875 0.56956115625 0.35364145625 0.57773109375 0.33963585625000003 0.585901028125 0.315126053125 0.5532212875 0.32913165312500003 0.5065359468749999 0.32037815 0.45401494062500003 0.318627453125 0.420168065625 0.32212885 0.37114845937499996 0.318627453125 0.331465921875 0.318627453125 0.290616246875 0.31687675 0.252100840625 0.31162465 0.21591970312500003 0.299369746875 0.20774976562499997 0.292366946875 0.164565828125 0.290616246875 0.13538748750000001 0.3886554625 0.136554621875 0.455182075 0.15873015625 0.46043417187499996 0.171568628125 0.41666666875 0.18907563125 0.369397759375 0.22875816875 0.3921568625 0.253267971875 0.411414565625 0.27310924375 0.4026610625 0.28244631249999996 0.35189075625 0.317460315625 0.376400559375 0.354808590625 0.40966386562499996 0.3921568625 0.367647059375
0 0.589402428125 0.2415966375 0.589402428125 0.28711484375 0.5940709625 0.35014005625 0.612745096875 0.37114845625 0.6302521 0.3921568625 0.644257703125 0.42892156875 0.6734360406250001 0.420168065625 0.6944444437499999 0.38165266249999996 0.723622784375 0.34838935625 0.732959853125 0.325630253125 0.7142857125 0.290616246875 0.6524276375 0.28536414374999997 0.611577965625 0.26435574375000004 0.589402428125 0.2415966375
0 0.897525675 0.376400559375 0.885854340625 0.34488795625 0.862511671875 0.32037815 0.827497665625 0.29586834687499997 0.78314659375 0.27135854375 0.75280111875 0.27135854375 0.723622784375 0.283613446875 0.750466853125 0.34838935625 0.74579831875 0.39565826249999997 0.753968253125 0.418417365625 0.7808123250000001 0.40966386562499996 0.7983193281250001 0.3746498625 0.8216620000000001 0.35189075625 0.843837534375 0.35014005625 0.8520074687499999 0.41666666875 0.8485060687500001 0.45693277187500003 0.87418300625 0.43417366875 0.895191409375 0.413165265625 0.897525675 0.376400559375
0 0.3851540625 0.759803921875 0.368814190625 0.8088235312500001 0.351307190625 0.831582634375 0.33963585625000003 0.81407563125 0.316293184375 0.765056021875 0.297619046875 0.773809525 0.2789449125 0.805322128125 0.25793650625 0.831582634375 0.2415966375 0.840336134375 0.21125116875 0.8385854343749999 0.20308123125000002 0.910364146875 0.255602240625 0.90511204375 0.29878618125 0.8823529406249999 0.3443043875 0.884103640625 0.406162465625 0.8806022406249999 0.455182075 0.8525910375000001 0.461017740625 0.8000700249999999 0.43884220625000003 0.786064425 0.420168065625 0.75455181875 0.40849673124999997 0.726540615625 0.399159665625 0.726540615625 0.3851540625 0.759803921875
0 0.55905695625 0.75105041875 0.542717084375 0.777310925 0.526377215625 0.7913165281250001 0.5077030812500001 0.779061625 0.48202614375 0.765056021875 0.45985060625 0.7983193281250001 0.44934640625 0.8665966375 0.486694678125 0.8560924375000001 0.526377215625 0.8771008406249999 0.560224090625 0.8771008406249999 0.63258636875 0.885854340625 0.65009336875 0.884103640625 0.66176470625 0.82633053125 0.62791783125 0.807072828125 0.6104108312500001 0.75455181875 0.58823529375 0.7107843125 0.571895425 0.707282915625 0.55905695625 0.75105041875
0 0.671101775 0.724789915625 0.654761903125 0.773809525 0.6570961718749999 0.8035714281249999 0.662931840625 0.8508403375 0.666433240625 0.88760504375 0.686274509375 0.8771008406249999 0.708450046875 0.875350140625 0.7446311875 0.875350140625 0.76797385625 0.8718487406250001 0.7796451906249999 0.81407563125 0.756302521875 0.773809525 0.723622784375 0.772058821875 0.7107843125 0.766806725 0.69094304375 0.723039215625 0.671101775 0.724789915625
0 0.79715219375 0.83683473125 0.8368347343749999 0.845588234375 0.8543417375000001 0.840336134375 0.860177403125 0.786064425 0.840336134375 0.75455181875 0.820494865625 0.747549021875 0.799486459375 0.733543415625 0.7796451906249999 0.7142857125 0.763305321875 0.786064425 0.7808123250000001 0.8350840343750001 0.79715219375 0.83683473125
3 0.35 0.69375 0.08125 0.23125
3 0.25625 0.71875 0.0953125 0.2265625
3 0.728125 0.671875 0.09375 0.2125
3 0.7078125 0.465625 0.0875 0.221875
1 0.5765625 0.39375 0.1296875 0.1359375