0 0.071377021875 0 0.0846201 0.01489845625 0.102127103125 0.0359068625 0.11613270312499999 0.07267156875 0.145311040625 0.06391806562499999 0.16631944375000002 0.0254026625 0.188602478125 0 0.071377021875 0
0 0.31646287812499996 0 0.32388246875000004 0.060416665625 0.32038106875 0.10068277187500001 0.34605800625 0.07792366875 0.367066409375 0.056915265625 0.369400678125 0.0201505625 0.36193750625 0 0.31646287812499996 0
0 0 0.520850840625 0.032099090625 0.520850840625 0.10446136875 0.529604340625 0.12196837187500001 0.527853640625 0.13363970625 0.47008053125 0.09979283125 0.450822828125 0.08228583125 0.39830181875 0.06011029375 0.354534315625 0.043770425 0.351032915625 0.030931956249999996 0.39480041875 0.014592084375 0.42106092500000003 0 0.433568425 0 0.520850840625
0 0.128971171875 0.447321428125 0.13480684062499998 0.49459033750000003 0.138308240625 0.53135504375 0.158149509375 0.520850840625 0.180325046875 0.5191001375 0.2165061875 0.5191001375 0.23984885625 0.515598740625 0.25152019062500003 0.457825628125 0.228177521875 0.417559525 0.195497784375 0.41580882187499996 0.18265931562499998 0.410556725 0.16281804375 0.366789215625 0.142976775 0.368539915625 0.126636903125 0.417559525 0.128971171875 0.447321428125
0 0.3262167375 0.48408613437500003 0.332052403125 0.429814425 0.312211134375 0.39830181875 0.292369865625 0.391299021875 0.271361459375 0.37729341562499996 0.25152019062500003 0.3580357125 0.23518032187500001 0.429814425 0.252687325 0.478834034375 0.26902719375 0.480584734375 0.308709734375 0.489338234375 0.3262167375 0.48408613437500003
3 0.2 0.315625 0.09375 0.2125
3 0.178125 0.109375 0.0875 0.21875
1 0.05625 0.053125 0.1125 0.1046875
3 0.875 0.3125 0.046875 0.084375
3 0.81875 0.321875 0.0640625 0.0921875
3 0.840625 0.375 0.05 0.06875
4 0.125 0.5890625 0.1 0.040625
4 0.196875 0.628125 0.0984375 0.11875
4 0.421875 0.646875 0.075 0.1546875
4 0.3140625 0.64375 0.15 0.1484375
4 0.390625 0.78125 0.0375 0.109375
4 0.315625 0.771875 0.05625 0.1
4 0.175 0.7546875 0.0453125 0.115625
2 0.603125 0.865625 0.0453125 0.0671875
5 0.675 0.640625 0.0359375 0.075
5 0.65625 0.728125 0.034375 0.0828125
5 0.928125 0.73125 0.0359375 0.0734375
5 0.9109375 0.64375 0.0453125 0.0828125
5 0.91875 0.596875 0.0453125 0.0546875
5 0.95 0.896875 0.0359375 0.071875