0 0.546206815625 0.371721815625 0.54037115 0.3437106125 0.50885854375 0.2911896 0.49485294062499996 0.296441703125 0.4808473375 0.33495710624999997 0.45283613437500003 0.37872461562500004 0.43182773125 0.40673581875 0.42132353125 0.3699711125 0.396813725 0.313948703125 0.37930672187500003 0.33320640625000003 0.35596405 0.380475315625 0.333788515625 0.394480915625 0.319782915625 0.35596551249999997 0.30110877812500003 0.30869660312499997 0.28710317500000004 0.30344450312500004 0.249754903125 0.3647190125 0.236916434375 0.373472515625 0.2065709625 0.341959909375 0.198401028125 0.27368259687499996 0.182061159375 0.261427696875 0.1692226875 0.299943103125 0.15054855 0.3612176125 0.13304155 0.396231615625 0.10152894374999999 0.40323441875 0.09452614375 0.417240021875 0.17505835625 0.42249212187499996 0.205403828125 0.427744225 0.256757703125 0.40673581875 0.304610178125 0.418990721875 0.3267857125 0.43124562187500004 0.38981092500000003 0.429494925 0.4294934625 0.429494925 0.469176003125 0.418990721875 0.491351540625 0.408486521875 0.521697009375 0.39798231875 0.539204015625 0.40323441875 0.568382353125 0.418990721875 0.606897759375 0.40498511875 0.6232376281249999 0.40498511875 0.6296875 0.40498511875 0.6296875 0.34117142500000003 0.594059290625 0.268430496875 0.5823879562500001 0.2824361 0.5730508875 0.3437106125 0.546206815625 0.371721815625
1 0.15625 0.0859375 0.09375 0.171875
1 0.284375 0.09375 0.159375 0.1875
1 0.440625 0.084375 0.1515625 0.16875
1 0.5703125 0.078125 0.11875 0.15625
1 0.58125 0.284375 0.0734375 0.175
1 0.49375 0.29375 0.0796875 0.1921875
1 0.4 0.303125 0.075 0.1890625
1 0.29375 0.265625 0.0515625 0.1640625
5 0.5484375 0.2625 0.0875 0.1734375
5 0.353125 0.296875 0.0859375 0.209375
5 0.246875 0.309375 0.0828125 0.1859375
5 0.446875 0.29375 0.0796875 0.2328125
2 0.36875 0.775 0.3890625 0.45
2 0.678125 0.6921875 0.096875 0.178125