0 0 0.46994868125 0.012816584375 0.49013480625000005 0.0342626625 0.499325978125 0.040390112500000006 0.482475490625 0.036305146875 0.43805146875 0.030177696875 0.40741421562499996 0.03222018125 0.372181371875 0.047538809375000005 0.364522059375 0.075112334375 0.384436275 0.076133578125 0.419669115625 0.07409109375 0.444178921875 0.08328227187500001 0.482475490625 0.099622140625 0.49626225625 0.109834559375 0.5054534312500001 0.11494076875 0.46409313750000003 0.11800449375 0.42273284375 0.113919525 0.402818628125 0.14149305625 0.395159315625 0.16804534375 0.395159315625 0.190512665625 0.41507353125 0.19459763125 0.44111519374999997 0.21502246875000003 0.44724264687500004 0.2344260625 0.421200978125 0.269148284375 0.38596813750000003 0.298764296875 0.399754903125 0.31612540624999996 0.43039215625000005 0.326337828125 0.4671568625 0.3345077625 0.49626225625 0.3436989375 0.477879903125 0.35391135625 0.44111519374999997 0.369229984375 0.41200980625000005 0.391697303125 0.401286765625 0.42233455937500003 0.3982230375 0.442759396875 0.42579656874999994 0.46318423124999997 0.4671568625 0.47135416875 0.488602940625 0.481566584375 0.45949755000000003 0.489736521875 0.42732843125000003 0.5091401125 0.421200978125 0.528543709375 0.42273284375 0.544883578125 0.445710784375 0.552032271875 0.48707107812499995 0.5591809624999999 0.51464460625 0.5785845593750001 0.497794115625 0.576542075 0.4610294125 0.587775734375 0.41660539375 0.605136846875 0.362990196875 0.63066789375 0.353799021875 0.6390625 0.381501225 0.6390625 0.274727575 0.608200571875 0.29099264687500004 0.577563315625 0.309375 0.54794730625 0.324693628125 0.4907577625 0.324693628125 0.45501429687500006 0.3139705875 0.42233455937500003 0.30477941249999996 0.398845996875 0.29712009687499996 0.368208740625 0.29099264687500004 0.31816789375 0.29712009687499996 0.27527573437499997 0.309375 0.245659721875 0.295588234375 0.20685253124999997 0.295588234375 0.17723651875 0.28792892187499997 0.139450571875 0.289460784375 0.102685865625 0.286397059375 0.061836193750000004 0.283333334375 0.027113971874999997 0.27414215625 0 0.27414215625 0 0.46994868125
5 0.503125 0.6375 0.0703125 0.125
5 0.415625 0.640625 0.075 0.11875
5 0.05625 0.646875 0.065625 0.10625
5 0.628125 0.621875 0.021875 0.1046875
5 0.5609375 0.6421875 0.065625 0.115625
1 0.3375 0.621875 0.0765625 0.121875
1 0.253125 0.6375 0.0734375 0.1234375
1 0.165625 0.621875 0.0828125 0.15625
5 0.7 0.60625 0.021875 0.0234375
5 0.746875 0.609375 0.03125 0.0234375
1 0.403125 0.9484375 0.06875 0.0875
1 0.6515625 0.95625 0.025 0.0421875
2 0.715625 0.890625 0.0890625 0.0796875