0 0.20526960625 0.356924021875 0.23080065312500003 0.366115196875 0.248161765625 0.41973039375 0.259395425 0.4641544125 0.257352940625 0.500919115625 0.276756534375 0.51776960625 0.28390522812499996 0.490196078125 0.291053921875 0.44883578437500005 0.307393790625 0.42585784374999996 0.3267973875 0.424325978125 0.346200978125 0.43045343125 0.354370915625 0.46262255 0.364583334375 0.49172794062499997 0.37275326875000003 0.4702818625 0.393178103125 0.42892156875 0.41360294062499997 0.401348040625 0.44424019374999996 0.40441176562500003 0.466707515625 0.41513480625000004 0.48202614375 0.44424019374999996 0.49223856250000003 0.481004903125 0.5014297375 0.49938725625 0.509599675 0.4702818625 0.519812090625 0.43351715625000004 0.5371732031249999 0.402879903125 0.566789215625 0.3890931375 0.6015114374999999 0.424325978125 0.6209150343750001 0.450367646875 0.64133986875 0.44424019374999996 0.645424834375 0.41819853125 0.66789215625 0.398284315625 0.6944444437499999 0.398284315625 0.7220179718749999 0.405943628125 0.71793300625 0.42585784374999996 0.72099673125 0.4672181375 0.7261029406249999 0.50857843125 0.736315359375 0.49938725625 0.752655228125 0.485600490625 0.76184640625 0.447303921875 0.759803921875 0.422794115625 0.760825165625 0.38756127500000004 0.788398690625 0.367647059375 0.803717321875 0.375306371875 0.80575980625 0.41053921562499995 0.799632353125 0.44117646875 0.7955473875 0.485600490625 0.8016748375 0.502450978125 0.8231209156249999 0.49325980625000004 0.843545753125 0.46109068750000004 0.8506944437499999 0.42738970624999995 0.8598856218750001 0.366115196875 0.8598856218750001 0.327818628125 0.8700980406250001 0.3125 0.8680555562500001 0.287990196875 0.84150326875 0.27726715625 0.8088235312500001 0.27726715625 0.774101309375 0.286458334375 0.733251634375 0.289522059375 0.696486928125 0.292585784375 0.658700978125 0.291053921875 0.6290849656249999 0.29871323437499997 0.590277778125 0.29871323437499997 0.560661765625 0.3125 0.51776960625 0.300245096875 0.467728759375 0.294117646875 0.437091503125 0.300245096875 0.41360294062499997 0.3079044125 0.380923203125 0.3170955875 0.3451797375 0.327818628125 0.287990196875 0.327818628125 0.25837418125 0.3125 0.227736928125 0.294117646875 0.18995098125 0.27420343125 0.15012254687499998 0.286458334375 0.121527778125 0.3140318625 0.110294115625 0.34926470625 0.108251634375 0.3799019625 0.109272875 0.412071078125 0.11642156875000001 0.43964460625 0.1327614375 0.47487745 0.152165034375 0.50704656875 0.15931372500000002 0.481004903125 0.15931372500000002 0.453431371875 0.16339869375 0.42892156875 0.1705473875 0.43351715625000004 0.17258986875 0.46109068750000004 0.171568628125 0.485600490625 0.180759803125 0.500919115625 0.195057190625 0.48253676562500003 0.19301470625 0.43964460625 0.195057190625 0.390625 0.20526960625 0.356924021875
0 0.346200978125 0.8272058812499999 0.38500816875 0.8272058812499999 0.4248366 0.8272058812499999 0.470792484375 0.8272058812499999 0.5126634 0.8272058812499999 0.5688316999999999 0.82414215625 0.609681371875 0.82261029375 0.66482843125 0.839460784375 0.7107843125 0.8471201 0.7424428125 0.825674021875 0.7557189531249999 0.82261029375 0.7873774499999999 0.801164215625 0.798611109375 0.768995096875 0.8200571875 0.75061274375 0.87111928125 0.749080884375 0.896650328125 0.719975490625 0.8976715687500001 0.67861519375 0.867034315625 0.669424021875 0.839460784375 0.66636029375 0.8169934624999999 0.641850490625 0.79452614375 0.615808821875 0.80575980625 0.66789215625 0.8169934624999999 0.6954656875 0.796568628125 0.703125 0.7751225500000001 0.6969975500000001 0.749591503125 0.67861519375 0.7546977125 0.7077205875 0.746527778125 0.747549021875 0.739379084375 0.7705269593749999 0.7138480406250001 0.761335784375 0.687295753125 0.74142156875 0.676062090625 0.716911765625 0.653594771875 0.6969975500000001 0.6311274499999999 0.67861519375 0.617851309375 0.703125 0.61172385625 0.72916666875 0.5953839875 0.7536764687499999 0.577001634375 0.74448529375 0.5555555562500001 0.687806371875 0.5453431375 0.66176470625 0.541258171875 0.6311274499999999 0.5238970593750001 0.628063725 0.513684640625 0.6479779406249999 0.5065359468749999 0.66789215625 0.49223856250000003 0.6801470593750001 0.472834965625 0.6755514687499999 0.46160130937500005 0.67401960625 0.448325165625 0.6969975500000001 0.426879084375 0.718443628125 0.41053921562499995 0.72763480625 0.39930555624999997 0.7138480406250001 0.388071896875 0.67708333125 0.377859475 0.64950980625 0.36356209375000004 0.66329656875 0.353349671875 0.6969975500000001 0.348243465625 0.7306985312500001 0.3390522875 0.761335784375 0.32271241875 0.765931371875 0.306372546875 0.7536764687499999 0.297181371875 0.724571078125 0.295138890625 0.690870096875 0.2890114375 0.67401960625 0.273692809375 0.700061275 0.26245915000000003 0.716911765625 0.24305555625 0.73223039375 0.23080065312500003 0.72916666875 0.224673203125 0.7015931375 0.21650326875 0.684742646875 0.203227125 0.681678921875 0.187908496875 0.66789215625 0.173611109375 0.66176470625 0.164419934375 0.6755514687499999 0.152165034375 0.684742646875 0.145016340625 0.67708333125 0.15012254687499998 0.669424021875 0.145016340625 0.65410539375 0.138888890625 0.64950980625 0.1439951 0.6357230406250001 0.135825165625 0.609681371875 0.12254901874999999 0.612745096875 0.109272875 0.643382353125 0.10416666875 0.670955884375 0.10723039062499999 0.689338234375 0.12254901874999999 0.7092524499999999 0.13071895625000002 0.73223039375 0.15829248437500001 0.7536764687499999 0.180759803125 0.7705269593749999 0.19607843125 0.7873774499999999 0.22977941249999997 0.799632353125 0.273692809375 0.8272058812499999 0.314542484375 0.8272058812499999 0.346200978125 0.8272058812499999
5 0.33125 0.659375 0.0703125 0.1609375
5 0.4203125 0.6625 0.075 0.1578125
5 0.7796875 0.6625 0.065625 0.1328125
5 0.096875 0.571875 0.08125 0.1203125
5 0.1828125 0.6265625 0.071875 0.1046875
5 0.275 0.65 0.065625 0.121875
1 0.496875 0.625 0.0765625 0.121875
1 0.58125 0.6625 0.0734375 0.165625
1 0.6703125 0.65625 0.0828125 0.21875
5 0.084375 0.4375 0.06875 0.1578125