0 0.2828839875 0.7735906875 0.318627453125 0.7735906875 0.34007353125 0.762867646875 0.36662581875 0.74142156875 0.380923203125 0.7092524499999999 0.3952205875 0.700061275 0.4248366 0.687806371875 0.460580065625 0.687806371875 0.516748365625 0.687806371875 0.5545343125 0.6924019593749999 0.616830065625 0.6924019593749999 0.666870915625 0.6985294125 0.70363561875 0.73223039375 0.73835784375 0.74295343125 0.76184640625 0.73835784375 0.779207515625 0.7046568625 0.8047385625000001 0.689338234375 0.825163396875 0.65410539375 0.8547794124999999 0.6142769593749999 0.875204246875 0.57138480625 0.8639705875000001 0.5392156875 0.839460784375 0.5530024499999999 0.83129085 0.59589460625 0.8108660125 0.608149509375 0.78125 0.59589460625 0.762867646875 0.57138480625 0.7577614374999999 0.6265318625 0.7577614374999999 0.669424021875 0.739379084375 0.67861519375 0.7138480406250001 0.67401960625 0.70261438125 0.6479779406249999 0.687295753125 0.5974264687499999 0.676062090625 0.57138480625 0.656658496875 0.579044115625 0.636233659375 0.568321078125 0.617851309375 0.549938725 0.591299021875 0.565257353125 0.583129084375 0.6020220593750001 0.560661765625 0.603553921875 0.54636438125 0.58823529375 0.531045753125 0.57751225625 0.5238970593750001 0.608149509375 0.516748365625 0.6326593125 0.48815359375 0.64950980625 0.47385620937499995 0.638786765625 0.45955882187499997 0.612745096875 0.4330065375 0.60049019375 0.407475490625 0.6204044125 0.38705065312500003 0.6265318625 0.374795753125 0.6295955875 0.35232843125 0.6525735312500001 0.320669934375 0.686274509375 0.304330065625 0.6969975500000001 0.2798202625 0.703125 0.26348039375 0.687806371875 0.253267971875 0.65410539375 0.23182189687500002 0.67248774375 0.2124183 0.686274509375 0.1919934625 0.6801470593750001 0.17258986875 0.66023284375 0.174632353125 0.6188725500000001 0.1705473875 0.603553921875 0.15012254687499998 0.603553921875 0.13991013125 0.603553921875 0.12254901874999999 0.5974264687499999 0.09599673125 0.628063725 0.0827205875 0.67861519375 0.10620915 0.683210784375 0.117442809375 0.6985294125 0.138888890625 0.6954656875 0.15829248437500001 0.684742646875 0.165441175 0.686274509375 0.178717321875 0.724571078125 0.21037581875 0.73988970625 0.25224673124999997 0.735294115625 0.259395425 0.75674019375 0.2828839875 0.7735906875
0 0.23794934687499997 0.27726715625 0.24305555625 0.297181371875 0.255310459375 0.3109681375 0.26348039375 0.321691175 0.276756534375 0.320159315625 0.28186274375 0.304840684375 0.294117646875 0.27420343125 0.30535130625 0.27267156875 0.31658496875000003 0.294117646875 0.329861109375 0.3079044125 0.34109477187500004 0.327818628125 0.36151960625 0.329350490625 0.380923203125 0.3125 0.3952205875 0.287990196875 0.406454246875 0.278799021875 0.42585784374999996 0.280330884375 0.46568627500000004 0.3125 0.47385620937499995 0.346200978125 0.47998365937500004 0.375306371875 0.49530228750000005 0.398284315625 0.51879085 0.378370096875 0.53206699375 0.335477940625 0.54636438125 0.3109681375 0.5555555562500001 0.27267156875 0.577001634375 0.27420343125 0.5953839875 0.29871323437499997 0.609681371875 0.3170955875 0.619893790625 0.34926470625 0.628063725 0.367647059375 0.640318628125 0.367647059375 0.653594771875 0.337009803125 0.66789215625 0.321691175 0.68525326875 0.3017769625 0.700571896875 0.286458334375 0.715890525 0.304840684375 0.72916666875 0.333946078125 0.7434640531250001 0.338541665625 0.75878268125 0.3232230375 0.7669526125 0.3017769625 0.7771650343750001 0.287990196875 0.798611109375 0.27267156875 0.809844771875 0.280330884375 0.814950978125 0.3079044125 0.829248365625 0.297181371875 0.842524509375 0.27726715625 0.851715684375 0.257352940625 0.85682189375 0.26348039375 0.85682189375 0.200674021875 0.8282271218749999 0.202205884375 0.799632353125 0.211397059375 0.760825165625 0.202205884375 0.719975490625 0.18688725625 0.6638071875 0.18995098125 0.5984477125 0.183823528125 0.5565767968750001 0.19148284375 0.490196078125 0.20373774375 0.41258169999999994 0.200674021875 0.3686683 0.226715684375 0.295138890625 0.226715684375 0.23386438125 0.202205884375 0.164419934375 0.19761029375 0.1296977125 0.242034315625 0.11335784374999999 0.27420343125 0.110294115625 0.3079044125 0.121527778125 0.332414215625 0.1419526125 0.330882353125 0.151143790625 0.318627453125 0.152165034375 0.28186274375 0.161356209375 0.24509803749999998 0.17565359375 0.23284313750000002 0.19403595 0.231311275 0.208333334375 0.237438725 0.22977941249999997 0.26348039375 0.23794934687499997 0.27726715625
1 0.059375 0.3640625 0.0921875 0.1390625
1 0.11875 0.396875 0.06875 0.1171875
1 0.2 0.3671875 0.1140625 0.2609375
1 0.315625 0.38125 0.103125 0.1734375
1 0.30625 0.59375 0.1015625 0.1796875
1 0.3984375 0.584375 0.059375 0.128125
1 0.471875 0.59375 0.0796875 0.1140625
1 0.21875 0.6 0.0859375 0.1890625
1 0.146875 0.5875 0.0609375 0.121875
1 0.084375 0.540625 0.090625 0.1515625
5 0.496875 0.459375 0.0484375 0.159375
3 0.309375 0.384375 0.1046875 0.2140625
3 0.30625 0.5796875 0.0984375 0.2609375