0 0 0.360454965625 0.000970178125 0.367003675 0.026501225 0.40223652187500003 0.0407986125 0.371599265625 0.06020220625 0.340962009375 0.074499590625 0.31032475625 0.10105188125 0.29960171562500004 0.12556168125 0.32104779375 0.14905024375 0.351685046875 0.16641135625 0.371599265625 0.183772465625 0.3685355375 0.1939848875 0.339430146875 0.21747345 0.311856615625 0.248110703125 0.304197303125 0.2624080875 0.336366421875 0.270578025 0.37772671562500004 0.28589665000000003 0.389981615625 0.29917279375 0.38691789375 0.318576390625 0.345557596875 0.320618871875 0.32104779375 0.333895015625 0.28428308750000003 0.357383578125 0.282751225 0.388020834375 0.282751225 0.401296975 0.276623775 0.391084559375 0.25211396875 0.367595996875 0.22607230312499998 0.334916259375 0.215349265625 0.314491421875 0.20615808750000003 0.3093852125 0.169393384375 0.289981615625 0.16020220624999998 0.26138684687499997 0.16632965625 0.22972834999999997 0.173988971875 0.20726103125 0.210753675 0.18581495312500002 0.210753675 0.162326390625 0.2030943625 0.12658292499999999 0.184712009375 0.1061580875 0.195435046875 0.084712009375 0.2000306375 0.064287175 0.21381740312500003 0.048968546875000005 0.227604165625 0.034671159374999996 0.218412990625 0.01731005 0.21381740312500003 0.008118871875 0.1969669125 0 0.196413353125 0 0.360454965625
1 0.3625 0.315625 0.1109375 0.165625
1 0.09375 0.3234375 0.0734375 0.10625
4 0.18125 0.415625 0.0609375 0.1296875
4 0.290625 0.41875 0.075 0.1109375
5 0.096875 0.4078125 0.1 0.1625
5 0.2328125 0.384375 0.10625 0.2109375
1 0.4125 0.415625 0.0140625 0.1
3 0.771875 0.2609375 0.053125 0.1296875
3 0.915625 0.2796875 0.0390625 0.096875
5 0.7140625 0.2609375 0.0546875 0.09375
0 0 0.772627865625 0.02278390625 0.775643384375 0.037081290625 0.787898284375 0.052399918749999996 0.8078125 0.05546364375 0.862959559375 0.06873978750000001 0.899724265625 0.069761028125 0.9012561281249999 0.08303717499999999 0.8782781843749999 0.090185865625 0.85836396875 0.095292075 0.83844975625 0.101419525 0.818535540625 0.11163194375 0.8001531843749999 0.1249080875 0.790962009375 0.150439134375 0.786366421875 0.19128880625 0.786366421875 0.21477736875 0.8062806374999999 0.2188623375 0.841513478125 0.23315972187499998 0.8369178906249999 0.2423509 0.84457720625 0.250520834375 0.83844975625 0.279115603125 0.8170036749999999 0.3107741 0.815471815625 0.3281352125 0.83844975625 0.337326390625 0.80168505 0.339368871875 0.786366421875 0.345496325 0.75419730625 0.349581290625 0.7296875 0.33834763125 0.6913909312500001 0.28728553749999997 0.6592218125 0.2546058 0.666881128125 0.2188623375 0.674540440625 0.170863971875 0.68832720625 0.101419525 0.68832720625 0.039123775 0.68679534375 0 0.675665303125 0 0.772627865625