0 0.56384025625 0.4553057375 0.554503190625 0.467323165625 0.54983465625 0.5138906875 0.541275675 0.54543643125 0.527270075 0.569471278125 0.512486384375 0.57848435 0.51715491875 0.604021378125 0.544388034375 0.610030090625 0.553725103125 0.585995240625 0.559171725 0.55745385625 0.56461835 0.525908115625 0.58796101875 0.53341900625 0.605078975 0.54543643125 0.6323120906249999 0.5544495 0.64709578125 0.5589560312499999 0.6657699187499999 0.5589560312499999 0.67199463125 0.549942965625 0.674328896875 0.52741029375 0.6657699187499999 0.494362371875 0.65332049375 0.515392865625 0.6237531125 0.522903759375 0.605078975 0.503375440625 0.586404840625 0.471829696875 0.56384025625 0.4553057375
0 0.459576328125 0.49586455 0.458020153125 0.5198994 0.45023926249999996 0.5484407874999999 0.436233659375 0.567969103125 0.41989379062500004 0.570973459375 0.409778634375 0.5935061312500001 0.417559525 0.613034446875 0.43467748124999994 0.60702573125 0.45335161875 0.5935061312500001 0.470469575 0.576982171875 0.479806646875 0.581488703125 0.502371225 0.595008309375 0.5109302062500001 0.5935061312500001 0.510152115625 0.569471278125 0.496146515625 0.5544495 0.48914371250000005 0.536423359375 0.47436002187500004 0.5048776187499999 0.46891340000000004 0.47934059375000004 0.459576328125 0.49586455
0 0.352200046875 0.5484407874999999 0.342862978125 0.5724756375 0.3226326625 0.5739778156249999 0.32418884375 0.59951484375 0.3413068 0.60101701875 0.35609049375 0.5874974187500001 0.37554271875 0.567969103125 0.384879784375 0.569471278125 0.398107296875 0.5889996 0.409778634375 0.610030090625 0.40822245625000003 0.5965104875 0.41289099062499995 0.581488703125 0.3988853875 0.54092989375 0.383323609375 0.48685148125 0.37087418125 0.48534930625 0.364649471875 0.522903759375 0.352200046875 0.5484407874999999
0 0.268944521875 0.522903759375 0.25960745625000003 0.5394277187500001 0.23470860624999998 0.55745385625 0.22770580625 0.569471278125 0.2448237625 0.584493059375 0.266610253125 0.575479990625 0.282950121875 0.5649647437499999 0.29539955 0.5739778156249999 0.30784897187500004 0.59200395 0.3226326625 0.6085279124999999 0.314851775 0.570973459375 0.313295596875 0.54543643125 0.30551470625 0.5198994 0.2961776375 0.48685148125 0.28061585624999996 0.49135801875 0.268944521875 0.522903759375
0 0.16079014687499998 0.470327521875 0.13900365625 0.516895046875 0.117217165625 0.522903759375 0.128110409375 0.54693860625 0.153787346875 0.5394277187500001 0.166236775 0.521401578125 0.188023265625 0.48685148125 0.206697403125 0.5198994 0.211365934375 0.549942965625 0.219924915625 0.575479990625 0.22926198125 0.581488703125 0.230818159375 0.55294731875 0.21681255937500002 0.5108863343750001 0.20747549062499998 0.459812275 0.200472690625 0.42676435625 0.180242375 0.44779485 0.16079014687499998 0.470327521875
0 0.446984296875 0 0.44712690625 0.000145759375 0.4759162 0.033193678125 0.48758753437499996 0.0662416 0.506261671875 0.094782984375 0.51871109375 0.094782984375 0.54360994375 0.061735059375 0.554503190625 0.048215459375000005 0.57162115 0.046713284375000004 0.583292484375 0.048215459375000005 0.6043008875 0.08276555625000001 0.629977825 0.0857699125 0.65409858125 0.0662416 0.686000234375 0.046713284375000004 0.70389628125 0.039202387500000005 0.704573140625 0 0.6928306281250001 0 0.674328896875 0.009158828125 0.66032329375 0.028687143749999998 0.640871071875 0.049717640625 0.61986266875 0.055726346875 0.5988542625 0.0271849625 0.5794020375 0.015167540625 0.5630621687499999 0.007656646875000001 0.5350509625 0.016669715625 0.506261671875 0.037700212500000004 0.491477978125 0.0136653625 0.48739434687500005 0 0.446984296875 0
0 0.338047328125 0 0.35842475625 0.033193678125 0.361537115625 0.063237240625 0.38565787500000004 0.055726346875 0.39577303124999996 0.040704568749999996 0.41289099062499995 0.01066100625 0.41979364375 0 0.338047328125 0
2 0.5015625 0.1609375 0.06875 0.1375
2 0.246875 0.125 0.0734375 0.121875
2 0.065625 0.296875 0.0703125 0.0875
2 0.046875 0.046875 0.0390625 0.0921875
3 0.9 0.1328125 0.0859375 0.146875
2 0.3484375 0.9453125 0.546875 0.109375