0 0.37659508124999996 0.8337088749999999 0.381263615625 0.8081718468749999 0.36647992500000004 0.799158778125 0.352474321875 0.77512393125 0.34391534375 0.7435781875 0.3392468125 0.6970106656249999 0.329909740625 0.6849932375 0.307345159375 0.701517196875 0.288671025 0.733062940625 0.2699968875 0.752591259375 0.24042950625 0.745080365625 0.22798008125 0.7240498718749999 0.21942110312500002 0.7570977937500001 0.22175536875000001 0.779630465625 0.22798008125 0.78864353125 0.24665421875 0.78864353125 0.26143790624999996 0.7841370000000001 0.288671025 0.77512393125 0.30578898125 0.76310650625 0.32913165312500003 0.755595615625 0.334578278125 0.78714135625 0.3400249 0.815682740625 0.349361965625 0.8397175906250001 0.37659508124999996 0.8337088749999999
0 0.435729846875 0.7495869 0.434173671875 0.72555205 0.4248366 0.70902809375 0.419389978125 0.73456511875 0.40460628749999994 0.766110859375 0.397603484375 0.7841370000000001 0.383597884375 0.799158778125 0.38281979375 0.82319363125 0.391378775 0.8246958062499999 0.41394335312499997 0.8111762062500001 0.423280425 0.806669671875 0.44039838124999997 0.82319363125 0.45907251875000005 0.8367132343750001 0.476190475 0.842721946875 0.483971365625 0.82319363125 0.47385620937499995 0.8006609593749999 0.45751634062499996 0.797656603125 0.44351073750000003 0.7781282875 0.435729846875 0.7495869
0 0.52910053125 0.752591259375 0.522875815625 0.71503680625 0.510426390625 0.71653898125 0.49486461249999997 0.77061739375 0.48085900937500003 0.8111762062500001 0.48552754374999996 0.8261979875 0.483971365625 0.8397175906250001 0.4956427 0.8186871 0.508870215625 0.799158778125 0.5182072843750001 0.797656603125 0.53765950625 0.81718491875 0.5524432 0.83070451875 0.56956115625 0.8292023437499999 0.571117334375 0.8036653156250001 0.550887021875 0.8021631375 0.541549953125 0.7781282875 0.52910053125 0.752591259375
0 0.5975723625 0.71653898125 0.58823529375 0.7495869 0.580454403125 0.77512393125 0.578898225 0.8006609593749999 0.571117334375 0.8382154125 0.585901028125 0.82169145 0.598350453125 0.8036653156250001 0.610799878125 0.79465224375 0.627139746875 0.8051674906249999 0.6489262375 0.814180559375 0.66604419375 0.799158778125 0.65904139375 0.78714135625 0.63414254375 0.76911521875 0.6248054749999999 0.752591259375 0.6131341406249999 0.72104551875 0.5975723625 0.71653898125
0 0.713507625 0.67748235 0.693277309375 0.65645185625 0.686274509375 0.689499775 0.6769374406249999 0.740573834375 0.662931840625 0.78263481875 0.66448801875 0.8111762062500001 0.673825084375 0.8051674906249999 0.682384065625 0.779630465625 0.687052596875 0.7495869 0.7057267375 0.71653898125 0.7275132281250001 0.7510890781249999 0.739962653125 0.76911521875 0.765639590625 0.77662610625 0.776532834375 0.752591259375 0.75474634375 0.746582546875 0.732959853125 0.700015021875 0.713507625 0.67748235
0 0.406162465625 0.295929096875 0.41783380000000003 0.262881178125 0.44662309375 0.22983325937500002 0.45985060625 0.21631365625 0.445845003125 0.186270090625 0.41394335312499997 0.20429622812499998 0.402272021875 0.24335286250000002 0.387488328125 0.26738771250000004 0.3586990375 0.24635721875 0.33068782812499997 0.237344146875 0.314347959375 0.244855040625 0.2948957375 0.256872465625 0.27388733125 0.285413846875 0.252878928125 0.2794051375 0.233426703125 0.25837464374999997 0.21942110312500002 0.238846328125 0.18907563125 0.22382454375 0.18985371874999998 0.2688898875 0.20774976562499997 0.276400784375 0.23965141562499997 0.295929096875 0.263772175 0.3154574125 0.2894491125 0.31245305624999997 0.310457515625 0.277902959375 0.32212885 0.276400784375 0.3392468125 0.277902959375 0.35014005625 0.291422559375 0.37503890625 0.32447048437500003 0.387488328125 0.32447048437500003 0.406162465625 0.295929096875
0 0.571117334375 0.186270090625 0.544662309375 0.20730058750000002 0.5213196375 0.2208201875 0.50342359375 0.21631365625 0.477746653125 0.190776625 0.45673825 0.190776625 0.458294428125 0.2133093 0.46918767499999997 0.22232236562500002 0.48085900937500003 0.24034850625 0.49797696875 0.27039206875 0.508092128125 0.285413846875 0.532212884375 0.292924740625 0.53532524375 0.262881178125 0.560224090625 0.22232236562500002 0.5820105812499999 0.21180711875 0.598350453125 0.201291871875 0.598350453125 0.178759203125 0.571117334375 0.186270090625
2 0.3921875 0.390625 0.06875 0.1375
2 0.646875 0.353125 0.0734375 0.121875
2 0.828125 0.525 0.0703125 0.0875
2 0.846875 0.26875 0.0390625 0.1078125