0 0.719679328125 0.395159315625 0.7074244281250001 0.33694853125 0.700275734375 0.306311275 0.670659721875 0.29712009687499996 0.648192403125 0.309375 0.630831290625 0.343075978125 0.61653390625 0.34613970625 0.6001940375 0.362990196875 0.58691789375 0.327757353125 0.56955678125 0.301715684375 0.540962009375 0.286397059375 0.490921159375 0.286397059375 0.448029003125 0.286397059375 0.43883782499999996 0.321629903125 0.417391746875 0.34460784375000003 0.40717932812499996 0.362990196875 0.38062704062499997 0.35839460624999997 0.365308415625 0.34460784375000003 0.34181985312499996 0.330821078125 0.298927696875 0.330821078125 0.271354165625 0.35839460624999997 0.25603553749999997 0.379840684375 0.23050449374999998 0.37524509687499996 0.205994690625 0.35839460624999997 0.175357434375 0.34001225625 0.138592728125 0.355330884375 0.11101920000000001 0.367585784375 0.085488153125 0.3982230375 0.0844669125 0.43039215625000005 0.082424428125 0.448774509375 0.085488153125 0.48553921562499996 0.09467933125 0.51464460625 0.107955475 0.5177083312499999 0.119189134375 0.510049021875 0.116125409375 0.480943628125 0.116125409375 0.445710784375 0.12429534375 0.41354166875000004 0.155953840625 0.396691175 0.18659109375 0.399754903125 0.20803717187499998 0.41660539375 0.23050449374999998 0.44264705937500004 0.259099265625 0.47481617812500004 0.270332925 0.47328431249999997 0.28360906875 0.421200978125 0.29280024375 0.393627453125 0.317310046875 0.373713234375 0.34284109687500003 0.373713234375 0.36326593125 0.396691175 0.384712009375 0.42579656874999994 0.394924428125 0.45796568750000005 0.41024305625 0.445710784375 0.42454044062499996 0.42579656874999994 0.44292279375000004 0.3890318625 0.445986521875 0.36605392187499997 0.4653901125 0.35073529375 0.48785743437500007 0.34460784375000003 0.505218546875 0.34460784375000003 0.53177083125 0.355330884375 0.547089459375 0.373713234375 0.563429328125 0.401286765625 0.57874795625 0.42579656874999994 0.588960375 0.4610294125 0.6032577625 0.44724264687500004 0.624703840625 0.40894607812499995 0.64614991875 0.372181371875 0.654319853125 0.35992646875 0.667595996875 0.34767156875 0.6767871750000001 0.34767156875 0.6890420749999999 0.355330884375 0.69312704375 0.3875 0.698233253125 0.405882353125 0.7064031875000001 0.44724264687500004 0.719679328125 0.395159315625
0 0.5532169125 0.719914215625 0.57262050625 0.722977940625 0.5818116843750001 0.716850490625 0.5971303125 0.70612745 0.6001940375 0.6785539218750001 0.587939134375 0.64791666875 0.57262050625 0.637193628125 0.55832311875 0.638725490625 0.548110703125 0.65863970625 0.54606821875 0.677022059375 0.53177083125 0.64944853125 0.51032475625 0.632598040625 0.49296364375 0.643321078125 0.4939848875 0.683149509375 0.4796875 0.7015318625 0.467432596875 0.709191178125 0.43679534374999995 0.7076593124999999 0.425561684375 0.6908088218749999 0.404115603125 0.6601715687499999 0.382669528125 0.655575978125 0.36122345 0.6617034312500001 0.352032271875 0.6984681375 0.347947303125 0.722977940625 0.33651620625 0.7296875 0.5108643125000001 0.7296875 0.51645220625 0.715318628125 0.526664625 0.7015318625 0.5358558 0.7045955875 0.5532169125 0.719914215625
4 0.184375 0.4875 0.13125 0.2109375
4 0.33125 0.4828125 0.1421875 0.21875
4 0.49375 0.484375 0.1765625 0.221875
4 0.6390625 0.484375 0.1421875 0.221875
4 0.709375 0.484375 0.0390625 0.1734375
4 0.0640625 0.515625 0.11875 0.1546875
4 0.30625 0.640625 0.1140625 0.1609375
4 0.428125 0.634375 0.1265625 0.165625
5 0.91875 0.540625 0.0640625 0.0859375
5 0.9359375 0.4640625 0.10625 0.096875
5 0.896875 0.3921875 0.10625 0.109375
4 0.95 0.221875 0.0921875 0.059375
5 0.9375 0.63125 0.075 0.1
0 0.201194853125 0.7514705875 0.185876225 0.7591299031250001 0.184854984375 0.78823529375 0.2124285125 0.8158088250000001 0.257363153125 0.8295955875000001 0.29412785937499997 0.825 0.327828840625 0.825 0.363572303125 0.814276959375 0.37582720625 0.8158088250000001 0.40850694374999996 0.834191175 0.43505923125 0.835723040625 0.448335375 0.8096813718750001 0.45650531250000004 0.805085784375 0.47284518125 0.81887255 0.497354984375 0.8204044125 0.526970996875 0.808149509375 0.5341196874999999 0.811213234375 0.55556576875 0.83112745 0.579054328125 0.8372548999999999 0.603564134375 0.83112745 0.617861521875 0.814276959375 0.6280739375 0.80049019375 0.63828635625 0.811213234375 0.630116421875 0.828063725 0.646456290625 0.838786765625 0.66790236875 0.847977940625 0.68219975625 0.847977940625 0.70058210625 0.8403186281249999 0.715900734375 0.8295955875000001 0.7281556375 0.808149509375 0.727134396875 0.77751225625 0.72100694375 0.7591299031250001 0.70875204375 0.768321078125 0.6903696874999999 0.78976715625 0.66483864375 0.77751225625 0.655647465625 0.75300245 0.63215890625 0.733088234375 0.6158190375 0.733088234375 0.605606615625 0.757598040625 0.5800755718749999 0.78823529375 0.570884396875 0.78976715625 0.55862949375 0.77291666875 0.55862949375 0.74074755 0.5475694437499999 0.7296875 0.5227675656249999 0.7296875 0.51777981875 0.733088234375 0.5096098875 0.7545343124999999 0.499397465625 0.77444853125 0.48407884062499995 0.77598039375 0.47590890625000004 0.743811275 0.46178513125 0.7296875 0.437326390625 0.7296875 0.41667688125 0.760661765625 0.404421975 0.77444853125 0.39625204062499997 0.7392156875 0.39220978125 0.7296875 0.34757699375 0.7296875 0.341104984375 0.757598040625 0.3247651125 0.77598039375 0.30331903437499996 0.7545343124999999 0.29539686249999997 0.7296875 0.26703204375 0.7296875 0.2594056375 0.7484068625 0.244087009375 0.7591299031250001 0.228768384375 0.762193628125 0.201194853125 0.7514705875
4 0.2234375 0.746875 0.05625 0.0359375
1 0.778125 0.8203125 0.03125 0.08125
3 0.7375 0.8 0.015625 0.0890625
3 0.759375 0.8 0.05 0.1046875
3 0.7921875 0.746875 0.0375 0.034375