0 1 0.7245517875 0.99000384375 0.696399465625 0.9775086500000001 0.66528374375 0.9832756625 0.62527781875 0.9986543625 0.598607203125 0.9996155343750001 0.5408208625 0.9957708593750001 0.511186840625 0.986159171875 0.480071121875 0.981353325 0.46080900625 0.9775086500000001 0.401540971875 0.965974625 0.379315453125 0.9400230687500001 0.379315453125 0.9179161875 0.40598607500000006 0.912149175 0.44747370000000003 0.92079969375 0.47858942187500003 0.935217225 0.518595346875 0.924644365625 0.5408208625 0.89773164375 0.542302565625 0.879469434375 0.5408208625 0.877547096875 0.5037783375 0.863129565625 0.51563194375 0.8429450218750001 0.534894059375 0.8323721656249999 0.530448953125 0.8429450218750001 0.49340643125000005 0.876585928125 0.47710772187500006 0.8900422906250001 0.43562009062499996 0.8833141093749999 0.3941324625 0.8756247593750001 0.357089940625 0.8650519031250001 0.32893761875 0.85063436875 0.2948585 0.846789696875 0.265224478125 0.833333334375 0.27263298125 0.820838140625 0.314120609375 0.8198769718750001 0.349681434375 0.79488658125 0.365980146875 0.783352559375 0.40005926875000003 0.77950788125 0.44006519375 0.76989619375 0.49192473124999997 0.7516339875 0.51266854375 0.73721645625 0.496369834375 0.7439446375000001 0.4504371 0.73913879375 0.39561416562499996 0.718954246875 0.37635205312500003 0.699730871875 0.34227293125 0.6824298343749999 0.333382725 0.668973471875 0.343754628125 0.6545559375 0.379315453125 0.6410995749999999 0.41635798125 0.627643215625 0.432656690625 0.6209150343750001 0.46969921562500005 0.6084198375 0.5082234406249999 0.60361399375 0.55267446875 0.59592464375 0.56749148125 0.5824682812499999 0.5630463781249999 0.57285659375 0.561564675 0.55747789375 0.53637575625 0.5478662062499999 0.511186840625 0.5469050375 0.47562601562499995 0.549788540625 0.44006519375 0.56132256875 0.3911690625 0.5526720468749999 0.357089940625 0.55171088125 0.333382725 0.541138025 0.336346125 0.519992309375 0.36301674375 0.515186465625 0.386723959375 0.501730103125 0.451918803125 0.484429065625 0.49340643125000005 0.468089196875 0.546747665625 0.452710496875 0.597125503125 0.423875434375 0.6163876125 0.38350634375000003 0.64453993125 0.344098425 0.637131425 0.321030371875 0.6149059125 0.307574009375 0.597125503125 0.296039984375 0.560082975 0.294117646875 0.517113646875 0.297001153125 0.47710772187500006 0.286428296875 0.47858942187500003 0.272971934375 0.52007705 0.263360246875 0.539339159375 0.272971934375 0.5793450875 0.282583621875 0.611942509375 0.284505959375 0.631204621875 0.28546712812499997 0.68010075625 0.329680890625 0.71417988125 0.380622834375 0.71417988125 0.423875434375 0.70232626875 0.468089196875 0.684545859375 0.49692425937499995 0.6519484375 0.543060359375 0.6030523062500001 0.5584390625 0.62231441875 0.590157634375 0.62527781875 0.60553633125 0.6163876125 0.630526721875 0.597125503125 0.6670511343750001 0.585271890625 0.687235678125 0.57045488125 0.70645905625 0.526003853125 0.726643596875 0.54971106875 0.76028450625 0.5778633875 0.792003075 0.59119869375 0.823721646875 0.598607203125 0.870818915625 0.60749740625 0.9111880031249999 0.6193510156250001 0.941945403125 0.6193510156250001 0.94579008125 0.671210546875 0.9669357937499999 0.75418580625 0.9948096874999999 0.789746628125 1 0.7645577125 1 0.7245517875
2 0.190625 0.35 0.18125 0.2703125
2 0.453125 0.221875 0.1765625 0.25625
2 0.634375 0.196875 0.146875 0.146875
0 0.371875 0.50625 0.2078125 0.196875
0 0.59375 0.4546875 0.0984375 0.1625
0 0.765625 0.4375 0.0734375 0.1109375
0 0.896875 0.4953125 0.103125 0.1
0 0.3359375 0.0578125 0.2109375 0.0734375
5 0.7671875 0.178125 0.1375 0.23125
5 0.0546875 0.46875 0.109375 0.2640625