0 0.13891245937500002 0 0.12746419375 0.03737266875 0.112085496875 0.087750503125 0.08325043125 0.1070126125 0.04288134375 0.13516493125 0.0034734218749999995 0.127756425 0 0.124409865625 0 0.20480487812499998 0.039997834375 0.20480487812499998 0.08325043125 0.19295126875 0.12746419375 0.17517085937500002 0.156299259375 0.1425734375 0.20243535937499998 0.093677303125 0.21781406250000002 0.11293941874999999 0.24953263125 0.11590281875 0.26491133125 0.1070126125 0.289901721875 0.087750503125 0.326426134375 0.075896890625 0.346610678125 0.06107988125 0.365834053125 0.01662885 0.3860186 0.040336068749999995 0.41965950625000004 0.0684883875 0.45137807499999993 0.08182369375000001 0.48309664375 0.08923220312499999 0.530193915625 0.098122409375 0.559375 0.106690871875 0.559375 0.032802678125 0.557106640625 0.0329275625 0.538844434375 0.031445859375 0.537212540625 0 0.530114884375 0 0.522504565625 0.0062569437500000005 0.5023200218749999 0.025519059375000003 0.491747165625 0.021073953125 0.497762196875 0 0.413908521875 0 0.4110089875 0.00329354375 0.40809558125 0 0.267670334375 0 0.262988996875 0.04329946875 0.25529964375 0.05811648125 0.24184328125 0.053671378125 0.23223159375 0.052189675000000005 0.21685289375 0.02700075625 0.20724120625000003 0.001811840625 0.20719223437499998 0 0.13891245937500002 0
0 0.0671875 0.046875 0.134375 0.09375
5 0.921875 0.04375 0.078125 0.0859375
3 0.33125 0.525 0.059375 0.1109375
3 0.5515625 0.503125 0.015625 0.084375
3 0.371875 0.5671875 0.05 0.103125
3 0.540625 0.571875 0.0359375 0.1046875
0 0.621943484375 0.710418934375 0.636361015625 0.714776234375 0.660390234375 0.7060616375000001 0.679613609375 0.71913353125 0.701720490625 0.713323803125 0.696914646875 0.691537309375 0.670001921875 0.6900848749999999 0.660390234375 0.675560546875 0.648856209375 0.6784654156250001 0.634438678125 0.69298974375 0.621943484375 0.681370278125 0.6123317968750001 0.66103621875 0.6027201062499999 0.66103621875 0.59310841875 0.668298384375 0.5786908875 0.6784654156250001 0.5594675125 0.6639410875 0.559375 0.663641521875 0.559375 0.69104244375 0.5633121875 0.694442175 0.5863802375 0.7060616375000001 0.6017589375 0.70025190625 0.621943484375 0.710418934375
3 0.621875 0.6125 0.0640625 0.1296875
3 0.75 0.603125 0.0765625 0.1296875
3 0.68125 0.63125 0.071875 0.1046875
3 0.584375 0.609375 0.0515625 0.1234375
5 0.6484375 0.646875 0.0390625 0.0875
5 0.5984375 0.6359375 0.0375 0.0921875
5 0.7109375 0.64375 0.0546875 0.103125