0 0 0.46291139687499994 0.012684425 0.45994869375 0.04440299375 0.44661338749999996 0.0780439 0.41846106875 0.098228446875 0.39475384999999996 0.117451821875 0.43920488124999996 0.13763636562499998 0.454021890625 0.174160778125 0.46587550312500003 0.19915116875 0.4851376125 0.21452986875 0.49402781874999996 0.24624843749999997 0.49106441875 0.26162714062500003 0.47180230625 0.307763240625 0.5206984375 0.336598303125 0.553295859375 0.380812065625 0.57107626875 0.424064665625 0.58292988125 0.45 0.58292988125 0.45 0.507872121875 0.42118115625 0.51328993125 0.380812065625 0.4851376125 0.351977003125 0.46587550312500003 0.336598303125 0.41549766562499996 0.320258434375 0.36215643124999997 0.30295739374999997 0.320668803125 0.289501034375 0.255473959375 0.28469519062500004 0.23176674375 0.263549475 0.205096125 0.25297661875 0.202132725 0.25201545 0.225839940625 0.24336493125 0.25991906249999996 0.254898959375 0.30881519375 0.2577824625 0.34437601875 0.25682129374999996 0.379936840625 0.24720960625 0.40512575625 0.23183090625 0.430314675 0.22221921875 0.43179637812499994 0.20876285625 0.43624148125 0.201073503125 0.42142446875 0.1962676625 0.376973440625 0.183772465625 0.3384492125 0.177044284375 0.30140669062500003 0.163587921875 0.28510798125000003 0.150131559375 0.248065453125 0.135714028125 0.21250462812499998 0.122257665625 0.202132725 0.10495662812499999 0.21102293125 0.08573325312499999 0.24510205312500002 0.06554870625 0.264364165625 0.06074286250000001 0.3191871 0.06747104375 0.365119834375 0.0530535125 0.38141854375 0.03479130625 0.36067473125 0.025179615625000002 0.30881519375 0.021334943749999998 0.26880926562499996 0.00980091875 0.234730146875 0 0.22833799375 0 0.46291139687499994
2 0.35 0.109375 0.1765625 0.2171875
2 0.1703125 0.06875 0.146875 0.1375
0 0.3890625 0.375 0.121875 0.196875
0 0.209375 0.3234375 0.0984375 0.1625
0 0.0375 0.30625 0.0734375 0.1109375
5 0.053125 0.08125 0.10625 0.1625
1 0.675 0.63125 0.0375 0.0515625
5 0.746875 0.553125 0.040625 0.040625
1 0.6921875 0.53125 0.03125 0.04375
2 0.103125 0.8796875 0.20625 0.240625