0 1 0.237438725 0.9926470593750001 0.208333334375 0.9589460781250001 0.176164215625 0.915032678125 0.15471813750000002 0.873161765625 0.131740196875 0.8139297375 0.12101715625000001 0.7516339875 0.13020833125 0.6934232031249999 0.140931371875 0.658700978125 0.147058825 0.630106209375 0.140931371875 0.60049019375 0.12254901874999999 0.59436274375 0.085784315625 0.55861928125 0.096507353125 0.531045753125 0.105698528125 0.513684640625 0.102634803125 0.484068628125 0.096507353125 0.41258169999999994 0.1424632375 0.373774509375 0.1685049 0.3329248375 0.19607843125 0.2920751625 0.208333334375 0.25837418125 0.22212009687499998 0.214460784375 0.234375 0.167483659375 0.248161765625 0.1235702625 0.249693628125 0.09599673125 0.252757353125 0.0296160125 0.254289215625 0.00612745 0.292585784375 0.01327614375 0.327818628125 0.041870915625 0.320159315625 0.075571896875 0.304840684375 0.10212418125 0.297181371875 0.131740196875 0.297181371875 0.15931372500000002 0.297181371875 0.187908496875 0.297181371875 0.220588234375 0.291053921875 0.254289215625 0.280330884375 0.2859477125 0.26501225625 0.29922385625 0.26348039375 0.351307190625 0.258884803125 0.38705065312500003 0.24509803749999998 0.437091503125 0.23284313750000002 0.48202614375 0.21599264687500003 0.5249183000000001 0.20526960625 0.5688316999999999 0.21599264687500003 0.6015114374999999 0.225183825 0.6209150343750001 0.26194853125 0.637254903125 0.278799021875 0.6392973875 0.3079044125 0.63827614375 0.346200978125 0.645424834375 0.366115196875 0.6627859468749999 0.370710784375 0.696486928125 0.36151960625 0.7015931375 0.3079044125 0.723039215625 0.28492646875 0.7434640531250001 0.26194853125 0.773080065625 0.249693628125 0.8210784312499999 0.249693628125 0.8690767968750001 0.27267156875 0.888480390625 0.324754903125 0.9078839875 0.370710784375 0.930351309375 0.42585784374999996 0.9650735312500001 0.401348040625 0.9793709156249999 0.370710784375 0.998774509375 0.332414215625 1 0.27573529375 1 0.237438725
1 0.115625 0.5 0.1859375 0.3203125
1 0.2984375 0.475 0.1890625 0.35625
1 0.528125 0.4625 0.240625 0.4734375
1 0.790625 0.475 0.259375 0.4484375
1 0.9578125 0.525 0.084375 0.3828125
1 0.3109375 0.8703125 0.153125 0.259375
1 0.4875 0.871875 0.1703125 0.2546875
1 0.690625 0.9125 0.228125 0.1609375
5 0.225 0.8171875 0.1296875 0.196875
5 0.375 0.859375 0.1375 0.2796875
5 0.5671875 0.8875 0.1453125 0.221875
5 0.7625 0.9125 0.1375 0.1734375
3 0.6640625 0.8625 0.18125 0.265625
3 0.303125 0.496875 0.2390625 0.3828125
3 0.534375 0.4875 0.26875 0.49375