0 0.3390625 0.49420955937500005 0.3390625 0.45836056562499994 0.3280739375 0.457444853125 0.3188827625 0.425275734375 0.309691584375 0.38851103125 0.293351715625 0.38851103125 0.283139296875 0.42221200937500003 0.266799428125 0.46510416875000005 0.260671975 0.485018384375 0.28211805624999997 0.485018384375 0.315819034375 0.49420955937500005 0.3390625 0.49420955937500005
2 0.246875 0.15 0.0640625 0.0953125
1 0.16875 0.43125 0.0453125 0.140625
1 0.2390625 0.4515625 0.078125 0.115625
1 0.2125 0.09375 0.09375 0.1234375
1 0.3265625 0.4421875 0.025 0.134375
5 0.3 0.3625 0.03125 0.121875
5 0.20625 0.3625 0.046875 0.090625
3 0.315625 0.35 0.0484375 0.2171875
3 0.3796875 0.146875 0.0671875 0.1015625
3 0.3765625 0.0625 0.075 0.090625
3 0.4359375 0.059375 0.0359375 0.0796875
3 0.4296875 0.15625 0.05 0.0703125
3 0.321875 0.853125 0.034375 0.10625
3 0.2765625 0.840625 0.0484375 0.1015625
3 0.221875 0.81875 0.04375 0.1078125
3 0.3328125 0.8046875 0.003125 0.0015625
3 0.4046875 0.55 0.046875 0.08125
3 0.4625 0.559375 0.0640625 0.0921875
3 0.4390625 0.6125 0.05 0.06875