0 0.5013174031250001 0.163909315625 0.473743871875 0.15625 0.4655739375 0.15931372500000002 0.4533190375 0.174632353125 0.44514909999999996 0.1685049 0.427787990625 0.145526959375 0.426766746875 0.15931372500000002 0.43289419999999995 0.185355390625 0.42574550625 0.211397059375 0.42268178125 0.214460784375 0.4063419125 0.19914215625 0.392044528125 0.177696078125 0.37264093125 0.176164215625 0.36753472187499997 0.188419115625 0.373662171875 0.209865196875 0.3767259 0.243566175 0.3767259 0.26960784375 0.3624285125 0.28339460625 0.34302491874999996 0.28186274375 0.326685046875 0.268075978125 0.3062602125 0.23590686249999998 0.28277165000000004 0.226715684375 0.267453025 0.22977941249999997 0.24907066875 0.249693628125 0.25519811875 0.27267156875 0.271537990625 0.294117646875 0.27970792499999997 0.3232230375 0.31953635625 0.3860294125 0.351194853125 0.384497546875 0.366513478125 0.369178921875 0.380810865625 0.344669115625 0.40532067187500004 0.3232230375 0.423703025 0.3109681375 0.438000409375 0.289522059375 0.460467728125 0.289522059375 0.46455269374999997 0.28186274375 0.483956290625 0.254289215625 0.490083740625 0.254289215625 0.5125510625 0.249693628125 0.529912175 0.243566175 0.535018384375 0.225183825 0.5288909312500001 0.188419115625 0.51663603125 0.166973040625 0.5013174031250001 0.163909315625
0 0 0.289522059375 0.026439953125 0.289522059375 0.0438010625 0.28492646875 0.059119690625 0.304840684375 0.08158700937499999 0.30943627500000004 0.106096815625 0.30943627500000004 0.13979779375 0.30943627500000004 0.16737132500000002 0.30943627500000004 0.20311478749999998 0.306372546875 0.22762459375000002 0.297181371875 0.238858253125 0.294117646875 0.264389296875 0.29871323437499997 0.25009191249999996 0.26960784375 0.23068831875 0.251225490625 0.217412171875 0.249693628125 0.20515727187500002 0.23284313750000002 0.18983864374999998 0.242034315625 0.172477534375 0.26501225625 0.152052696875 0.278799021875 0.134691584375 0.280330884375 0.125500409375 0.27113970625 0.11630923124999999 0.268075978125 0.09282066875 0.27267156875 0.07443831875 0.26194853125 0.060140931249999995 0.225183825 0.0407373375 0.22212009687499998 0.031546159375 0.23897058750000003 0.015206290624999999 0.254289215625 0 0.25302202500000004 0 0.289522059375
2 0.28125 0.1625 0.0796875 0.153125
1 0.209375 0.21875 0.0609375 0.125
1 0.021875 0.2453125 0.0421875 0.15
1 0.09375 0.234375 0.06875 0.125
1 0.340625 0.246875 0.065625 0.1078125
2 0.415625 0.1984375 0.05 0.090625
2 0.44375 0.1546875 0.034375 0.0984375
5 0.421875 0.14375 0.096875 0.11875
5 0.340625 0.196875 0.059375 0.1296875
5 0.2 0.16875 0.059375 0.1046875
5 0.053125 0.175 0.0359375 0.09375
3 0.2375 0.146875 0.0984375 0.190625
3 0.1703125 0.15625 0.08125 0.234375
3 0.028125 0.14375 0.05625 0.2171875
3 0.090625 0.15625 0.078125 0.228125
1 0.63125 0.1546875 0.0515625 0.0453125
1 0.640625 0.1890625 0.0515625 0.03125
1 0.6984375 0.221875 0.0703125 0.0453125
1 0.734375 0.24375 0.0734375 0.040625
1 0.796875 0.25625 0.0546875 0.04375
1 0.85625 0.2546875 0.0546875 0.0375
1 0.9 0.2328125 0.0671875 0.0515625
1 0.9453125 0.209375 0.0703125 0.0375
1 0.9625 0.18125 0.0640625 0.0375
1 0.975 0.134375 0.05 0.0390625
5 0.9640625 0.2046875 0.071875 0.04375
5 0.94375 0.2453125 0.075 0.046875
5 0.79375 0.265625 0.08125 0.03125
5 0.7125 0.2515625 0.06875 0.0234375
3 0.60625 0.1328125 0.0921875 0.06875
5 0.509375 0.86875 0.1 0.1890625
5 0.375 0.865625 0.1453125 0.20625
5 0.2625 0.8625 0.1 0.1609375
5 0.16875 0.8625 0.059375 0.16875
2 0.590625 0.578125 0.0359375 0.0625
1 0.571875 0.584375 0.0234375 0.0328125