0 0.365604575 0.7919730406250001 0.373774509375 0.762867646875 0.39011438125 0.74142156875 0.39624183125 0.718443628125 0.377859475 0.6985294125 0.36254084999999997 0.6954656875 0.3390522875 0.7046568625 0.318627453125 0.736825978125 0.30228758125 0.75061274375 0.2828839875 0.75214460625 0.2685866 0.73835784375 0.2685866 0.712316178125 0.271650328125 0.67861519375 0.27777777812500004 0.657169115625 0.27267156875 0.644914215625 0.253267971875 0.646446078125 0.23897058750000003 0.66789215625 0.22263071874999998 0.683210784375 0.21956699375 0.6801470593750001 0.2124183 0.65410539375 0.218545753125 0.628063725 0.217524509375 0.6142769593749999 0.20016340000000002 0.637254903125 0.1919934625 0.643382353125 0.1797385625 0.628063725 0.171568628125 0.625 0.1439951 0.6326593125 0.128676471875 0.6357230406250001 0.11642156875000001 0.657169115625 0.110294115625 0.693933821875 0.115400328125 0.712316178125 0.1327614375 0.718443628125 0.155228759375 0.723039215625 0.161356209375 0.723039215625 0.180759803125 0.75061274375 0.18484477187499998 0.7582720593750001 0.20731209375 0.7582720593750001 0.221609475 0.7797181375 0.23999183125 0.7919730406250001 0.264501634375 0.8134191187500001 0.278799021875 0.8379289218749999 0.294117646875 0.8532475500000001 0.32577614375 0.8547794124999999 0.365604575 0.7919730406250001
0 0.666870915625 0.6525735312500001 0.6576797375 0.689338234375 0.6484885625000001 0.721507353125 0.630106209375 0.723039215625 0.613766340625 0.7077205875 0.604575165625 0.690870096875 0.58517156875 0.693933821875 0.570874184375 0.7306985312500001 0.552491828125 0.74142156875 0.52900326875 0.736825978125 0.519812090625 0.73988970625 0.510620915625 0.749080884375 0.49325980625000004 0.747549021875 0.472834965625 0.73376225625 0.45547385625 0.7107843125 0.44015522812499996 0.7015931375 0.42790032499999997 0.718443628125 0.41462418437500004 0.719975490625 0.3952205875 0.73835784375 0.380923203125 0.767463234375 0.406454246875 0.762867646875 0.417687909375 0.765931371875 0.44219771249999995 0.7751225500000001 0.47794117812500003 0.778186275 0.50551470625 0.778186275 0.5392156875 0.778186275 0.563725490625 0.778186275 0.5861928125 0.7735906875 0.6015114374999999 0.7536764687499999 0.6188725500000001 0.7582720593750001 0.6607434624999999 0.7582720593750001 0.6944444437499999 0.749080884375 0.715890525 0.749080884375 0.709763071875 0.72916666875 0.6934232031249999 0.686274509375 0.683210784375 0.6525735312500001 0.666870915625 0.6525735312500001
2 0.3640625 0.63125 0.0796875 0.153125
2 0.728125 0.4140625 0.0640625 0.0953125
1 0.809375 0.696875 0.0453125 0.140625
1 0.7375 0.7390625 0.078125 0.1609375
1 0.765625 0.3578125 0.09375 0.1234375
1 0.434375 0.6875 0.0609375 0.125
1 0.63125 0.715625 0.059375 0.15
1 0.553125 0.703125 0.06875 0.125
1 0.30625 0.715625 0.065625 0.1078125
2 0.23125 0.6671875 0.05 0.090625
2 0.2015625 0.6234375 0.034375 0.0984375
5 0.225 0.6125 0.096875 0.11875
5 0.3046875 0.665625 0.059375 0.1296875
5 0.4453125 0.6375 0.059375 0.1046875
5 0.590625 0.64375 0.0359375 0.09375
5 0.6765625 0.625 0.03125 0.121875
5 0.76875 0.628125 0.046875 0.090625
3 0.4078125 0.615625 0.0984375 0.190625
3 0.475 0.625 0.08125 0.234375
3 0.6375 0.6125 0.096875 0.2171875
3 0.55625 0.625 0.078125 0.228125