0 1 0.225183825 0.98039215625 0.22212009687499998 0.9548611125 0.19607843125 0.926266340625 0.177696078125 0.893586603125 0.188419115625 0.88337418125 0.209865196875 0.8547794124999999 0.20526960625 0.8108660125 0.180759803125 0.7669526125 0.15778186249999998 0.718954246875 0.1439951 0.665849675 0.1439951 0.634191178125 0.148590684375 0.6188725500000001 0.179227940625 0.604575165625 0.179227940625 0.580065359375 0.140931371875 0.5453431375 0.11948529375000001 0.49734477187500004 0.11488970624999999 0.4544526125 0.11488970624999999 0.41870915000000003 0.11488970624999999 0.35539215625 0.085784315625 0.3451797375 0.085784315625 0.31556372499999996 0.085784315625 0.2890114375 0.085784315625 0.259395425 0.093443628125 0.227736928125 0.102634803125 0.1828022875 0.110294115625 0.140931371875 0.12561274375 0.110294115625 0.15012254687499998 0.09599673125 0.180759803125 0.084763071875 0.237438725 0.0827205875 0.31556372499999996 0.10314542499999999 0.401348040625 0.155228759375 0.453431371875 0.18995098125 0.48253676562500003 0.21037581875 0.531556371875 0.23794934687499997 0.562193628125 0.27573529375 0.57598039375 0.29616013125 0.5575980406250001 0.30535130625 0.528492646875 0.31556372499999996 0.479473040625 0.330882353125 0.45955882187499997 0.358455884375 0.42738970624999995 0.37275326875000003 0.451899509375 0.393178103125 0.481004903125 0.41462418437500004 0.49938725625 0.42994281250000005 0.531556371875 0.448325165625 0.5575980406250001 0.47181372499999996 0.580575978125 0.49938725625 0.5530024499999999 0.51879085 0.500919115625 0.534109475 0.4672181375 0.54636438125 0.43198529375000005 0.566789215625 0.3890931375 0.58517156875 0.344669115625 0.596405228125 0.3140318625 0.606617646875 0.34160539375 0.623978759375 0.370710784375 0.64440359375 0.3952205875 0.66789215625 0.41973039375 0.678104575 0.46568627500000004 0.6842320281250001 0.514705884375 0.6934232031249999 0.562193628125 0.715890525 0.580575978125 0.7373366 0.5545343125 0.774101309375 0.5193014687499999 0.803717321875 0.47640931249999996 0.830269609375 0.44117646875 0.8486519593749999 0.409007353125 0.87418300625 0.364583334375 0.88643790625 0.367647059375 0.902777778125 0.40441176562500003 0.90686274375 0.42892156875 0.91299019375 0.4672181375 0.9293300656250001 0.48253676562500003 0.9497549 0.4733455875 0.9732434624999999 0.45496323437499997 0.98856209375 0.41819853125 1 0.3952205875 1 0.292585784375 1 0.225183825
0 0.27777777812500004 1 0.265522875 0.963541665625 0.250204246875 0.9359681375 0.203227125 0.9252451 0.16952614375 0.9252451 0.1419526125 0.9375 0.10314542499999999 0.946691175 0.075571896875 0.96813725625 0.064338234375 1 0.27777777812500004 1
0 0.48508986875 0.9160539218749999 0.464665034375 0.9053308812499999 0.4391339875 0.9313725500000001 0.41462418437500004 0.954350490625 0.39011438125 0.97886029375 0.37683823437499997 0.997242646875 0.5014297375 0.98498774375 0.49734477187500004 0.945159315625 0.48508986875 0.9160539218749999
0 0.8231209156249999 1 0.825163396875 0.986519609375 0.8200571875 0.9497549 0.812908496875 0.917585784375 0.79758986875 0.89001225625 0.7853349656249999 0.862438725 0.762867646875 0.830269609375 0.73835784375 0.8195465687500001 0.7250816999999999 0.8379289218749999 0.70261438125 0.873161765625 0.679125815625 0.903799021875 0.658700978125 0.9252451 0.60866013125 0.9589460781250001 0.5923202625 1 0.8231209156249999 1
5 0.909375 0.9015625 0.065625 0.1734375
5 0.2375 0.875 0.14375 0.1765625
5 0.5625 0.903125 0.1328125 0.1515625
5 0.346875 0.928125 0.1609375 0.1421875
4 0.70625 0.603125 0.0890625 0.1609375
3 0.4 0.8296875 0.2046875 0.321875
3 0.59375 0.8328125 0.25 0.3328125