0 0.122706384375 0 0.10076593125 0.01197916875 0.088511028125 0.043913475 0.09770220625 0.06368232812499999 0.11812704375000001 0.0895339125 0.128339459375 0.06976505625 0.144679328125 0.051516878125 0.169189134375 0.06672369375000001 0.18348651875 0.080409825 0.20391135624999998 0.09409595625 0.22127246875 0.0956166375 0.22944240312500003 0.06672369375000001 0.251909721875 0.049996200000000005 0.279483253125 0.03783075 0.305014296875 0.031748025 0.3295241 0.04543415625 0.358118871875 0.0469548375 0.359375 0.04661475625 0.359375 0 0.122706384375 0
2 0.290625 0.09375 0.1390625 0.15
2 0.159375 0.1125 0.0875 0.1296875
2 0.06875 0.103125 0.0671875 0.1328125
3 0.6875 0.109375 0.0703125 0.1140625
4 0.4375 0.0984375 0.1546875 0.046875
3 0.5640625 0.1125 0.0859375 0.1015625
3 0.68125 0.04375 0.075 0.0859375
2 0.059375 0.825 0.1171875 0.2734375
2 0.540625 0.971875 0.3265625 0.0546875
2 0.8953125 0.875 0.209375 0.25
1 0.9171875 0.890625 0.165625 0.21875
4 0.509375 0.846875 0.1703125 0.3046875
0 0.659375 0.68125 0.45 0.521875