0 0 0.4295912125 0.000418709375 0.429411765625 0.016758578125 0.418688725 0.00858864375 0.401838234375 0.0188010625 0.391115196875 0.029013478125 0.40490195937499995 0.043310865625 0.42175244999999995 0.06782066875000001 0.427879903125 0.09130923125 0.42175244999999995 0.112755309375 0.401838234375 0.119904003125 0.39877450937500003 0.149520015625 0.4110294125 0.174029821875 0.40949755000000004 0.190369690625 0.39571078437499996 0.198539625 0.400306371875 0.21181576875000002 0.42634804062500004 0.23836805625 0.42481617812500005 0.27104779375 0.406433821875 0.283302696875 0.40490195937499995 0.31904615937499997 0.415625 0.352747140625 0.415625 0.38951184687499996 0.42022058749999996 0.4344464875 0.406433821875 0.462020015625 0.37886029374999997 0.460998775 0.349754903125 0.445680146875 0.3420955875 0.418106615625 0.352818628125 0.402787990625 0.349754903125 0.38746936249999997 0.3390318625 0.376235703125 0.31145833437500003 0.354789625 0.30992646874999996 0.343555965625 0.345159315625 0.3221098875 0.36660539375 0.305770015625 0.3482230375 0.29760008125000004 0.312990196875 0.28023896875 0.28694853125 0.26492034375 0.29613970625 0.250622959375 0.329840684375 0.24245302500000002 0.36507353125 0.23019811875 0.351286765625 0.208752040625 0.319117646875 0.19241217187499998 0.312990196875 0.17096609375 0.334436275 0.162796159375 0.36660539375 0.147477534375 0.36507353125 0.1372651125 0.345159315625 0.129095178125 0.323713234375 0.11786151874999999 0.316053921875 0.103564134375 0.316053921875 0.08824550625000001 0.331372546875 0.08824550625000001 0.363541665625 0.075990603125 0.38039215625 0.066799428125 0.37886029374999997 0.04126838125 0.3482230375 0.031055965624999998 0.323713234375 0.014716093750000001 0.323713234375 0 0.336189925 0 0.4295912125
4 0.4234375 0.3125 0.05625 0.090625
5 0.496875 0.5125 0.015625 0.0671875
5 0.559375 0.50625 0.0328125 0.059375
5 0.696875 0.525 0.0375 0.0640625
5 0.7625 0.51875 0.0390625 0.0625
5 0.609375 0.525 0.0390625 0.0734375
5 0.6546875 0.5171875 0.0390625 0.0859375
4 0.53125 0.534375 0.0453125 0.071875
4 0.58125 0.51875 0.03125 0.053125
4 0.6296875 0.51875 0.0390625 0.0703125
4 0.721875 0.55 0.0265625 0.05
0 0.725 0.43125 0.125 0.0671875
0 0.4984375 0.55 0.01875 0.0359375
0 0.5546875 0.55625 0.0890625 0.040625
0 0.63125 0.565625 0.0546875 0.0359375
3 0.41875 0.903125 0.0515625 0.071875
3 0.4515625 0.984375 0.028125 0.03125