0 0.240760871875 0.159865859375 0.218439440625 0.161364659375 0.20194099375 0.17785146875 0.179619565625 0.20632868750000002 0.1495341625 0.22581310000000002 0.12624223437499998 0.240801109375 0.101979815625 0.251292715625 0.081599378125 0.27527353125 0.0631599375 0.315741159375 0.06510093125000001 0.345717178125 0.0786878875 0.3622039875 0.098097828125 0.342719575 0.121389753125 0.342719575 0.137888196875 0.348714778125 0.173796584375 0.360705184375 0.166032609375 0.33672437187500004 0.18641304375 0.29325914375 0.220380434375 0.2827675375 0.251436334375 0.311244753125 0.2669642875 0.30974595312500003 0.2815217375 0.25728791875 0.29025620937499996 0.23030950312499998 0.301902171875 0.2078274875 0.339751553125 0.2048298875 0.376630434375 0.24379870937499998 0.404774846875 0.231808303125 0.42418478125 0.21382269062499998 0.43486025 0.186844275 0.45 0.184617484375 0.45 0.09942135625000001 0.43486025 0.096916215625 0.41059782499999997 0.0894222125 0.39604037187499996 0.104410221875 0.3873059 0.12389463437499999 0.35916149062499997 0.1253934375 0.33586956562500003 0.11789943124999999 0.300931675 0.1268922375 0.2747282625 0.140381446875 0.262111803125 0.14637665 0.240760871875 0.159865859375
3 0.396875 0.584375 0.0828125 0.0671875
5 0.7078125 0.5125 0.028125 0.10625
3 0.640625 0.553125 0.05625 0.1328125
5 0.73125 0.4734375 0.034375 0.084375
5 0.478125 0.55 0.0453125 0.1046875
4 0.58125 0.540625 0.0421875 0.0734375
4 0.5375 0.525 0.0453125 0.084375
0 0.5578125 0.578125 0.075 0.0421875
3 0.171875 0.634375 0.059375 0.0328125
3 0.2125 0.653125 0.05 0.0703125
3 0.384375 0.65625 0.0421875 0.075