0 0.18046605625 0 0.16732336875 0.008303356250000001 0.145001940625 0.009802156250000001 0.12850349375 0.026288968750000002 0.10618206562500002 0.054766187499999994 0.0760966625 0.0742506 0.0528047375 0.089238609375 0.028542315625 0.099730215625 0.008161878124999999 0.12371103125 0 0.141623278125 0 0.2042705125 0.0052503875 0.2106414875 0.024660328125 0.191157075 0.04795225 0.191157075 0.064450696875 0.197152278125 0.100359084375 0.209142684375 0.092595109375 0.18516186875 0.11297554375 0.141696640625 0.146942934375 0.131205034375 0.1779988375 0.159682253125 0.19352678437499998 0.15818345312499998 0.2080842375 0.105725421875 0.21681870937499997 0.078747003125 0.228464671875 0.056264987499999995 0.266314053125 0.0532673875 0.303192934375 0.092236209375 0.331337346875 0.080245803125 0.350747284375 0.062260190625 0.36142275 0.035281775 0.4 0.02960774375 0.4 0 0.18046605625 0
3 0.371875 0.4625 0.0578125 0.18125
3 0.325 0.4796875 0.0828125 0.159375
3 0.03125 0.525 0.0578125 0.0671875
2 0.79375 0.203125 0.0984375 0.1265625
2 0.7703125 0.528125 0.075 0.0640625
1 0.3375 0.65 0.028125 0.0890625
2 0.38125 0.665625 0.0359375 0.059375
1 0.221875 0.6359375 0.03125 0.0734375
1 0.2640625 0.65 0.028125 0.075
1 0.296875 0.63125 0.015625 0.0515625
0 1 0.559375 0.4 0.559375 0.4 0.711473653125 0.422518384375 0.68520220625 0.43681576875 0.709712009375 0.457240603125 0.738817403125 0.47868668437500006 0.75719975625 0.4940053125 0.789368871875 0.512387665625 0.8154105406250001 0.535876225 0.838388478125 0.56344975625 0.8108149499999999 0.5828533499999999 0.758731615625 0.598171975 0.7250306375 0.61042688125 0.68979779375 0.630851715625 0.6469056375 0.64923406875 0.602481615625 0.660467728125 0.5718443625 0.670680146875 0.59941789375 0.688041259375 0.628523284375 0.70846609375 0.6530330875 0.73195465625 0.67754289375 0.742167075 0.723498775 0.748294528125 0.772518384375 0.757485703125 0.820006128125 0.779953025 0.838388478125 0.8013991031250001 0.812346815625 0.838163809375 0.7771139687499999 0.867779821875 0.7342218125 0.8943321093750001 0.6989889687499999 0.912714459375 0.666819853125 0.93824550625 0.62239583125 0.95050040625 0.6254595593750001 0.9668402781250001 0.662224265625 0.97092524375 0.68673406875 0.9770526937499999 0.7250306375 0.993392565625 0.740349265625 1 0.73737591875 1 0.559375
4 0.771875 0.8609375 0.0890625 0.1609375
3 0.65625 0.9609375 0.25 0.078125