0 0 0.368412990625 0.006290850000000001 0.370557596875 0.03999183125 0.350643384375 0.05224673125 0.373621325 0.073692809375 0.40272671562499995 0.1125 0.414981615625 0.140073528125 0.404258578125 0.177859478125 0.40272671562499995 0.20849673124999998 0.388939953125 0.233006534375 0.36902573437499997 0.2544526125 0.359834559375 0.2953022875 0.358302696875 0.337173203125 0.35217524375 0.38721405 0.330729165625 0.40049019374999995 0.3092830875 0.393341503125 0.26792279375 0.371895425 0.229626225 0.35861928125000003 0.197457109375 0.34432189687500003 0.2265625 0.33206699375 0.27711396875 0.316748365625 0.3000919125 0.2983660125 0.295496325 0.27896241875 0.27711396875 0.26466503124999996 0.249540440625 0.257516340625 0.21583946250000002 0.24219771250000002 0.19132965625 0.229942809375 0.18520220625 0.222794115625 0.202052696875 0.215645425 0.23115808750000003 0.209517971875 0.26485906875 0.20747549062499998 0.30775122499999996 0.1952205875 0.34145220625 0.183986928125 0.35523896875 0.157434640625 0.362898284375 0.1359885625 0.362898284375 0.11045751562499999 0.34604779375 0.1002451 0.316942403125 0.08799019375 0.289368871875 0.0828839875 0.281709559375 0.07267156875 0.258731615625 0.059395425 0.241881128125 0.04305555625 0.26792279375 0.02569444375 0.297028184375 0.006290850000000001 0.312346815625 0 0.326501225 0 0.368412990625
3 0.034375 0.2140625 0.06875 0.265625
2 0.05625 0.2375 0.0484375 0.0546875
5 0.225 0.209375 0.0921875 0.2
5 0.334375 0.203125 0.1140625 0.2359375
5 0.55625 0.1078125 0.059375 0.1046875
1 0.9734375 0.415625 0.053125 0.025
5 0.9859375 0.21875 0.028125 0.0828125
5 0.525 0.284375 0.0734375 0.15
5 0.2078125 0.81875 0.028125 0.075
5 0.2734375 0.834375 0.0421875 0.053125
5 0.30625 0.7046875 0.0609375 0.1609375
5 0.640625 0.853125 0.028125 0.10625
3 0.70625 0.896875 0.05625 0.1375
5 0.615625 0.815625 0.034375 0.084375
5 0.871875 0.8921875 0.0453125 0.1046875
4 0.7671875 0.88125 0.0421875 0.0734375
4 0.809375 0.865625 0.0453125 0.084375
0 0.790625 0.921875 0.075 0.0421875