0 0.5581392968750001 0.165410540625 0.52750204375 0.1684742625 0.5142259 0.163878675 0.48052491875000003 0.148560046875 0.4263991 0.148560046875 0.36818831875 0.1562193625 0.319168709375 0.1546875 0.28648896874999996 0.134773284375 0.23849060312499998 0.134773284375 0.198662171875 0.165410540625 0.199683415625 0.23740808750000003 0.20070465624999997 0.292555146875 0.19457720625 0.320128675 0.19764093124999998 0.34770220625000003 0.21260825 0.36875 0.233350353125 0.36875 0.23644811875 0.34923406875 0.233384396875 0.287959559375 0.23542688125 0.249662990625 0.2466605375 0.225153184375 0.2701491 0.21289828437499997 0.296701390625 0.217493871875 0.320189953125 0.2343443625 0.336529821875 0.257322303125 0.348784721875 0.278768384375 0.36614583437500003 0.3124693625 0.37942197499999997 0.33085171562500004 0.39167688125 0.335447303125 0.405974265625 0.32778799062499997 0.419250409375 0.287959559375 0.429462825 0.25272671562500004 0.4376327625 0.22821691249999998 0.461121321875 0.22055759687499998 0.48052491875000003 0.225153184375 0.50094975625 0.24353553749999998 0.52750204375 0.26344975625 0.545884396875 0.28183210625 0.55711805625 0.318596815625 0.580606615625 0.318596815625 0.5877553125 0.29102328437499997 0.62043505 0.223621325 0.638817403125 0.20370710625 0.6704759 0.19451593125 0.6796875 0.1957351125 0.6796875 0.130736290625 0.63677491875 0.1546875 0.6153288406249999 0.1592830875 0.585712825 0.170006128125 0.5581392968750001 0.165410540625
2 0.5828125 0.34375 0.078125 0.0515625
5 0.39375 0.33125 0.0828125 0.075
0 1 0.344605703125 0.9859326625 0.3385707375 0.9575528875 0.283967371875 0.9360530625000001 0.2141964 0.911973253125 0.22481372500000002 0.905953303125 0.28093385 0.896493378125 0.294584690625 0.8620936531250001 0.302168490625 0.845753784375 0.2794170875 0.8311339 0.25363216875 0.819953990625 0.25211540625 0.821491921875 0.36875 1 0.36875 1 0.344605703125
5 0.903125 0.1 0.1703125 0.2
5 0.98125 0.2375 0.0375 0.1953125
5 0.86875 0.240625 0.1046875 0.1328125
2 0.0875 0.74375 0.0515625 0.05625
5 0.45 0.7640625 0.09375 0.0953125
1 0.0421875 0.771875 0.0578125 0.0515625
1 0.084375 0.8765625 0.0328125 0.0359375
2 0.075 0.678125 0.0578125 0.071875
2 0.1 0.8140625 0.071875 0.08125
5 0.734375 0.78125 0.0234375 0.0734375
5 0.703125 0.775 0.0234375 0.0828125
5 0.684375 0.78125 0.009375 0.065625
3 0.69375 0.771875 0.0265625 0.1078125
3 0.71875 0.771875 0.034375 0.1078125