0 0.42717086875000004 0.337608728125 0.45985060625 0.3567742875 0.474634296875 0.380362671875 0.486305634375 0.40984815 0.50420168125 0.42016806874999996 0.5143168375 0.39363113437499997 0.533769065625 0.36709420625 0.55633364375 0.34792864375 0.573451603125 0.337608728125 0.603018984375 0.34792864375 0.6248054749999999 0.37593985 0.63258636875 0.40837387812500003 0.643479615625 0.42459089062500005 0.66604419375 0.40542532812500004 0.6808278875 0.37299129999999997 0.6956115781250001 0.353825740625 0.717398071875 0.340557275 0.746965453125 0.3567742875 0.753190165625 0.370042753125 0.762527234375 0.35235146875 0.77497665625 0.309597521875 0.79365079375 0.2594722125 0.8099906656250001 0.23588382812500003 0.8185496406249999 0.209346896875 0.813103021875 0.190181334375 0.78742608125 0.157747309375 0.763305321875 0.16364440625 0.725957046875 0.15037594062499998 0.693277309375 0.156273034375 0.667600371875 0.179861415625 0.631030190625 0.190181334375 0.612356053125 0.187232784375 0.567226890625 0.166592953125 0.54310613125 0.176912871875 0.53610333125 0.22998673125 0.49175225625 0.23588382812500003 0.460628696875 0.21524399375 0.44039838124999997 0.176912871875 0.389822596875 0.145953115625 0.350918146875 0.15037594062499998 0.329909740625 0.153324490625 0.288671025 0.153324490625 0.264550265625 0.159221584375 0.21864301249999998 0.153324490625 0.1921879875 0.173964321875 0.185185184375 0.207872621875 0.199968875 0.22408963437499999 0.22019919062499999 0.24472946874999998 0.22798008125 0.287483415625 0.236539059375 0.330237359375 0.267662621875 0.34203155 0.28011204375 0.339083003125 0.3018985375 0.35235146875 0.32524120624999997 0.38331121874999996 0.33846871875 0.41574524375 0.34391534375 0.43638508125 0.35169623437499997 0.443756446875 0.364923746875 0.39510541250000003 0.3727046375 0.371517028125 0.384375971875 0.35087719375000004 0.397603484375 0.3243402625 0.42717086875000004 0.337608728125
0 0.21008403437499998 0.732714140625 0.21864301249999998 0.72534276875 0.21864301249999998 0.771045259375 0.2256458125 0.812324928125 0.234982884375 0.82264485 0.2575474625 0.82706766875 0.274665421875 0.821170575 0.287114846875 0.79315936875 0.302676628125 0.763673890625 0.313569871875 0.7695709875000001 0.315904140625 0.79463364375 0.315904140625 0.8182220250000001 0.341581075 0.841810409375 0.36103330312500004 0.8388618593749999 0.390600684375 0.831490490625 0.4170557125 0.8359133125 0.450513540625 0.8373875843749999 0.46840958437499997 0.8329647625 0.48474945625 0.800530740625 0.49642079062500005 0.778416628125 0.49797696875 0.825593396875 0.502645503125 0.8565531500000001 0.524431996875 0.881615803125 0.5501089343750001 0.8978328187500001 0.59134765 0.916998378125 0.6100217875 0.888987171875 0.6248054749999999 0.9096270093750001 0.65515095 0.922895471875 0.7002801125 0.91404983125 0.7267351375 0.931741115625 0.753190165625 0.927318296875 0.740740740625 0.8521303250000001 0.7267351375 0.8329647625 0.706504825 0.812324928125 0.69716775625 0.7725195375 0.685496421875 0.728291315625 0.6714908187499999 0.685537371875 0.65515095 0.667846084375 0.6419234375 0.723868496875 0.631030190625 0.7518797 0.6170245875 0.75777679375 0.6022408968749999 0.748931153125 0.583566759375 0.713548575 0.573451603125 0.6781660031250001 0.5516651125 0.679640278125 0.542328040625 0.72239421875 0.52987861875 0.74155978125 0.515873015625 0.7341884125 0.502645503125 0.7017543875000001 0.49486461249999997 0.6752174531249999 0.48163710000000004 0.636886334375 0.45751634062499996 0.65900044375 0.4489573625 0.6988058374999999 0.43495175625 0.71060003125 0.42717086875000004 0.713548575 0.413165265625 0.695857290625 0.399937753125 0.65900044375 0.384375971875 0.660474715625 0.36959228125 0.685537371875 0.364145659375 0.6988058374999999 0.3540305 0.719445671875 0.34313725625 0.71060003125 0.336134453125 0.685537371875 0.3267973875 0.670794634375 0.31823840625 0.63836060625 0.30501089375 0.6531033468749999 0.296451915625 0.679640278125 0.287114846875 0.7061772093750001 0.278555865625 0.731239865625 0.262215996875 0.7518797 0.251322753125 0.7504054250000001 0.2435418625 0.728291315625 0.238873325 0.691434465625 0.238095240625 0.660474715625 0.2256458125 0.65457761875 0.21319638749999997 0.6634232625 0.204637409375 0.6840631 0.17662620625 0.6988058374999999 0.164954871875 0.703228659375 0.157952071875 0.691434465625 0.160286334375 0.625092140625 0.149393090625 0.628040690625 0.13772175625 0.648680525 0.12527233124999998 0.670794634375 0.1159352625 0.6988058374999999 0.11204481875000001 0.7474568781250001 0.129940865625 0.779890903125 0.141612203125 0.779890903125 0.166511046875 0.8108506562500001 0.18051665 0.8093763812500001 0.194522253125 0.77546808125 0.21008403437499998 0.732714140625
5 0.14375 0.4046875 0.0609375 0.19375
5 0.2078125 0.384375 0.06875 0.2671875
5 0.096875 0.384375 0.0453125 0.2171875
5 0.059375 0.38125 0.03125 0.1765625
5 0.7828125 0.4296875 0.0671875 0.240625
2 0.90625 0.534375 0.065625 0.1671875
5 0.5078125 0.4828125 0.0578125 0.146875
1 0.328125 0.4875 0.084375 0.1359375
1 0.3578125 0.6375 0.0640625 0.1328125
1 0.434375 0.6359375 0.075 0.1765625
1 0.521875 0.640625 0.075 0.1921875
1 0.609375 0.6546875 0.0828125 0.1828125
1 0.709375 0.6890625 0.090625 0.234375
2 0.8375 0.425 0.04375 0.103125