0 0.195878078125 0 0.1835622125 0.026749937499999998 0.16530000312499998 0.041202893750000004 0.13934845 0.05276525625 0.119163903125 0.0513199625 0.101862865625 0.03975759375 0.092251178125 0.074444690625 0.10666870937499999 0.08889764375 0.126853253125 0.0990147125 0.15953299062499998 0.09178823750000001 0.181639875 0.08167116875 0.1912515625 0.094678828125 0.21720311875 0.10768648750000001 0.24699935312500002 0.10768648750000001 0.270067403125 0.10190530625000001 0.293135453125 0.08745235 0.29986363437499997 0.0758899875 0.338310384375 0.0758899875 0.35272791875 0.07299939375 0.351766746875 0.041202893750000004 0.336388046875 0.0354217125 0.324854025 0.016632868749999998 0.3160049 0 0.29854401875000003 0 0.29217428437500004 0.038312303125 0.278717921875 0.06577291874999999 0.26333922187500003 0.07733528125 0.25180519375 0.07299939375 0.23738766249999999 0.05421055 0.23065948125000002 0.03686700625 0.21431430625 0 0.195878078125 0
3 0.2578125 0.0265625 0.10625 0.053125
3 0.1578125 0.0234375 0.1 0.046875
3 0.0578125 0.0234375 0.10625 0.046875
3 0.775 0.134375 0.0875 0.1828125
3 0.4078125 0.8140625 0.05 0.1421875
3 0.3109375 0.7953125 0.0671875 0.1015625
3 0.4859375 0.83125 0.0546875 0.075
3 0.453125 0.81875 0.0546875 0.1453125
3 0.44375 0.715625 0.04375 0.0953125
3 0.4125 0.715625 0.0890625 0.1078125
3 0.321875 0.7125 0.0890625 0.090625
3 0.2546875 0.7078125 0.0359375 0.0796875
3 0.2609375 0.8046875 0.05 0.0703125