0 0.637122140625 0.40576599375000005 0.6553843500000001 0.37868610937499997 0.67172421875 0.3561195375 0.68133590625 0.304968640625 0.6765300625 0.265853253125 0.629432790625 0.21921567187500002 0.60732590625 0.1951446625 0.56887915625 0.177091403125 0.54388876875 0.156029271875 0.500636171875 0.166560334375 0.47468461562500003 0.174082528125 0.45834474687500004 0.181604715625 0.451616565625 0.143993765625 0.440082540625 0.12293163124999999 0.40163578749999995 0.11240056875 0.37376189375 0.12142719375 0.35357735 0.1349671375 0.341082153125 0.154524834375 0.320897609375 0.187622471875 0.30455774375 0.21470235624999998 0.2901402125 0.210189040625 0.277645015625 0.187622471875 0.257460471875 0.157533709375 0.226703071875 0.1409848875 0.195945671875 0.1409848875 0.16999411250000002 0.171073653125 0.16807177499999998 0.21620679375 0.16326593125 0.24930443124999999 0.14212021875 0.27788875625 0.13635320625 0.317004146875 0.11809099687499999 0.335057403125 0.093100609375 0.336561840625 0.073877234375 0.313995271875 0.040236328125 0.27939319375 0.018129446875 0.320013021875 0.02005178125 0.37718167187499996 0.041197496875 0.4508991375 0.078683078125 0.4508991375 0.12001333750000001 0.43435031874999996 0.1661494375 0.414792625 0.197868009375 0.395234928125 0.23919826562500002 0.37868610937499997 0.270916834375 0.37417279375 0.3055189125 0.366650603125 0.34684916875 0.363641728125 0.3862570875 0.3561195375 0.41316981249999996 0.3546151 0.451616565625 0.366650603125 0.4794904625 0.393730490625 0.503519678125 0.411783746875 0.52082071875 0.428332565625 0.5448499375 0.43435031874999996 0.5756073374999999 0.44337694687500007 0.602520065625 0.40877487187500006 0.615976428125 0.39974824375 0.637122140625 0.40576599375000005
1 0.278125 0.1046875 0.1984375 0.209375
1 0.4609375 0.0953125 0.184375 0.190625
1 0.6359375 0.1234375 0.146875 0.246875
1 0.665625 0.3875 0.0859375 0.3609375
1 0.090625 0.196875 0.18125 0.3046875
0 0.738417775 0 0.74316789375 0.019245428125 0.76155024375 0.058879571875 0.77584763125 0.09698933125 0.780953840625 0.14881859687500001 0.7901450156250001 0.15339176875 0.8034211593749999 0.12595274375 0.81976103125 0.080221034375 0.847334559375 0.061928353125 0.857546975 0.049733231249999996 0.8698018781249999 0.00857469375 0.858835134375 0 0.738417775 0
0 0.882450690625 0 0.87899305625 0.0451600625 0.9045241031250001 0.069550303125 0.9096303125 0.080221034375 0.92086396875 0.11833079375 0.9300551468749999 0.1640625 0.9372038406250001 0.18845274375 0.947416259375 0.154916159375 0.9647773687500001 0.11833079375 0.9892871718749999 0.0954649375 1 0.09066768124999999 1 0.03189481875 0.9933721406249999 0.02991615625 0.939246325 0.04211128125 0.892226646875 0 0.882450690625 0
0 0.773805146875 0.40796493749999996 0.7625714875 0.456745425 0.726828025 0.53448933125 0.8361008968749999 0.5390625 0.813633578125 0.505525915625 0.8013786749999999 0.45826981875 0.789123775 0.394245425 0.773805146875 0.40796493749999996
0 1 0.4965350625 0.980095996875 0.5024771343750001 0.9586499187499999 0.4902820125 0.9320976312499999 0.443025915625 0.919842728125 0.39576981875 0.907587828125 0.398818596875 0.9014603781250001 0.47961128124999997 0.89124795625 0.5268673781250001 0.860610703125 0.5390625 0.8626531843749999 0.572599084375 0.9055453437500001 0.555830790625 0.9331188718750001 0.555830790625 0.9617136437499999 0.56345274375 0.9892871718749999 0.5802210343749999 1 0.5832669125 1 0.4965350625
2 0.584375 0.746875 0.2359375 0.2328125
2 0.8546875 0.9734375 0.290625 0.053125