0 0.585978634375 0.732498159375 0.60553633125 0.710390565625 0.6288551250000001 0.6853353 0.650669475 0.705969053125 0.6860237687499999 0.729550478125 0.708590340625 0.736919675 0.737174665625 0.754605746875 0.752971265625 0.7678703 0.76199789375 0.76050110625 0.7574845781249999 0.710390565625 0.7477057312500001 0.658806190625 0.725891378125 0.6558585124999999 0.69429818125 0.67207074375 0.677749359375 0.657332346875 0.661952759375 0.6278555625 0.656687228125 0.580692703125 0.634872875 0.5541635968749999 0.622837371875 0.56742815 0.613810740625 0.624907884375 0.60854520625 0.657332346875 0.58673085625 0.68238761875 0.564164284375 0.69270449375 0.552881 0.666175384375 0.540093275 0.6366986 0.52504889375 0.5983787781250001 0.5197833625 0.555637434375 0.49571234999999997 0.5895357375 0.468632465625 0.605747971875 0.43779148437500004 0.592483421875 0.434782609375 0.5541635968749999 0.408454940625 0.53352984375 0.39717165625 0.55121591875 0.38513615 0.5895357375 0.376109521875 0.6293294031250001 0.366330675 0.644067796875 0.346020759375 0.66028003125 0.32119753125 0.66028003125 0.292613209375 0.6204863656249999 0.28057770312499997 0.63080324375 0.264781103125 0.648489315625 0.25048894375 0.6853353 0.242966753125 0.7177597625 0.21588686875000002 0.761974946875 0.21814352499999998 0.817980840625 0.251241159375 0.806190125 0.2685422 0.7560795875 0.29787874062499997 0.714812084375 0.3174364375 0.7266028 0.33172860000000004 0.742815034375 0.37836618125 0.7221812812499999 0.38964946562499997 0.6897568187500001 0.40168496875 0.654384671875 0.4182337875 0.6499631531250001 0.45358808437500003 0.657332346875 0.47690687499999995 0.64112011875 0.5167744843750001 0.663227709375 0.532571084375 0.7044952125 0.546111028125 0.733971996875 0.5611554062499999 0.7487103875 0.585978634375 0.732498159375
4 0.071875 0.296875 0.09375 0.1984375
4 0.1328125 0.234375 0.109375 0.371875
4 0.25625 0.271875 0.13125 0.3296875
4 0.43125 0.26875 0.203125 0.3875
4 0.640625 0.2703125 0.18125 0.4
4 0.7921875 0.2953125 0.1109375 0.2984375
4 0.9046875 0.26875 0.0859375 0.3421875
4 0.9765625 0.303125 0.046875 0.3359375
4 0.884375 0.5875 0.090625 0.296875
4 0.778125 0.60625 0.128125 0.3453125
4 0.675 0.565625 0.103125 0.2515625
4 0.5625 0.578125 0.121875 0.3140625
4 0.46875 0.528125 0.1140625 0.1984375
4 0.3484375 0.5484375 0.13125 0.25
4 0.2328125 0.59375 0.1390625 0.378125
4 0.103125 0.6125 0.1265625 0.3671875