0 0.4708054 0.177883453125 0.45503253125 0.20354770625000002 0.41264294062499995 0.22619263125 0.3948984625 0.20354770625000002 0.382083003125 0.189960746875 0.36828174062499996 0.164296496875 0.33476439375 0.150709540625 0.30716186875 0.14165156875 0.28153095625 0.14618055624999998 0.252942628125 0.155238525 0.21351045000000002 0.156748190625 0.178021490625 0.147690215625 0.152390575 0.1537288625 0.12478805 0.177883453125 0.10605776874999999 0.218644321875 0.118873225 0.2427989125 0.12577385624999998 0.245818234375 0.13168868125 0.212605678125 0.154362184375 0.220153984375 0.181964709375 0.24732789687499998 0.1997091875 0.26393417812500003 0.20858142812499997 0.27299215 0.214496253125 0.23525060312499999 0.220411078125 0.232231278125 0.23716975625 0.22770229375 0.26871549687499996 0.256385871875 0.291388996875 0.280540459375 0.312090890625 0.280540459375 0.321948934375 0.245818234375 0.3446224375 0.24128924999999998 0.37419656875 0.251856884375 0.392926853125 0.26242451875 0.42151518125000004 0.28506944375 0.43728805 0.294127415625 0.44714609687499995 0.27148248750000004 0.45700414062499994 0.254876209375 0.48263505625 0.2427989125 0.507280165625 0.223173309375 0.52206723125 0.233740940625 0.541783321875 0.25789553125000003 0.547698146875 0.279030796875 0.55 0.2843183875 0.55 0.13034826875 0.543754928125 0.1310839375 0.50333695 0.14467089375 0.48460666249999995 0.150709540625 0.4708054 0.177883453125
5 0.471875 0.5609375 0.053125 0.096875
5 0.534375 0.5734375 0.0328125 0.071875
5 0.3875 0.5609375 0.0609375 0.096875
5 0.3078125 0.58125 0.05 0.0546875
1 0.340625 0.271875 0.078125 0.1390625
3 0.121875 0.55 0.0828125 0.11875
2 0.8140625 0.109375 0.184375 0.21875
2 0.64375 0.090625 0.14375 0.18125
5 0.475 0.7375 0.0234375 0.071875
5 0.4484375 0.7375 0.015625 0.0546875
5 0.4625 0.85 0.015625 0.0640625
1 0.49375 0.859375 0.0203125 0.0546875
1 0.9375 0.9171875 0.0796875 0.165625
1 0.85 0.915625 0.0828125 0.16875
3 0.9109375 0.959375 0.103125 0.08125