0 0 0.173613665625 0.014358659374999999 0.18976715625 0.034783496875 0.232659315625 0.056229575 0.24950980312499998 0.068484475 0.2234681375 0.0827818625 0.17138480312499998 0.10729166875 0.162193628125 0.124652778125 0.17598039062499998 0.137928921875 0.21274509687499998 0.1471201 0.241850490625 0.161417484375 0.25410539375 0.1716299 0.231127453125 0.181842321875 0.197426471875 0.214522059375 0.17291666875 0.253329246875 0.18670343125 0.26660539375000003 0.23572303749999998 0.27783905 0.238786765625 0.2860089875 0.2142769625 0.306433825 0.17751225625 0.32583741875 0.146875 0.344219771875 0.11317401875 0.36566584999999996 0.10704656875 0.380984475 0.10704656875 0.39732434687499996 0.11317401875 0.407536765625 0.128492646875 0.4157067 0.156066175 0.42694035937499997 0.18670343125 0.430004084375 0.2142769625 0.440216503125 0.21274509687499998 0.44838643749999996 0.19436274375 0.45553513125 0.168321078125 0.467790034375 0.146875 0.48821486875 0.146875 0.5076184625 0.165257353125 0.517830884375 0.165257353125 0.513745915625 0.122365196875 0.49025735312499996 0.10857843125 0.4861723875 0.082536765625 0.44430146875 0.0564951 0.39426061875 0.054963234375 0.317667484375 0.054963234375 0.262520425 0.054963234375 0.21043709375000003 0.050367646875000005 0.13997140624999999 0.050367646875000005 0.078696896875 0.061090684375 0.023549834375000002 0.088664215625 0 0.118369121875 0 0.173613665625
0 0.43715277812500003 0.45018382187499995 0.42285539375000003 0.44865195937499996 0.417749184375 0.471629903125 0.409579246875 0.49613970625 0.400388071875 0.503799021875 0.38813316875 0.50686274375 0.37894199375 0.5022671562500001 0.370772059375 0.477757353125 0.362602125 0.444056371875 0.35545343125 0.42107843125000005 0.34115604374999997 0.42107843125000005 0.33400735312499996 0.43639705937500006 0.320731209375 0.459375 0.31154003124999996 0.46550244999999996 0.28805146875 0.43639705937500006 0.27886029375 0.41954656874999996 0.269669115625 0.41954656874999996 0.2594567 0.427205884375 0.25230800625 0.45018382187499995 0.24107434687499998 0.47009804062500005 0.2329044125 0.48235294062499995 0.22881944375000002 0.48235294062499995 0.221670753125 0.48082107812499997 0.206352125 0.459375 0.191033496875 0.444056371875 0.165502453125 0.447120096875 0.136907678125 0.456311275 0.114440359375 0.456311275 0.10320670000000001 0.47009804062500005 0.0827818625 0.49001225625 0.06337826875 0.50686274375 0.050102125 0.5191176468750001 0.02252859375 0.526776959375 0.030698528125000003 0.558946078125 0.067463234375 0.5620098062500001 0.130780228125 0.571200978125 0.162438725 0.594178921875 0.21758578437499998 0.571200978125 0.260477940625 0.5620098062500001 0.314603759375 0.571200978125 0.351368465625 0.57732843125 0.39732434687499996 0.58805146875 0.4279616 0.58805146875 0.46268382187499996 0.58651960625 0.49229983437499997 0.5803921562500001 0.526000815625 0.560477940625 0.55 0.539709415625 0.55 0.43237591875000003 0.546425653125 0.43639705937500006 0.53825571875 0.46703431249999994 0.530085784375 0.49613970625 0.516809640625 0.523713234375 0.506597221875 0.5420955875 0.4953635625 0.551286765625 0.48208741875000005 0.5420955875 0.46574755 0.50992646875 0.45553513125 0.474693628125 0.43715277812500003 0.45018382187499995
1 0.3859375 0.1375 0.103125 0.10625
0 1 0.45273284062499997 0.9994995937500001 0.4500306375 0.98826593125 0.42552083124999995 0.973968546875 0.397947303125 0.9596711593749999 0.359650734375 0.947416259375 0.350459559375 0.939246325 0.3688419125 0.9361826000000001 0.40101103125000004 0.9310763874999999 0.43011642187500004 0.9280126624999999 0.4561580875 0.9157577625 0.469944853125 0.8922692 0.448498775 0.88205678125 0.42705269375 0.8677593937499999 0.40867034375 0.851419528125 0.391819853125 0.8432495937500001 0.42552083124999995 0.8340584156249999 0.466881128125 0.8279309625 0.49292279375000003 0.817718546875 0.526623775 0.8218035125 0.5342830875 0.8401858656250001 0.5342830875 0.8708231218750001 0.5281556375 0.910651553125 0.517432596875 0.941288809375 0.517432596875 0.9678410968750001 0.517432596875 0.9994995937500001 0.5113051468750001 1 0.510967371875 1 0.45273284062499997
0 0.72580678125 0.42245710625 0.711509396875 0.4515625 0.69925449375 0.50211396875 0.683935865625 0.5250919125 0.6655535125 0.520496321875 0.64614991875 0.50211396875 0.631852534375 0.47454044062499995 0.624703840625 0.44083945937499996 0.6093852125 0.41632965625 0.5971303125 0.41020220625 0.589981615625 0.42705269375 0.5828329250000001 0.4561580875 0.576705471875 0.48985906874999996 0.574662990625 0.5327512249999999 0.5624080874999999 0.5664522062499999 0.5511744281250001 0.58023896875 0.55 0.580577746875 0.55 0.625497853125 0.57568423125 0.61393995 0.6001940375 0.594025734375 0.6216401125 0.5848345593750001 0.6624897875 0.58330269375 0.704360703125 0.57717524375 0.754401553125 0.55572916875 0.76767769375 0.5342830875 0.760529003125 0.49292279375000003 0.7390829250000001 0.454626225 0.72580678125 0.42245710625
2 0.7484375 0.121875 0.078125 0.109375
5 0.59375 0.4328125 0.0890625 0.2
5 0.703125 0.428125 0.1140625 0.2359375
5 0.9453125 0.128125 0.053125 0.25
5 0.575 0.115625 0.0515625 0.1421875
0 0.294672034375 0.6970210531250001 0.22230975625 0.70231205625 0.17445728124999998 0.7040757281250001 0.1581174125 0.7481674375 0.18146008125 0.7781498 0.20013422187500002 0.7957864875 0.23748249375000002 0.776386134375 0.268995096875 0.77991346875 0.280666434375 0.79402281875 0.30400910312499996 0.8010774906250001 0.315680440625 0.797550153125 0.35419584375 0.776386134375 0.38220705 0.77991346875 0.406716853125 0.799313825 0.42422385625 0.8010774906250001 0.44873365937500004 0.78696814375 0.486081934375 0.785204475 0.52343020625 0.78344080625 0.52343020625 0.7499311093750001 0.532767271875 0.6846753718749999 0.48724906875 0.68996638125 0.45807072812499994 0.705839396875 0.38687558125 0.705839396875 0.34135737499999996 0.7040757281250001 0.294672034375 0.6970210531250001
0 0.12660480937500002 0.82576885 0.1441118125 0.772858796875 0.15344888125 0.709366734375 0.12660480937500002 0.712894071875 0.091590803125 0.727003415625 0.078752334375 0.765804121875 0.10793067187500001 0.81342316875 0.12660480937500002 0.82576885
5 0.5375 0.9015625 0.025 0.196875
5 0.25625 0.909375 0.0859375 0.1796875
5 0.1703125 0.8859375 0.065625 0.228125
5 0.0375 0.85625 0.075 0.1859375