0 0.15259879375000002 0.28055620000000003 0.14141888125 0.270178140625 0.13797890625 0.22421816875 0.1250790125 0.201979475 0.11561908750000001 0.212357534375 0.103579184375 0.25238718437499996 0.11475909375 0.293899415625 0.128518984375 0.311690375 0.145718846875 0.323551009375 0.1749586125 0.32058585 0.20677835625 0.307242634375 0.24289806875000003 0.285003940625 0.254937971875 0.28648651875 0.255797965625 0.250904603125 0.24547805 0.239043965625 0.242038078125 0.212357534375 0.23257815312500002 0.2049446375 0.22569820937500001 0.1901188375 0.21365830312499998 0.2049446375 0.205058371875 0.222735590625 0.194738453125 0.2449742875 0.18527853125 0.270178140625 0.180978565625 0.28055620000000003 0.172378634375 0.282038778125 0.15259879375000002 0.28055620000000003
1 0.2203125 0.1796875 0.078125 0.2
1 0.30625 0.1875 0.1046875 0.25625
1 0.384375 0.25625 0.0984375 0.2046875
5 0.171875 0.1625 0.084375 0.1875
5 0.28125 0.171875 0.096875 0.234375
5 0.2046875 0.028125 0.059375 0.05625
5 0.99375 0.2703125 0.0109375 0.10625
5 0.79375 0.365625 0.1 0.1234375
2 0.5625 0.546875 0.0765625 0.071875
2 0.5703125 0.6125 0.059375 0.0921875
2 0.13125 0.725 0.090625 0.1328125
2 0.184375 0.5046875 0.075 0.09375
2 0.15 0.5875 0.0546875 0.08125
2 0.81875 0.5140625 0.29375 0.15
2 0.8453125 0.7125 0.2078125 0.1578125
2 0.8 0.865625 0.178125 0.09375
2 0.8375 0.9625 0.1859375 0.075