0 0.533195734375 0.30244625625 0.54351565 0.257968865625 0.559855521875 0.23128243125 0.5701754375 0.21645663437499998 0.594255246875 0.20756115937500003 0.6200550375 0.206078578125 0.6295149624999999 0.19125278125 0.610595115625 0.15270570625 0.5890952875 0.15270570625 0.57275541875 0.158636025 0.549535603125 0.17494440312499998 0.518575853125 0.1927353625 0.5039559687499999 0.201630834375 0.484176128125 0.210526315625 0.47213622187500004 0.206078578125 0.44375644999999997 0.18828761875 0.41795665625 0.1897702 0.40075679375 0.201630834375 0.38183694375 0.22683469375 0.365497075 0.2564862875 0.351737184375 0.33061526875 0.37409700625000003 0.3825055625 0.378396971875 0.33951075 0.3921568625 0.2920682 0.41021671875 0.257968865625 0.429996559375 0.25500370625 0.454936359375 0.277242403125 0.47815617499999996 0.30541141562499996 0.491916065625 0.352853965625 0.5142758875 0.363232021875 0.5142758875 0.340993328125 0.533195734375 0.30244625625
0 0.54351565 0.690882134375 0.53663570625 0.6760563375 0.524595803125 0.690882134375 0.515995871875 0.708673090625 0.505675953125 0.7309117875 0.49621603125 0.7561156437500001 0.491916065625 0.7664937000000001 0.483316134375 0.767976278125 0.46353629375 0.7664937000000001 0.45235638125 0.7561156437500001 0.44891640937500005 0.7101556718750001 0.4360165125 0.687916975 0.42655658750000003 0.698295034375 0.414516684375 0.738324684375 0.42569659687500006 0.779836915625 0.43945648437499996 0.797627871875 0.456656346875 0.8094885093749999 0.48589611250000003 0.80652335 0.5177158562499999 0.793180134375 0.5538355687500001 0.7709414375 0.565875471875 0.772424015625 0.566735465625 0.73684210625 0.55641555 0.724981465625 0.5529755749999999 0.698295034375 0.54351565 0.690882134375
1 0.9375 0.28125 0.0625 0.1390625
1 0.853125 0.2734375 0.0765625 0.1890625
1 0.7296875 0.271875 0.1203125 0.2515625
1 0.5859375 0.29375 0.121875 0.2109375
1 0.434375 0.31875 0.134375 0.184375
1 0.296875 0.303125 0.0875 0.1546875
1 0.1953125 0.303125 0.0875 0.15
1 0.53125 0.665625 0.078125 0.2
1 0.61875 0.675 0.1046875 0.25625
1 0.6953125 0.7421875 0.0984375 0.2046875
5 0.484375 0.65 0.084375 0.1875
5 0.59375 0.65625 0.096875 0.234375
5 0.515625 0.471875 0.059375 0.140625