0 0.46869625 0.301835278125 0.484176128125 0.348854846875 0.497076021875 0.39435765 0.497076021875 0.37919005 0.49965600312499997 0.07128773125 0.433436534375 0.0576368875 0.378396971875 0.07432125 0.33195734374999997 0.07735476875 0.296697628125 0.07128773125 0.249398003125 0.078871528125 0.20639835 0.078871528125 0.172858615625 0.07432125 0.13673890625000001 0.0910056125 0.137598896875 0.166843621875 0.155658753125 0.178977703125 0.17199862500000002 0.215379946875 0.18833849375 0.273016834375 0.21069831562500002 0.351888365625 0.21757825937500003 0.320036403125 0.233058134375 0.24723191249999998 0.239078084375 0.215379946875 0.254557965625 0.216896709375 0.27347781250000003 0.245715153125 0.28981768125 0.28060063749999997 0.312177503125 0.31851964375 0.33195734374999997 0.327620203125 0.34743722187500004 0.286667675 0.38183694375 0.2396481125 0.40075679375 0.24419839062499998 0.440316478125 0.26088275625 0.46869625 0.301835278125
0 0.40677674374999995 0.627938725 0.3826969375 0.6173214 0.36119711250000003 0.687092371875 0.3328173375 0.7416957375 0.30099759375 0.755346578125 0.28379773125 0.7189443343749999 0.28035775625000003 0.652206884375 0.27433780625000004 0.61580464375 0.252837975 0.649173365625 0.244238046875 0.679508571875 0.22875816875 0.715910815625 0.21155830625 0.7492795375 0.18145855 0.744729259375 0.17113863125 0.717427571875 0.173718609375 0.66282420625 0.16597867187499998 0.649173365625 0.150498796875 0.70377673125 0.137598896875 0.747762778125 0.122119025 0.764447140625 0.11781905625 0.825117546875 0.14275885625 0.8114667062500001 0.164258684375 0.81905050625 0.190918471875 0.834218109375 0.226178190625 0.8448354312499999 0.287237703125 0.8493857125 0.33453732187499996 0.8493857125 0.39387685 0.835734871875 0.42655658750000003 0.825117546875 0.481596146875 0.800849384375 0.497076021875 0.785681784375 0.498796009375 0.65524040625 0.4876161 0.65675716875 0.472996215625 0.6825420875 0.456656346875 0.705293490625 0.422256621875 0.697709690625 0.412796696875 0.68405885 0.40677674374999995 0.627938725
0 0.799793603125 0.60518731875 0.79893360625 0.630972240625 0.79893360625 0.6673744875 0.797213621875 0.705293490625 0.788613690625 0.755346578125 0.7808737531250001 0.77203094375 0.76969384375 0.77203094375 0.755933953125 0.77051418125 0.7361541093749999 0.75382981875 0.72583419375 0.725011375 0.7077743375 0.66434096875 0.703474371875 0.643106325 0.6991744062499999 0.6218716843750001 0.6922944625 0.640072803125 0.68025455625 0.688609128125 0.6673546625 0.7325951749999999 0.64757481875 0.758380103125 0.63123495 0.7523130625000001 0.61661506875 0.7432125 0.60371516875 0.7007432125 0.59597523125 0.66282420625 0.590815275 0.6173214 0.5830753343749999 0.6173214 0.57275541875 0.647656603125 0.565875471875 0.6825420875 0.5555555562500001 0.706810253125 0.5469556250000001 0.71136053125 0.533195734375 0.72046109375 0.518575853125 0.708327015625 0.507395940625 0.7007432125 0.505675953125 0.81905050625 0.5202958375 0.832701346875 0.5452356375 0.8281510687500001 0.55641555 0.850902471875 0.574475403125 0.8584862718749999 0.599415203125 0.872137115625 0.637254903125 0.8857879562500001 0.68111455 0.9055058375 0.734434125 0.9055058375 0.79463364375 0.9024723187499999 0.83505331875 0.8584862718749999 0.87719298125 0.835734871875 0.8849329218750001 0.708327015625 0.8651530781250001 0.7295616593750001 0.8410732718749999 0.708327015625 0.8298933625 0.688609128125 0.816133471875 0.65675716875 0.799793603125 0.60518731875
0 0.79377365 0.23661459062499998 0.803233571875 0.28515091875 0.8049535625 0.324586684375 0.816133471875 0.303352040625 0.831613346875 0.26846655625000004 0.8453732374999999 0.233581071875 0.8651530781250001 0.209312909375 0.87117303125 0.06673745 0.505675953125 0.072804490625 0.505675953125 0.392840890625 0.51169590625 0.35492188750000003 0.522875815625 0.31548611875 0.534055725 0.274533596875 0.5538355687500001 0.248748671875 0.5796353625 0.221446990625 0.604575165625 0.212346428125 0.635534915625 0.22296375 0.6544547625 0.2548157125 0.66649466875 0.3048688 0.67423460625 0.32610344375 0.687134503125 0.332170484375 0.6974544218750001 0.298801759375 0.713794290625 0.25784923125 0.7361541093749999 0.21082966875000003 0.757653940625 0.19869558437499998 0.7757137937499999 0.195662065625 0.79377365 0.23661459062499998
0 0.9399724812500001 0.133474896875 0.9391124874999999 0.115273775 0.92277261875 0.089488853125 0.89955280625 0.065220690625 0.8737530093749999 0.06977096875 0.8651530781250001 0.21082966875000003 0.8797729625 0.216896709375 0.885792915625 0.256332471875 0.89009288125 0.29425147812499997 0.8986928125 0.31245259999999997 0.923632609375 0.24268163125000003 0.933092534375 0.23054755 0.9391124874999999 0.256332471875 0.942552459375 0.28060063749999997 0.94943240625 0.297285 0.967492259375 0.241164871875 0.9769521843750001 0.221446990625 0.9795321625 0.18807826562500002 0.9735122125 0.159259821875 0.959752321875 0.15319278125 0.9545923625 0.168360384375 0.9434124531249999 0.157743059375 0.9399724812500001 0.133474896875
5 0.415625 0.440625 0.1703125 0.328125
5 0.2625 0.4015625 0.1296875 0.3375
5 0.175 0.3953125 0.1046875 0.2921875
5 0.315625 0.6421875 0.0796875 0.1953125
5 0.45 0.64375 0.1046875 0.1328125
5 0.221875 0.65 0.096875 0.16875
5 0.1375 0.6515625 0.0734375 0.215625
5 0.103125 0.396875 0.0796875 0.3046875