0 0 0.508127759375 0.022446359375 0.49584170624999996 0.043946184375 0.5034255062499999 0.07060597187499999 0.518593109375 0.105865690625 0.529210434375 0.166925203125 0.5337607125 0.21422482187499997 0.5337607125 0.27356435 0.520109871875 0.3062440875 0.509492546875 0.361283646875 0.4852243875 0.376763525 0.470056784375 0.37848350937499997 0.33961540625 0.3673036 0.34113216875 0.352683715625 0.36691708749999996 0.336343846875 0.389668490625 0.30194412187499997 0.382084690625 0.292484196875 0.36843385 0.286464246875 0.312313725 0.2623844375 0.30169640000000003 0.2408846125 0.371467371875 0.2125048375 0.4260707375 0.180685090625 0.439721578125 0.16348523125 0.403319334375 0.16004525625 0.33658188437500003 0.15402530625 0.300179640625 0.132525475 0.333548365625 0.12392554375 0.36388356875 0.10844567187500001 0.40028581562500004 0.091245809375 0.4336545375 0.06114604999999999 0.429104259375 0.050826131249999996 0.40180257187499996 0.053406109375 0.34719920625 0.045666171875 0.333548365625 0.03018629375 0.38815173125 0.0172864 0.432137778125 0.0018065218750000001 0.44882214062500003 0 0.4743113 0 0.508127759375
0 0.43524305625000004 0.391185253125 0.426643125 0.39573553125 0.412883234375 0.40483609375 0.39826335 0.3927020125 0.387083440625 0.3851182125 0.385363453125 0.5034255062499999 0.39998333750000004 0.5170763468749999 0.4249231375 0.51252606875 0.43610305 0.535277471875 0.454162903125 0.542861275 0.479102703125 0.556512115625 0.5169424031250001 0.57016295625 0.5390625 0.5801074374999999 0.5390625 0.42737243124999996 0.52726231875 0.442755103125 0.51092245 0.43668806250000003 0.49630256875 0.4275875 0.48340266875 0.3851182125 0.47566273125 0.34719920625 0.47050277500000004 0.30169640000000003 0.462762834375 0.30169640000000003 0.45244291875 0.332031603125 0.445562971875 0.36691708749999996 0.43524305625000004 0.391185253125
5 0.29375 0.14375 0.1703125 0.2875
5 0.14375 0.128125 0.1296875 0.2546875
5 0.05625 0.1125 0.1046875 0.225
5 0.196875 0.3265625 0.0796875 0.1953125
5 0.3296875 0.328125 0.1046875 0.1328125
5 0.103125 0.334375 0.096875 0.16875
5 0.0265625 0.3359375 0.053125 0.215625
5 0.0109375 0.1171875 0.021875 0.234375
0 1 0.336397059375 0.9995506531249999 0.3357230375 0.98831699375 0.315808825 0.9811683 0.292830884375 0.9709558812499999 0.28517156875 0.96176470625 0.28517156875 0.95257353125 0.302022059375 0.929084965625 0.331127453125 0.919893790625 0.325 0.9066176468749999 0.302022059375 0.899468953125 0.28670343125 0.88517156875 0.28670343125 0.8780228781250001 0.309681371875 0.869852940625 0.343382353125 0.86168300625 0.36789215625 0.85249183125 0.37248774375 0.840236928125 0.369424021875 0.831045753125 0.36176470625 0.82287581875 0.337254903125 0.8177696093750001 0.31427696250000003 0.803472221875 0.315808825 0.78508986875 0.340318628125 0.77487745 0.37555146875 0.7585375812499999 0.40772058749999995 0.7452614375 0.416911765625 0.734027778125 0.40772058749999995 0.723815359375 0.389338234375 0.710539215625 0.36176470625 0.70236928125 0.332659315625 0.694199346875 0.302022059375 0.6860294125 0.292830884375 0.674795753125 0.309681371875 0.6533496750000001 0.328063725 0.6421160125 0.321936275 0.6267973875 0.30661764687500004 0.6125 0.28823529375 0.6104575156250001 0.308149509375 0.623733659375 0.346446078125 0.63496731875 0.358700978125 0.6523284312500001 0.369424021875 0.666625815625 0.37401960624999997 0.688071896875 0.403125 0.7146241843750001 0.426102940625 0.7483251656250001 0.44601715625000005 0.7779411781250001 0.45214460624999997 0.8126633968749999 0.45367646875 0.8433006531249999 0.45367646875 0.8892565375 0.44295343125000003 0.926021240625 0.436825978125 0.980147059375 0.42763480625000005 1 0.43188900625000004 1 0.336397059375
1 0.8546875 0.028125 0.103125 0.0546875
2 0.2515625 0.89375 0.234375 0.2109375
2 0.1078125 0.9828125 0.171875 0.034375
0 0.3546875 0.7078125 0.36875 0.078125
0 0.3296875 0.8671875 0.415625 0.265625
0 0.660695321875 0.73353904375 0.681703725 0.7212841375 0.74472893125 0.726536240625 0.768071603125 0.76155024375 0.7995842093750001 0.78255865 0.808921275 0.740541840625 0.8135898125000001 0.691522234375 0.779742940625 0.6740152312500001 0.765702325 0.66875 0.67496790625 0.66875 0.65019111875 0.68802083125 0.603505778125 0.6967743343749999 0.570826040625 0.6967743343749999 0.5390625 0.6967743343749999 0.5390625 0.75041234375 0.5731603062499999 0.78606005 0.6081743125 0.805317753125 0.626848446875 0.78255865 0.64085405 0.7562981468750001 0.660695321875 0.73353904375
4 0.846875 0.7703125 0.08125 0.11875
4 0.925 0.76875 0.084375 0.1015625
4 0.709375 0.803125 0.1421875 0.15
4 0.56875 0.796875 0.059375 0.1453125
5 0.6421875 0.9796875 0.078125 0.040625
5 0.8296875 0.984375 0.0875 0.0296875
3 0.6421875 0.95625 0.084375 0.0875
3 0.73125 0.96875 0.090625 0.0625
3 0.8296875 0.9734375 0.090625 0.053125
3 0.571875 0.840625 0.065625 0.2578125
3 0.70625 0.821875 0.15625 0.2359375