0 0 0.166588353125 0.014186124999999999 0.19819244687499998 0.03052599375 0.255829334375 0.052885815625 0.334700865625 0.059765759375000005 0.302848903125 0.07524563437500001 0.2300444125 0.081265584375 0.19819244687499998 0.0967454625 0.199709209375 0.1156653125 0.228527653125 0.13200518125 0.2634131375 0.154365003125 0.30133214375 0.174144846875 0.310432703125 0.18962471875 0.269480175 0.22402444375 0.22246061250000002 0.24294429375 0.227010890625 0.282503978125 0.24369525625000002 0.31088375 0.284647778125 0.326363628125 0.331667346875 0.339263525 0.37717015 0.339263525 0.36200255000000003 0.341843503125 0.05410023125 0.275624034375 0.0404493875 0.220584471875 0.057133750000000004 0.174144846875 0.06016726875 0.138885128125 0.05410023125 0.091585503125 0.061684028125 0.04858585 0.061684028125 0.015046115625 0.057133750000000004 0 0.06408383125 0 0.166588353125
0 0.347863453125 0.055616990624999994 0.347863453125 0.375653390625 0.35388340625 0.3377343875 0.36506331875 0.29829861874999997 0.376243228125 0.257346096875 0.39602306875000004 0.231561171875 0.4218228625 0.204259490625 0.4296875 0.201389675 0.4296875 0.054258759375 0.347863453125 0.055616990624999994
5 0.25625 0.384375 0.1703125 0.2515625
5 0.10625 0.3625 0.1296875 0.29375
5 0.034375 0.3703125 0.06875 0.278125
0 0.500306371875 0.1375 0.52890114375 0.19724264687499998 0.562602125 0.19724264687499998 0.580984475 0.203370096875 0.5922181375 0.186519609375 0.609579246875 0.12830882500000002 0.638174021875 0.10686274375 0.654513890625 0.062438724999999994 0.62285539375 0.05324755 0.5860906875 0.0639705875 0.56770833125 0.12830882500000002 0.534007353125 0.155882353125 0.510518790625 0.09460784375 0.46660539375 0.05324755 0.43801061875 0.02261029375 0.43392565312500003 0.067034315625 0.47886029375000005 0.10073529375000001 0.500306371875 0.1375
0 0.718852125 0.249325978125 0.734170753125 0.20796568437500002 0.7545955875 0.157414215625 0.783190359375 0.11145833125 0.777062909375 0.085416665625 0.7484681375 0.080821078125 0.724979575 0.120649509375 0.6974060468750001 0.1359681375 0.68208741875 0.108394609375 0.664726309375 0.06550245 0.651450165625 0.076225490625 0.638174021875 0.109926471875 0.671875 0.1512867625 0.68821486875 0.20643382500000002 0.70251225625 0.247794115625 0.718852125 0.249325978125
0 0.7586805562500001 0.48982843125000003 0.747734478125 0.509375 0.7932977375 0.509375 0.7903390531250001 0.49901960624999997 0.781147875 0.460723040625 0.763786765625 0.446936275 0.7586805562500001 0.48982843125000003
3 0.440625 0.4078125 0.0234375 0.203125
3 0.559375 0.253125 0.0703125 0.1140625
3 0.5515625 0.4265625 0.09375 0.165625
3 0.871875 0.26875 0.0640625 0.153125
3 0.95625 0.215625 0.0828125 0.196875
0 0.8747446875 0.775398284375 0.900275734375 0.7983762249999999 0.901296975 0.7769301468750001 0.9043607031249999 0.7371017156249999 0.8890420750000001 0.703400734375 0.876787171875 0.66969975625 0.858404821875 0.6436580875 0.841043709375 0.626807596875 0.8144914218749999 0.61148896875 0.8001940375000001 0.606893384375 0.777726715625 0.606893384375 0.737898284375 0.6314031875 0.72870710625 0.6467218124999999 0.7031760625000001 0.648253678125 0.6470077625 0.66816789375 0.6419015531250001 0.7202512249999999 0.664368871875 0.74629289375 0.7052185468750001 0.75548406875 0.7154309624999999 0.761611521875 0.741983253125 0.779993871875 0.754238153125 0.8075673999999999 0.76955678125 0.8152267156249999 0.771599265625 0.792248775 0.771599265625 0.761611521875 0.773641746875 0.727910540625 0.773641746875 0.68655024375 0.77568423125 0.66510416875 0.7807904406249999 0.657444853125 0.802236521875 0.66510416875 0.8216401156250001 0.67889093125 0.8359375 0.714123775 0.84921364375 0.734037990625 0.8635110312500001 0.75854779375 0.8747446875 0.775398284375
3 0.9140625 0.9640625 0.115625 0.071875