0 0.586999590625 0.3000919125 0.594148284375 0.26485906875 0.611509396875 0.258731615625 0.64214665 0.25566789375 0.6595077625 0.25566789375 0.6778901125 0.284773284375 0.697293709375 0.284773284375 0.7218035125 0.26485906875 0.743249590625 0.260263478125 0.7483558 0.27558210625 0.75856821875 0.283241421875 0.78205678125 0.26945465625 0.8045241031250001 0.24800857812500002 0.8382250812500001 0.234221815625 0.857628675 0.203584559375 0.849458740625 0.159160540625 0.78512050625 0.1361826 0.7279309625 0.1361826 0.6686989375 0.14537377499999998 0.611509396875 0.157628675 0.5778084156250001 0.1622242625 0.5144914218750001 0.156096815625 0.5 0.157768903125 0.5 0.26668641875 0.5287888093750001 0.258731615625 0.5441074343750001 0.26792279375 0.561468546875 0.292432596875 0.586999590625 0.3000919125
5 0.1859375 0.4765625 0.078125 0.075
5 0.1484375 0.540625 0.0546875 0.075
0 1 0.85243054375 0.993530190625 0.8690671999999999 0.9795245875 0.8749642968750001 0.964740896875 0.86611865 0.946066759375 0.830736078125 0.9359516031249999 0.7953535031250001 0.914165109375 0.796827778125 0.90482804375 0.839581721875 0.892378615625 0.85874728125 0.878373015625 0.8513759125 0.865145503125 0.8189418875 0.8573646125 0.7924049531249999 0.8441371 0.754073834375 0.8200163406250001 0.77618794375 0.8114573625 0.8159933374999999 0.79745175625 0.82778753125 0.78967086875 0.830736078125 0.775665265625 0.813044790625 0.7624377531250001 0.77618794375 0.746875971875 0.777662215625 0.73209228125 0.802724871875 0.726645659375 0.8159933374999999 0.7165305 0.8366331718750001 0.70563725625 0.82778753125 0.69863445625 0.802724871875 0.6892973875 0.787982134375 0.6807384062499999 0.75554810625 0.6675108937500001 0.7702908468749999 0.6589519125 0.796827778125 0.649614846875 0.8233647062499999 0.641055865625 0.848427365625 0.624715996875 0.8690671999999999 0.613822753125 0.8675929218749999 0.606041859375 0.845478815625 0.601373328125 0.808621965625 0.6005952375 0.777662215625 0.5881458125 0.77176511875 0.575696390625 0.7806107625 0.567137409375 0.8012506 0.53912620625 0.8159933374999999 0.5274548718750001 0.8204161593749999 0.5204520687499999 0.808621965625 0.5227863375 0.742279640625 0.511893090625 0.745228190625 0.50022175625 0.765868025 0.5 0.766261934375 0.5 0.897078403125 0.5041122 0.897078403125 0.529011046875 0.9280381562500001 0.54301665 0.9265638812500001 0.557022253125 0.89265558125 0.5725840343749999 0.849901640625 0.5811430125 0.84253026875 0.5811430125 0.888232759375 0.5881458125 0.929512428125 0.597482884375 0.93983235 0.6200474625 0.94425516875 0.637165421875 0.938358075 0.649614846875 0.9103468687499999 0.665176625 0.88086139375 0.676069871875 0.8867584875000001 0.678404140625 0.9118211437499999 0.678404140625 0.9354095250000001 0.704081078125 0.958997909375 0.7235332999999999 0.9560493593749999 0.753100684375 0.948677990625 0.7795557125 0.9531008125 0.813013540625 0.9545750843749999 0.8309095875000001 0.9501522625 0.8472494562499999 0.917718240625 0.8589207906249999 0.895604128125 0.8604769687499999 0.942780896875 0.865145503125 0.9737406500000001 0.886931996875 0.998803303125 0.8888267624999999 1 1 1 1 0.85243054375
5 0.51875 0.528125 0.0375 0.1796875
5 0.5703125 0.5375 0.06875 0.1953125
5 0.8703125 0.6 0.0578125 0.146875
1 0.690625 0.603125 0.084375 0.1359375
1 0.7203125 0.753125 0.0640625 0.1328125
1 0.796875 0.753125 0.075 0.1765625
1 0.884375 0.759375 0.075 0.1921875
1 0.965625 0.771875 0.06875 0.1828125