0 0 0.4390625 0.275434475 0.4390625 0.2880341875 0.4325511625 0.300854703125 0.4325511625 0.3075483 0.4390625 0.40149275937500006 0.4390625 0.40555555625000006 0.43402348437500005 0.41339031249999997 0.43844044374999996 0.414092471875 0.4390625 0.4890625 0.4390625 0.4890625 0.328770984375 0.48247863124999996 0.355990503125 0.473931621875 0.37071370937500003 0.44757834687500003 0.379547628125 0.442592590625 0.3456842625 0.439743590625 0.30151465 0.43475783437500004 0.26765128125 0.41481481249999996 0.224953990625 0.40698005625 0.23231559375000002 0.39415954375 0.27795752500000004 0.382051284375 0.317710171875 0.373504271875 0.338322659375 0.366381765625 0.363352103125 0.358547009375 0.39132619375 0.35498575625 0.395743153125 0.34358974375 0.379547628125 0.334330484375 0.338322659375 0.334330484375 0.310348571875 0.32507122499999996 0.263234321875 0.323646725 0.220537028125 0.311538459375 0.196979903125 0.30227919999999997 0.204341503125 0.29373219375000004 0.22937095 0.2873219375 0.2691236 0.285897434375 0.30004233125 0.28162393125 0.354518184375 0.276638175 0.376602990625 0.271652421875 0.38838154999999996 0.26951566875 0.38838154999999996 0.251709403125 0.37365835000000003 0.24245014375 0.361879784375 0.233903134375 0.332433378125 0.232478634375 0.31623785312499997 0.227492878125 0.286791446875 0.22535612500000002 0.261762 0.21253561250000003 0.23967719375000002 0.20683760625 0.21464774687500002 0.19971509999999998 0.22789863124999998 0.186182334375 0.2691236 0.18119658125 0.302986971875 0.17692307499999999 0.33537801875 0.17264957187500002 0.348628903125 0.157692309375 0.3604074625 0.139886040625 0.35893514375 0.13347578437500002 0.325071775 0.127065528125 0.288263765625 0.121367521875 0.23967719375000002 0.1128205125 0.21612006875 0.107834759375 0.23378791250000003 0.09715099687499999 0.272068240625 0.085042734375 0.31476553125 0.071509971875 0.35304586250000003 0.065099715625 0.36776906875000004 0.054415956249999994 0.38249226875 0.04444444375 0.389853871875 0.024501425 0.383964590625 0.01666666875 0.3456842625 0.0131054125 0.30740393125 0.010256412500000001 0.270595921875 0.008119659375000001 0.24703879374999999 0.0031339031250000003 0.23526023437500002 0 0.234990309375 0 0.4390625
0 0.348689046875 0.781595165625 0.32116926874999996 0.791973221875 0.177550415625 0.8097641781249999 0.139710721875 0.81865965625 0.1121909375 0.8127293375000001 0.094131084375 0.83052029375 0.060591353125000004 0.8631370437499999 0.10359100624999999 0.8646196249999999 0.15691058125 0.8824105843750001 0.195610271875 0.8675847875 0.23086999062500002 0.8675847875 0.2798896 0.8675847875 0.322029259375 0.874997684375 0.365888909375 0.857206725 0.365028915625 0.8156944968750001 0.348689046875 0.781595165625
5 0.85625 0.975 0.0359375 0.0484375
5 0.8875 0.978125 0.0203125 0.034375
5 0.753125 0.971875 0.03125 0.0515625
4 0.725 0.9046875 0.0203125 0.040625
4 0.784375 0.9125 0.03125 0.0515625
4 0.9 0.9046875 0.028125 0.0453125
4 0.803125 0.96875 0.0328125 0.053125
4 0.721875 0.98125 0.0203125 0.0375
4 0.6921875 0.984375 0.01875 0.03125
0 0.7984375 0.98125 0.025 0.0375