0 0 0.24157475625 0.0041666656250000005 0.24469975625 0.012336603125 0.25082720625 0.021527778125 0.24316789375 0.0358251625 0.247763478125 0.03991013125 0.2125306375 0.06339869375 0.192616421875 0.10424836562499999 0.192616421875 0.1297794125 0.197212009375 0.14305555625 0.206403184375 0.153267975 0.2247855375 0.15939542499999998 0.24469975625 0.164501634375 0.26461396875 0.171650328125 0.284528184375 0.184926471875 0.307506128125 0.1859477125 0.305974265625 0.19922385625 0.269209559375 0.20228758125000001 0.2140625 0.21760620937500003 0.194148284375 0.231903596875 0.181893384375 0.26662581875 0.17729779375000002 0.283986928125 0.181893384375 0.30543300625 0.191084559375 0.313602940625 0.206403184375 0.322794115625 0.23091299062499998 0.3248366 0.25542279375 0.33096405 0.25542279375 0.36466503125 0.24316789375 0.38508986875 0.24010416562499998 0.4126634 0.24010416562499998 0.43513071875 0.24316789375 0.444321896875 0.273805146875 0.45351307187499995 0.24010416562499998 0.43921568750000006 0.18036151875 0.433088234375 0.15738357812499998 0.416748365625 0.077726715625 0.397344771875 0.042493871875 0.377941175 0.036366421875 0.31053921562500003 0.059344362500000004 0.274795753125 0.07619485312499999 0.21556372499999998 0.09304534375 0.153267975 0.09457720625 0.083823528125 0.09457720625 0.0358251625 0.080790440625 0.00008170000000000001 0.073131128125 0 0.073111978125 0 0.24157475625
2 0.303125 0.2515625 0.05 0.1
4 0.24375 0.471875 0.0671875 0.0734375
4 0.159375 0.45625 0.0671875 0.10625
4 0.065625 0.4625 0.059375 0.0953125
4 0.340625 0.471875 0.084375 0.0765625
4 0.765625 0.04375 0.1375 0.0875
4 0.9125 0.084375 0.084375 0.11875
4 0.984375 0.278125 0.03125 0.153125
5 0.3109375 0.940625 0.01875 0.025
5 0.3890625 0.9484375 0.01875 0.028125
2 0.91875 0.821875 0.1625 0.2546875