0 0.39460784375 0.152481615625 0.380310459375 0.149417890625 0.36805555624999997 0.140226715625 0.35886438125 0.16320465625 0.340482028125 0.176991421875 0.32107843125 0.170863971875 0.30882353125 0.166268384375 0.292483659375 0.14175857812499998 0.28431372499999996 0.13409926249999998 0.263888890625 0.144822303125 0.246527778125 0.15554534375 0.23835784375000002 0.170863971875 0.215890525 0.17239583125 0.186274509375 0.20762867499999998 0.174019609375 0.23979779375 0.18831699375 0.253584559375 0.20567810312499998 0.252052696875 0.229166665625 0.230606615625 0.246527778125 0.219883578125 0.270016340625 0.219883578125 0.298611109375 0.216819853125 0.329248365625 0.22754289375 0.35988561875 0.232138478125 0.398692809375 0.22141544062500002 0.43443627500000004 0.204564953125 0.47426470624999995 0.20150122499999998 0.5140931375 0.20609681562499998 0.5296875 0.20969551250000001 0.5296875 0.138021790625 0.52736928125 0.135631128125 0.5202205875 0.13869485312500002 0.512050653125 0.15707720625 0.496732028125 0.15401348125 0.48651960625 0.147886028125 0.469158496875 0.140226715625 0.4517973875 0.144822303125 0.42830882187499997 0.15094975625 0.40890522812499996 0.152481615625 0.39460784375 0.152481615625
3 0.2140625 0.0484375 0.096875 0.096875
3 0.1625 0.159375 0.0890625 0.25
3 0.1515625 0.03125 0.065625 0.0625
3 0.5 0.078125 0.05625 0.15625
2 0.621875 0.19375 0.184375 0.1453125
5 0.3828125 0.975 0.0265625 0.025
5 0.4140625 0.96875 0.01875 0.028125
5 0.453125 0.975 0.0203125 0.03125
5 0.4828125 0.978125 0.0203125 0.0234375
5 0.51875 0.9828125 0.01875 0.01875
5 0.34375 0.9703125 0.0171875 0.015625
5 0.359375 0.921875 0.0234375 0.015625
5 0.4 0.925 0.0125 0.015625
5 0.3265625 0.921875 0.01875 0.0171875
3 0.509375 0.96875 0.0421875 0.0390625
3 0.471875 0.96875 0.04375 0.0421875
3 0.434375 0.965625 0.0390625 0.0390625
3 0.4 0.9609375 0.0359375 0.034375
3 0.36875 0.9671875 0.040625 0.0359375
3 0.525 0.971875 0.0109375 0.0328125
4 0.9890625 0.8265625 0.021875 0.046875
4 0.9609375 0.9046875 0.0265625 0.0421875
4 0.9953125 0.909375 0.009375 0.046875
4 0.91875 0.9 0.0265625 0.034375