0 0 0.235807990625 0.02236519375 0.23428308750000001 0.03666258125 0.24653799062499998 0.055044934375 0.26492034375 0.067299834375 0.3032169125 0.079554740625 0.34457720625 0.08466095 0.33844975625 0.092830884375 0.321599265625 0.10304329999999999 0.295557596875 0.11836192812499999 0.26951593125 0.128574346875 0.27257965624999997 0.140829246875 0.283302696875 0.15104166875 0.3078125 0.16636029375 0.34304534375 0.18372140625 0.353768384375 0.19699754687499998 0.333854165625 0.20925245312500002 0.310876225 0.21640114375000002 0.27870710625 0.23069853125 0.25879289375000003 0.255208334375 0.26032475625 0.27767565312500003 0.26798406875 0.29503676562500003 0.294025734375 0.301164215625 0.317003675 0.30933415000000003 0.327726715625 0.311376634375 0.321599265625 0.314440359375 0.295557596875 0.302185459375 0.26951593125 0.28073938125 0.23887867499999998 0.268484475 0.20977328437499998 0.251123365625 0.18832720625 0.234783496875 0.16075367499999998 0.21333741874999998 0.1500306375 0.19699754687499998 0.15922181562499998 0.1735089875 0.19292279375000002 0.152062909375 0.19905024375 0.121425653125 0.19292279375000002 0.10304329999999999 0.183731615625 0.048917484375 0.1638174 0 0.155510659375 0 0.235807990625
3 0.0671875 0.5875 0.134375 0.1609375
3 0.046875 0.3421875 0.09375 0.278125
3 0.23125 0.56875 0.0859375 0.1703125
3 0.6265625 0.05 0.078125 0.1
3 0.6875 0.0140625 0.0578125 0.028125
2 0.1375 0.85625 0.1765625 0.2734375
1 0.56875 0.7515625 0.0421875 0.0640625
1 0.453125 0.75625 0.0265625 0.053125
1 0.40625 0.759375 0.0328125 0.05625
5 0.6953125 0.778125 0.0421875 0.08125