0 0.22785947499999998 0.12175245312500001 0.170669934375 0.14013480312499998 0.123692809375 0.161580884375 0.087949346875 0.1814951 0.06139705937499999 0.21213235312499998 0.04607843125 0.256556371875 0.047206778125 0.2796875 0.1328839875 0.2796875 0.1328839875 0.265747546875 0.13696895625 0.238174021875 0.14922385625 0.24123774375 0.157393790625 0.256556371875 0.167450803125 0.2796875 0.230265521875 0.2796875 0.237050653125 0.256556371875 0.254411765625 0.21519607812500002 0.271772875 0.199877453125 0.294240196875 0.1983455875 0.30853758125 0.210600490625 0.326919934375 0.22898284375000003 0.3391748375 0.2672794125 0.34285130625 0.2796875 0.36704873125000004 0.2796875 0.3749183 0.259620096875 0.3796875 0.251512459375 0.3796875 0.15017871562500001 0.3749183 0.147794115625 0.32079248437499996 0.1278799 0.26666666562499997 0.11868872500000001 0.22785947499999998 0.12175245312500001
3 0.296875 0.225 0.140625 0.109375
1 0.375 0.63125 0.009375 0.0890625
2 0.334375 0.65 0.04375 0.059375
4 0.703125 0.428125 0.0421875 0.1796875
4 0.6296875 0.4203125 0.0609375 0.1890625
4 0.9828125 0.4375 0.034375 0.2390625
4 0.771875 0.475 0.109375 0.2359375
4 0.8984375 0.46875 0.15 0.2359375
4 0.5734375 0.415625 0.0625 0.1703125
4 0.6015625 0.615625 0.04375 0.1109375
4 0.6671875 0.615625 0.05 0.146875
4 0.734375 0.6484375 0.0515625 0.1078125
4 0.821875 0.65 0.0375 0.109375
4 0.896875 0.640625 0.05625 0.1