0 0.323733659375 0.356924021875 0.334967321875 0.369178921875 0.351307190625 0.381433825 0.35539215625 0.3890931375 0.36356209375000004 0.3921568625 0.370710784375 0.3921568625 0.37581699375 0.3890931375 0.38194444375000003 0.378370096875 0.398284315625 0.346200978125 0.407475490625 0.330882353125 0.415645425 0.320159315625 0.42892156875 0.3125 0.443218953125 0.30943627500000004 0.45547385625 0.30943627500000004 0.470792484375 0.3232230375 0.48202614375 0.34160539375 0.494281046875 0.35998774375 0.503472221875 0.3799019625 0.514705884375 0.3952205875 0.521854575 0.399816175 0.5381944437499999 0.3860294125 0.5545343125 0.364583334375 0.56474673125 0.35386029375 0.583129084375 0.344669115625 0.607638890625 0.34007353125 0.627042484375 0.346200978125 0.633169934375 0.369178921875 0.640318628125 0.390625 0.64746731875 0.398284315625 0.66176470625 0.3952205875 0.690359475 0.378370096875 0.7015931375 0.367647059375 0.709763071875 0.34926470625 0.709763071875 0.335477940625 0.7015931375 0.31556372499999996 0.679125815625 0.320159315625 0.6546160125 0.31556372499999996 0.630106209375 0.3017769625 0.60559640625 0.295649509375 0.566789215625 0.306372546875 0.534109475 0.324754903125 0.526960784375 0.324754903125 0.509599675 0.3140318625 0.481004903125 0.278799021875 0.456495096875 0.268075978125 0.41973039375 0.266544115625 0.37888071874999996 0.29871323437499997 0.374795753125 0.318627453125 0.37275326875000003 0.330882353125 0.344158496875 0.321691175 0.32271241875 0.31556372499999996 0.306372546875 0.3140318625 0.27573529375 0.30943627500000004 0.254289215625 0.3109681375 0.224673203125 0.29871323437499997 0.202205884375 0.294117646875 0.1797385625 0.327818628125 0.1889297375 0.378370096875 0.19097222187500001 0.382965684375 0.20731209375 0.381433825 0.21956699375 0.35079656875 0.23590686249999998 0.346200978125 0.248161765625 0.35386029375 0.254289215625 0.375306371875 0.25837418125 0.384497546875 0.2685866 0.399816175 0.276756534375 0.401348040625 0.280841503125 0.396752453125 0.2890114375 0.372242646875 0.2982026125 0.36151960625 0.3125 0.356924021875 0.323733659375 0.356924021875
0 0.40441176562500003 0.657169115625 0.420751634375 0.646446078125 0.443218953125 0.657169115625 0.44219771249999995 0.686274509375 0.46160130937500005 0.690870096875 0.476919934375 0.686274509375 0.48508986875 0.67861519375 0.49734477187500004 0.66636029375 0.50857843125 0.65410539375 0.522875815625 0.6755514687499999 0.533088234375 0.690870096875 0.540236928125 0.6924019593749999 0.5514705875 0.6924019593749999 0.559640525 0.687806371875 0.573937909375 0.669424021875 0.58517156875 0.66176470625 0.604575165625 0.66176470625 0.625 0.670955884375 0.64950980625 0.67861519375 0.6689134 0.681678921875 0.67401960625 0.700061275 0.6944444437499999 0.7046568625 0.699550653125 0.6985294125 0.706699346875 0.686274509375 0.7077205875 0.67248774375 0.70261438125 0.643382353125 0.696486928125 0.6295955875 0.69138071875 0.606617646875 0.6842320281250001 0.592830884375 0.678104575 0.580575978125 0.66789215625 0.592830884375 0.6627859468749999 0.6142769593749999 0.659722221875 0.628063725 0.64950980625 0.640318628125 0.6311274499999999 0.641850490625 0.6209150343750001 0.6357230406250001 0.607638890625 0.612745096875 0.60049019375 0.58823529375 0.593341503125 0.565257353125 0.579044115625 0.566789215625 0.57495915 0.58976715625 0.5678104562499999 0.6188725500000001 0.56474673125 0.643382353125 0.5422794125 0.638786765625 0.5259395437500001 0.6234681375 0.510620915625 0.611213234375 0.50551470625 0.60049019375 0.472834965625 0.6204044125 0.45955882187499997 0.638786765625 0.451388890625 0.6265318625 0.44219771249999995 0.611213234375 0.42892156875 0.58210784375 0.41666666875 0.57138480625 0.3952205875 0.58670343125 0.377859475 0.6204044125 0.370710784375 0.615808821875 0.360498365625 0.59589460625 0.348243465625 0.5744485312500001 0.333946078125 0.5575980406250001 0.314542484375 0.57138480625 0.307393790625 0.58976715625 0.297181371875 0.605085784375 0.28186274375 0.6173406875 0.27267156875 0.625 0.26143790624999996 0.6204044125 0.257352940625 0.58823529375 0.257352940625 0.57291666875 0.255310459375 0.556066178125 0.23999183125 0.566789215625 0.23284313750000002 0.59436274375 0.226715684375 0.606617646875 0.218545753125 0.606617646875 0.20935457500000001 0.603553921875 0.1919934625 0.621936275 0.19607843125 0.644914215625 0.211397059375 0.66636029375 0.221609475 0.6755514687499999 0.23590686249999998 0.67861519375 0.2685866 0.690870096875 0.278799021875 0.690870096875 0.30228758125 0.65563725625 0.320669934375 0.637254903125 0.34109477187500004 0.634191178125 0.358455884375 0.64950980625 0.364583334375 0.669424021875 0.380923203125 0.686274509375 0.3952205875 0.684742646875 0.40441176562500003 0.657169115625
4 0.784375 0.4125 0.071875 0.1625
4 0.9015625 0.375 0.065625 0.1078125
4 0.1703125 0.4078125 0.075 0.1171875
4 0.23125 0.396875 0.075 0.15
4 0.1109375 0.34375 0.0671875 0.109375
4 0.353125 0.45625 0.090625 0.134375
4 0.50625 0.58125 0.0625 0.10625
4 0.4140625 0.578125 0.0625 0.078125
4 0.84375 0.421875 0.0546875 0.11875