0 0.381424053125 0 0.377965153125 0.029197903125 0.3751234375 0.064805096875 0.35665228125000004 0.11540479687500001 0.343154128125 0.132271365625 0.32397254062499997 0.151011996875 0.30550138437499996 0.158508246875 0.298397096875 0.167878559375 0.2969762375 0.19598950625 0.291292803125 0.252211390625 0.2799259375 0.308433284375 0.27211121875 0.31967765937500003 0.255060921875 0.329047971875 0.23374804375 0.334670165625 0.217408175 0.325299846875 0.207462171875 0.3271739125 0.21172474375 0.362781109375 0.20888302812499998 0.42837331562500003 0.205330884375 0.46772863437499995 0.195384871875 0.49771364062499995 0.181886721875 0.49021739062499997 0.13997140624999999 0.469602696875 0.1278941125 0.43399550312499996 0.13144625625 0.46772863437499995 0.1413922625 0.50333583125 0.15275913125 0.5258245875 0.165546853125 0.544565215625 0.177624146875 0.5576836593750001 0.18543886874999999 0.555809596875 0.211014315625 0.5408170906249999 0.21882903437499998 0.5202024 0.22664375625000002 0.48834332812500003 0.2280646125 0.486469265625 0.23303761562499997 0.45461019374999995 0.23161675937499998 0.409632684375 0.23587933125 0.41525487187500004 0.246535771875 0.419003 0.271400790625 0.417128934375 0.287740659375 0.40026236875 0.30265966875 0.3833958 0.309763959375 0.357158921875 0.318289109375 0.31967765937500003 0.320420396875 0.299062971875 0.32681425625 0.25595952187500004 0.32894554375 0.24284107812500003 0.33889155 0.192241378125 0.355941853125 0.18849325625 0.371571290625 0.18287106250000001 0.3836485875 0.15476011875 0.39501545312499997 0.13601949062500002 0.40425103125 0.0854197875 0.39785716875 0.0160794625 0.39346842187500003 0 0.381424053125 0
2 0.703125 0.6625 0.034375 0.0453125
5 0.721875 0.684375 0.0234375 0.040625
5 0.70625 0.728125 0.065625 0.075
5 0.74375 0.8125 0.03125 0.0328125
5 0.746875 0.859375 0.0421875 0.0515625
5 0.778125 0.90625 0.04375 0.05
5 0.809375 0.946875 0.028125 0.0390625
5 0.846875 0.965625 0.0203125 0.0296875
5 0.890625 0.965625 0.0359375 0.0515625
5 0.93125 0.95625 0.0546875 0.0546875
5 0.9765625 0.9046875 0.046875 0.065625
5 0.990625 0.846875 0.0171875 0.0640625
1 0.925 0.940625 0.0375 0.046875
1 0.9640625 0.9078125 0.0390625 0.0625
1 0.9 0.95 0.028125 0.046875
1 0.840625 0.9609375 0.034375 0.0375
1 0.809375 0.946875 0.046875 0.0375
1 0.78125 0.9125 0.046875 0.0578125
3 0.896875 0.965625 0.05 0.0671875
3 0.853125 0.9671875 0.04375 0.0609375