0 0 0.267787115625 0.011397059375 0.261274509375 0.0297794125 0.262806371875 0.059395425 0.285784315625 0.094117646875 0.30876225625 0.1267973875 0.31642156875 0.160498365625 0.31948529375 0.1921568625 0.32101715625 0.20849673124999998 0.310294115625 0.215645425 0.2796568625 0.21973039375 0.258210784375 0.21870915000000002 0.21991421562500002 0.215645425 0.196936275 0.206454246875 0.15863970624999998 0.20236928125000003 0.121875 0.196241828125 0.08357843125 0.182965684375 0.07438725625 0.174795753125 0.08204656875 0.16968954375 0.111151959375 0.154370915625 0.15251225625 0.140073528125 0.175490196875 0.120669934375 0.15863970624999998 0.11658496562500001 0.1341299 0.11352124062499999 0.094301471875 0.08492647187499999 0.08511029375 0.071650325 0.098897059375 0.058374181250000004 0.131066175 0.048161765625000005 0.14791666875 0.045098040625 0.14791666875 0.03488561875 0.140257353125 0.027736928124999997 0.124938725 0.01650326875 0.103492646875 0 0.088930940625 0 0.267787115625
0 1 0.082618309375 0.99601715625 0.08387605000000001 0.9773430218750001 0.08212535 0.95283321875 0.040108543749999996 0.9271562781249999 0.03660714375 0.9213206093749999 0.08562675 0.9540003499999999 0.08387605000000001 0.9633374187499999 0.136397059375 0.984345821875 0.18366596562499998 1 0.17844790625 1 0.082618309375
0 0.9143178125 0.08212535 0.9178192125000001 0.033105740625000005 0.8828052062499999 0.040108543749999996 0.8501254656249999 0.061116946875 0.8197799937499999 0.033105740625000005 0.79060165625 0.02260154375 0.76842611875 0.03660714375 0.782431721875 0.059366246874999994 0.80927579375 0.068119746875 0.834952728125 0.092629553125 0.843122665625 0.12239145625 0.8617967999999999 0.13114495625 0.8769695375 0.11188725625 0.8851394718750001 0.09087885 0.9143178125 0.08212535
0 0.766091853125 0.052363446875 0.766091853125 0.013848040624999999 0.72757645 0.029604340624999996 0.7124037125 0.043609943750000005 0.6738883062500001 0.043609943750000005 0.64120856875 0.041859243750000004 0.612030228125 0.059366246874999994 0.6248687 0.08562675 0.6622169718750001 0.09963235312499999 0.675055440625 0.141649159375 0.6925624406249999 0.1504026625 0.7112365781250001 0.139898459375 0.722907915625 0.12414215625 0.7369135124999999 0.10313375312499999 0.75208625 0.069870446875 0.766091853125 0.052363446875
0 0.601526028125 0.10488445312500001 0.610863096875 0.08212535 0.610863096875 0.038357843749999995 0.5700134218749999 0.052363446875 0.55 0.050487187499999996 0.55 0.13664106250000002 0.5513392875 0.13814775937499998 0.575849090625 0.146901259375 0.586353290625 0.129394259375 0.601526028125 0.10488445312500001
2 0.98125 0.2484375 0.0359375 0.084375
0 0.434681371875 0.84586396875 0.41323529375 0.899479165625 0.404044115625 0.907138478125 0.3825980375 0.8734375 0.3764705875 0.8412683812499999 0.369321896875 0.82594975625 0.350939540625 0.804503675 0.34379085 0.809099265625 0.3376634 0.8198223062500001 0.33153595 0.8412683812499999 0.3233660125 0.8734375 0.312132353125 0.8979473062500001 0.306004903125 0.870373775 0.287622546875 0.8305453437500001 0.28047385625 0.821354165625 0.265155228125 0.8336090687500001 0.25392156875 0.8611826 0.245751634375 0.8933517156249999 0.23553921562500002 0.917861521875 0.229411765625 0.9255208343750001 0.19877450937500002 0.917861521875 0.1936683 0.896415440625 0.186519609375 0.8688419125 0.176307190625 0.84586396875 0.162009803125 0.8719056374999999 0.146691175 0.91326593125 0.131372546875 0.91632965625 0.11196895625 0.8948835781250001 0.115032678125 0.87956495 0.102777778125 0.82748161875 0.086437909375 0.8152267156249999 0.07418300625 0.853523284375 0.06499183124999999 0.884160540625 0.05988561875 0.91632965625 0.046609478125 0.940839459375 0.025163400000000002 0.9592218156250001 0.038439540625000004 0.99445465625 0.073161765625 0.968412990625 0.09562908437499999 0.943903184375 0.112990196875 0.9469669125 0.159967321875 0.962285540625 0.17426470624999998 0.9699448531250001 0.184477125 0.968412990625 0.22124183125000002 0.9638173999999999 0.24268790624999997 0.9592218156250001 0.262091503125 0.9515625 0.28251634062500003 0.933180146875 0.304983659375 0.930116421875 0.3376634 0.931648284375 0.364215684375 0.9362438718750001 0.378513071875 0.943903184375 0.39893790625 0.960753675 0.432638890625 0.9730085781250001 0.45816993437500003 0.974540440625 0.47144607812499995 0.98373161875 0.4939134 0.995986521875 0.50718954375 0.974540440625 0.5061683 0.934712009375 0.49493464062500003 0.90560661875 0.4857434625 0.865778184375 0.47450980625000005 0.83667279375 0.447957515625 0.82594975625 0.434681371875 0.84586396875
2 0.45 0.50625 0.0875 0.1515625
2 0.284375 0.5546875 0.1140625 0.1796875
2 0.1203125 0.515625 0.09375 0.0953125
5 0.1375 0.8875 0.0703125 0.121875
4 0.2640625 0.80625 0.0734375 0.146875
3 0.2203125 0.7796875 0.09375 0.228125
3 0.309375 0.7859375 0.0875 0.2640625
3 0.409375 0.775 0.1171875 0.2359375
3 0.1375 0.76875 0.1046875 0.253125
2 0.6484375 0.515625 0.196875 0.1921875