0 0.0030201875 0 0.002175246875 0.00401348125 0.011366421875000001 0.01933210625 0.021578840625 0.040778184375 0.035876225 0.062224265625 0.047109887499999996 0.082138478125 0.061407271875 0.118903184375 0.071619690625 0.132689953125 0.084895834375 0.129626225 0.10225694375000001 0.132689953125 0.13902165 0.1280943625 0.14923406875 0.135753675 0.1563827625 0.14800857812499998 0.167616421875 0.16179534375 0.20131740312500002 0.151072303125 0.217657271875 0.143412990625 0.22889093124999998 0.135753675 0.244209559375 0.1143076 0.26667688125 0.108180146875 0.290165440625 0.109712009375 0.310590278125 0.1127757375 0.325908903125 0.129626225 0.34327001562500004 0.14800857812499998 0.35858864375 0.15260416875 0.373907271875 0.134221815625 0.38207720625 0.117371325 0.38718341562499997 0.080606615625 0.40862949375 0.0484375 0.42394811875 0.0591605375 0.43518178125 0.066819853125 0.44743668437500006 0.09132965625 0.45152165 0.1250306375 0.466840278125 0.132689953125 0.4719464875 0.1280943625 0.4796875 0.11067708125 0.4796875 0 0.0030201875 0
2 0.040625 0.140625 0.075 0.1265625
0 1 0.017492915625 0.9507644718750001 0.030186449999999997 0.9460959375 0.047693453125 0.9811099437499999 0.07220325625 0.990447009375 0.119472165625 1 0.12151923437500001 1 0.017492915625
0 0.9239204031250001 0.06695115625 0.934424603125 0.044192053125000005 0.7955357125 0.03718925 0.800204246875 0.054696253125000004 0.81771125 0.07045255624999999 0.837552521875 0.096713059375 0.851558121875 0.1229735625 0.865563725 0.133477765625 0.883070728125 0.119472165625 0.9005777281249999 0.093211659375 0.9239204031250001 0.06695115625
0 0.7605217093750001 0.05819765624999999 0.78736578125 0.03718925 0.671819559375 0.017931546875000003 0.69166083125 0.04944415 0.70566643125 0.084458159375 0.7150035 0.1037158625 0.736011903125 0.10196516250000001 0.74651610625 0.077455359375 0.7605217093750001 0.05819765624999999
1 0.871875 0.1765625 0.0578125 0.1609375
4 0.721875 0.146875 0.0609375 0.1421875
4 0.546875 0.3296875 0.0859375 0.040625
5 0.5125 0.09375 0.05 0.0953125
5 0.596875 0.071875 0.0625 0.109375
5 0.64375 0.071875 0.0390625 0.1015625
0 0 0.46579804375 0.027025062500000002 0.48476206875 0.039520256250000003 0.5107773875 0.048170778125 0.55413625625 0.054898959375 0.58593275625 0.057782465625 0.59026864375 0.078928175 0.5960498249999999 0.09142336875 0.5844874625 0.11449142187500001 0.557026846875 0.144287653125 0.5642533249999999 0.174083884375 0.571479803125 0.203880115625 0.5815968687499999 0.23655985624999998 0.607612190625 0.24232686874999998 0.627846328125 0.256744403125 0.62061985 0.264433753125 0.61050278125 0.28269595625 0.598940415625 0.306725178125 0.603276303125 0.313453359375 0.636518103125 0.323065046875 0.649525759375 0.329793228125 0.64374458125 0.342288425 0.6249557375 0.361511796875 0.613393371875 0.372084653125 0.607612190625 0.39323036875 0.617729259375 0.4172595875 0.60616689375 0.411492575 0.5613627343750001 0.3865021875 0.568589209375 0.365356475 0.58304216875 0.346133096875 0.58304216875 0.334599071875 0.5498003687499999 0.30288050312500003 0.5440191875 0.2778901125 0.55558155 0.270200765625 0.568589209375 0.247132715625 0.5353474125 0.2317540125 0.5194491625000001 0.206763625 0.49776972812500003 0.18081206875 0.48042618125000003 0.138520640625 0.48620736249999996 0.10680207187499999 0.506441503125 0.08565635625 0.5237850468749999 0.06643298125 0.48476206875 0.0462484375 0.46452793124999997 0.009724025 0.43562201875 0 0.43562201875 0 0.46579804375
0 0 0.9342489875 0.020296881250000003 0.9342489875 0.0462484375 0.9212413312500001 0.055860128125 0.90823366875 0.07796700625 0.9183507375 0.11064674687500001 0.9255772125 0.130831290625 0.915460146875 0.145248821875 0.9010071875 0.135637134375 0.86632009375 0.11833609687499999 0.8778824625 0.09815155 0.87932775625 0.07219999375 0.8677653937500001 0.0539377875 0.8533124375 0.03663675 0.815734753125 0.02414155625 0.824406528125 0.006840518750000001 0.8634295062499999 0.0001123375 0.88077305 0 0.880919446875 0 0.9342489875
3 0.15625 0.6625 0.1546875 0.225
3 0.025 0.571875 0.05 0.2515625
3 0.015625 0.7671875 0.03125 0.221875
3 0.078125 0.7578125 0.1 0.23125
3 0.178125 0.78125 0.10625 0.1828125
2 0.828125 0.709375 0.325 0.5796875