0 0 0.26793901249999996 0.02136438125 0.28207720625 0.03974673125 0.3188419125 0.061192809375000004 0.33569240312500004 0.06323529375 0.320373775 0.071405228125 0.28667279375 0.079575165625 0.268290440625 0.096936275 0.239185046875 0.11327614374999999 0.222334559375 0.134722221875 0.19322916875 0.15004085 0.1794424 0.18986928125 0.17637867499999998 0.21642156875000002 0.187101715625 0.236846403125 0.20854779375 0.254207515625 0.233057596875 0.289950978125 0.237653184375 0.313439540625 0.233057596875 0.355310459375 0.21467524375 0.383905228125 0.20548406875 0.444158496875 0.21773896874999998 0.46560457499999997 0.22693014687500002 0.501348040625 0.24990808750000001 0.5248366 0.271354165625 0.53811274375 0.29586396875 0.5390625 0.2978365375 0.5390625 0.099317228125 0.5187091500000001 0.0905943625 0.4267973875 0.05076593124999999 0.38594771250000004 0.05382965625 0.3124183 0.047702206250000004 0.21131535937499998 0.026256128125 0.15004085 0.029319853125 0.1142973875 0.041574753125 0.055065359375 0.05076593124999999 0 0.04027729375 0 0.26793901249999996
1 0.028125 0.3765625 0.05625 0.290625
1 0.3109375 0.2875 0.1015625 0.1953125
3 0.0390625 0.384375 0.078125 0.309375
5 0.66875 0.1203125 0.09375 0.0953125
2 0.9921875 0.1703125 0.015625 0.08125
0 0.14867530625 0.6839428187500001 0.172017975 0.680143428125 0.187190709375 0.64784859375 0.187190709375 0.5965568 0.2117005125 0.6022558874999999 0.22687325 0.64214950625 0.237377453125 0.6649458593750001 0.251383053125 0.676344034375 0.26422152187500003 0.67824373125 0.285229925 0.63455071875 0.3074054625 0.623152546875 0.3447537375 0.632651028125 0.382102009375 0.6649458593750001 0.40427754374999997 0.7105385656250001 0.418283146875 0.7124382625 0.442792953125 0.680143428125 0.4649684875 0.64784859375 0.490645425 0.625052240625 0.53266223125 0.6193531531249999 0.5390625 0.60832290625 0.5390625 0.5390625 0.424307940625 0.5390625 0.421784546875 0.5433653125 0.41128034687500004 0.545265009375 0.403182625 0.5390625 0.058441359375 0.5390625 0.062307421875000005 0.609854671875 0.07047735625 0.64784859375 0.084482959375 0.632651028125 0.080981559375 0.5794595375 0.08915149375 0.5414656124999999 0.11132703125000001 0.571860753125 0.12066410000000001 0.607954975 0.1311683 0.645948896875 0.13933823750000002 0.67254464375 0.14867530625 0.6839428187500001
2 0.340625 0.70625 0.128125 0.2140625
2 0.059375 0.7078125 0.0578125 0.1140625
2 0.0203125 0.9765625 0.040625 0.046875
5 0.446875 0.9546875 0.0484375 0.090625
4 0.53125 0.959375 0.015625 0.0796875
4 0.578125 0.60625 0.040625 0.09375
4 0.640625 0.615625 0.040625 0.075
4 0.578125 0.553125 0.0546875 0.0296875