4 0.359375 0.178125 0.146875 0.2203125
4 0.2125 0.196875 0.14375 0.225
4 0.4125 0.3234375 0.075 0.053125
4 0.534375 0.3359375 0.0703125 0.028125
0 0.742919278125 0 0.7273255125 0.026763031250000003 0.702815709375 0.02016455 0.702815709375 0.0482081 0.7249912468749999 0.05645620312500001 0.744832515625 0.053156959375 0.765840921875 0.061405065625 0.797353525 0.076251646875 0.8195290625 0.072952409375 0.818361928125 0.0482081 0.805523459375 0.035011134375 0.789183590625 0.013566065625000002 0.7843844843750001 0 0.742919278125 0
0 0.8460107375 0 0.8393703312499999 0.023463790625 0.831200396875 0.046558478125000004 0.8300332625 0.06470430625 0.8393703312499999 0.076251646875 0.86154586875 0.07130278749999999 0.8872228062499999 0.0812005125 0.915234009375 0.0894486125 0.91289974375 0.06470430625 0.893058471875 0.044908859375 0.8802200062500001 0.021814171875 0.8732747562500001 0 0.8460107375 0
0 0.93469835 0 0.930406746875 0.033361515625 0.92340394375 0.053156959375 0.926905346875 0.092747853125 0.9549165500000001 0.0993463375 0.992264821875 0.10759444062500001 1 0.10718951875 1 0.06470430625 0.982927753125 0.06470430625 0.9724235531250001 0.0482081 0.95608368125 0.008617206249999999 0.9499868687499999 0 0.93469835 0
4 0.96875 0.0328125 0.0625 0.065625
4 0.903125 0.03125 0.0875 0.0609375
4 0.80625 0.028125 0.09375 0.05625
1 0.0265625 0.571875 0.053125 0.35625
1 0.1875 0.575 0.240625 0.4484375
1 0.4453125 0.575 0.246875 0.4484375
1 0.025 0.9203125 0.05 0.159375
1 0.15 0.921875 0.1703125 0.15625
1 0.3484375 0.9640625 0.228125 0.071875
5 0.0515625 0.909375 0.103125 0.18125
5 0.2265625 0.9359375 0.146875 0.128125
5 0.4234375 0.9625 0.1375 0.075
3 0.325 0.9140625 0.18125 0.171875
3 0.0421875 0.59375 0.084375 0.3828125
3 0.1953125 0.590625 0.26875 0.4828125
5 0.821875 0.96875 0.034375 0.0578125
5 0.65625 0.9875 0.0359375 0.0234375