5 0.0625 0.48125 0.0515625 0.0953125
5 0.4234375 0.0578125 0.0296875 0.08125
5 0.51875 0.065625 0.065625 0.0640625
4 0.625 0.1125 0.0578125 0.0625
4 0.5625 0.109375 0.046875 0.075
3 0.459375 0.0171875 0.0921875 0.034375
0 0.770578025 0.642432596875 0.788960375 0.6363051468750001 0.82266135625 0.6363051468750001 0.851256128125 0.5765625 0.87270220625 0.53979779375 0.8861826 0.5296875 0.84527240625 0.5296875 0.841043709375 0.53367034375 0.817555146875 0.594944853125 0.78385416875 0.567371321875 0.7730873625 0.5296875 0.707415975 0.5296875 0.713388478125 0.54592524375 0.741983253125 0.567371321875 0.7593443625 0.62558210625 0.770578025 0.642432596875
0 0.632710375 0.688388478125 0.64905024375 0.686856615625 0.66334763125 0.645496321875 0.6796875 0.590349265625 0.713388478125 0.54898896875 0.70578486875 0.5296875 0.67666754375 0.5296875 0.66947508125 0.54745710625 0.6541564531249999 0.5750306375 0.626582925 0.559712009375 0.6088761625 0.5296875 0.5732741 0.5296875 0.568372140625 0.55052083125 0.5969669125 0.5964767156249999 0.617391746875 0.6470281875 0.632710375 0.688388478125
0 0.6092218125 0.9871017156249999 0.614328025 0.9671875 0.5928819437499999 0.92889093125 0.587775734375 0.885998775 0.570414625 0.899785540625 0.5612234468749999 0.938082109375 0.5489685468750001 0.980974265625 0.5826695281250001 0.9702512249999999 0.6092218125 0.9871017156249999
3 0.946875 0.85625 0.0984375 0.221875
3 0.9515625 0.684375 0.05625 0.1734375
3 0.7921875 0.69375 0.0703125 0.1140625
3 0.8 0.88125 0.09375 0.1953125
3 0.48125 0.709375 0.0640625 0.153125
3 0.4078125 0.6546875 0.05625 0.196875