0 0.572549021875 0.330669025 0.5664215687499999 0.343659784375 0.5796875 0.35268756562500003 0.5796875 0.21426669999999998 0.56335784375 0.222412671875 0.55416666875 0.25416786875 0.56335784375 0.287366484375 0.572549021875 0.330669025
0 0.251879084375 0.2556112875 0.23553921562500002 0.212308746875 0.222263071875 0.21808241874999998 0.20694444375 0.25705470625000004 0.19468954375 0.29025331875 0.17528595 0.310461171875 0.157924834375 0.30613091875 0.1497549 0.2916967375 0.1375 0.25994154062499997 0.139542484375 0.23107318124999998 0.138521240625 0.19931798437499998 0.11809640625 0.216639003125 0.1017565375 0.25416786875 0.10686274375 0.31623484375 0.11809640625 0.330669025 0.1497549 0.362424221875 0.18039215625 0.3797452375 0.236560459375 0.362424221875 0.27536764687500004 0.34077294999999996 0.27536764687500004 0.29747040937499997 0.251879084375 0.2556112875
5 0.390625 0.0765625 0.059375 0.153125
5 0.540625 0.0484375 0.0765625 0.096875
3 0.5484375 0.05 0.0625 0.0984375
3 0.2140625 0.0640625 0.10625 0.128125
3 0.184375 0.196875 0.1109375 0.246875
0 0.409375 0.30625 0.2171875 0.2546875
0 0.77487845 0 0.744956596875 0.0153374125 0.722524678125 0.0955123625 0.7417520718749999 0.150031353125 0.770593290625 0.218981796875 0.780206984375 0.137203375 0.805843553125 0.06504591875 0.8394915562499999 0.04420044375 0.8667303875 0.06664939375 0.911594475 0.151634828125 0.930821871875 0.218981796875 0.966072259375 0.16606634375 1 0.0971305375 1 0 0.77487845 0
1 0.709375 0.11875 0.0953125 0.0984375
1 0.6078125 0.0875 0.05625 0.0765625
0 0.500891396875 0.91647279375 0.49233241874999994 0.883424875 0.47988299375 0.9044553656250001 0.4503156125 0.911966259375 0.431641475 0.892437940625 0.412967340625 0.860892196875 0.390402759375 0.8443682375 0.38106568749999997 0.856385665625 0.37639715625000003 0.9029531875 0.367838178125 0.9344989312499999 0.353832575 0.9585337812500001 0.339048884375 0.9675468468749999 0.34371741875 0.993083875 0.37095053437500003 0.999092590625 0.3802876 0.9750577406250001 0.385734221875 0.9465163562500001 0.391180846875 0.9149706156249999 0.41452351875 0.922481503125 0.431641475 0.9344989312499999 0.45887459062499997 0.9435119999999999 0.47365828125 0.94801853125 0.49233241874999994 0.94801853125 0.49855713125 0.9390054624999999 0.500891396875 0.91647279375
0 0.25009592187499996 1 0.26123998125000003 0.996088234375 0.27991411875 0.98256863125 0.297032075 0.966044671875 0.306369146875 0.97055120625 0.328933725 0.9840708062499999 0.33749270625 0.98256863125 0.336714615625 0.9585337812500001 0.322709015625 0.9435119999999999 0.31570621249999997 0.9254858625000001 0.300922521875 0.89394011875 0.2954759 0.868403090625 0.286138828125 0.8849270499999999 0.28458265312500003 0.908961903125 0.2768017625 0.9375032875 0.262796159375 0.957031603125 0.246456290625 0.960035959375 0.236341134375 0.98256863125 0.243286515625 1 0.25009592187499996 1
0 0.23478495625 0.9855729875 0.23945349062500002 0.97055120625 0.22544788750000003 0.9299923937499999 0.20988610937500002 0.8759139812500001 0.19743668125 0.87441180625 0.19121196875 0.911966259375 0.17876254687499998 0.9375032875 0.169425478125 0.9615381375000001 0.1491951625 0.963040315625 0.150751340625 0.98857734375 0.1678693 0.99007951875 0.182652990625 0.9765599187499999 0.20210521875 0.957031603125 0.21144228437499998 0.9585337812500001 0.224669796875 0.9780621 0.236341134375 0.999092590625 0.23478495625 0.9855729875
0 0.1491951625 0.9975904124999999 0.14141427499999998 0.960035959375 0.139858096875 0.9344989312499999 0.13207720625 0.908961903125 0.12274013749999999 0.8759139812500001 0.107178359375 0.8804205156249999 0.095507025 0.911966259375 0.08616995625 0.92849021875 0.06127110625 0.9465163562500001 0.054268306249999995 0.9585337812500001 0.07138626249999999 0.973555559375 0.09317275625 0.964542490625 0.109512621875 0.9540272468750001 0.12196205 0.963040315625 0.134411471875 0.9810664499999999 0.1491951625 0.9975904124999999
0 0 0.8990448093750001 0.014585765625 0.8759139812500001 0.033259899999999995 0.908961903125 0.037928434375 0.9390054624999999 0.046487415625 0.964542490625 0.05582448125 0.97055120625 0.057380659375 0.942009821875 0.043375059375000004 0.8999488343750001 0.034037990625 0.848874775 0.027035187500000002 0.81582685625 0.006804875 0.83685735 0 0.8447398406250001 0 0.8990448093750001
2 0.328125 0.575 0.06875 0.0890625
2 0.075 0.5515625 0.0734375 0.04375
5 0.821875 0.7359375 0.01875 0.065625
5 0.8546875 0.715625 0.0140625 0.040625
5 0.728125 0.7296875 0.0203125 0.05625
5 0.7 0.725 0.0140625 0.04375
3 0.8 0.7234375 0.0546875 0.1140625
3 0.753125 0.7296875 0.059375 0.13125
3 0.709375 0.728125 0.0359375 0.0953125
3 0.71875 0.8 0.0328125 0.0640625
3 0.74375 0.803125 0.034375 0.071875
3 0.775 0.803125 0.03125 0.0640625
3 0.809375 0.80625 0.034375 0.059375
3 0.840625 0.7328125 0.04375 0.096875