0 0.627042484375 0.238163971875 0.634191178125 0.2453810625 0.646446078125 0.28002309375 0.6515522875 0.300230946875 0.6924019593749999 0.295900690625 0.7250816999999999 0.295900690625 0.75061274375 0.326212471875 0.768995096875 0.304561203125 0.7577614374999999 0.27857967499999997 0.734272875 0.25692840625 0.705678103125 0.238163971875 0.68525326875 0.22806004687499998 0.6627859468749999 0.203521940625 0.643382353125 0.178983834375 0.623978759375 0.1674364875 0.5872140531250001 0.165993071875 0.56474673125 0.174653578125 0.5514705875 0.18620092500000002 0.5371732031249999 0.1833140875 0.509599675 0.1833140875 0.47896241875 0.163106234375 0.45241013125 0.13568129375 0.420751634375 0.170323325 0.397263071875 0.206408778125 0.3860294125 0.25692840625 0.397263071875 0.2713625875 0.42790032499999997 0.2612586625 0.45547385625 0.24105080625 0.47794117812500003 0.24105080625 0.5065359468749999 0.274249421875 0.526960784375 0.290127021875 0.553513071875 0.284353346875 0.5565767968750001 0.2612586625 0.5688316999999999 0.249711315625 0.579044115625 0.226616628125 0.60049019375 0.225173209375 0.615808821875 0.22806004687499998 0.627042484375 0.238163971875
0 0.28390522812499996 0.6538683625 0.301266340625 0.66974595625 0.324754903125 0.682736721875 0.35232843125 0.6639722875 0.346200978125 0.650981525 0.35539215625 0.607678984375 0.364583334375 0.57448036875 0.35539215625 0.542725171875 0.33803104375 0.534064665625 0.323733659375 0.567263278125 0.3125 0.599018475 0.300245096875 0.607678984375 0.271650328125 0.619226328125 0.28390522812499996 0.6538683625
0 0.7118055562500001 0.57736720625 0.696486928125 0.53839491875 0.683210784375 0.532621246875 0.666870915625 0.5759237875000001 0.643382353125 0.617782909375 0.643382353125 0.6610854500000001 0.6821895437500001 0.682736721875 0.73835784375 0.7000577375 0.768995096875 0.682736721875 0.800653596875 0.650981525 0.81188725625 0.63654734375 0.8169934624999999 0.57448036875 0.800653596875 0.5369515 0.780228759375 0.519630484375 0.779207515625 0.55138568125 0.78125 0.58025404375 0.768995096875 0.6120092374999999 0.760825165625 0.62644341875 0.7434640531250001 0.630773671875 0.7240604562499999 0.6105658218750001 0.7118055562500001 0.57736720625
2 0.9265625 0.25625 0.040625 0.0828125
5 0.528125 0.371875 0.059375 0.2046875
5 0.365625 0.3390625 0.096875 0.1578125
3 0.303125 0.4875 0.090625 0.228125
3 0.346875 0.334375 0.109375 0.171875
3 0.703125 0.35625 0.10625 0.1859375
3 0.734375 0.515625 0.1109375 0.246875
0 0.509375 0.625 0.2171875 0.2546875