0 0.231689134375 0.053135825000000005 0.20820057187500002 0.089221275 0.1969669125 0.13974090625 0.20820057187500002 0.1541750875 0.238837828125 0.14407116250000002 0.26641135625 0.12386330625 0.288878675 0.12386330625 0.31747345 0.157061921875 0.33789828437499997 0.17293951875 0.364450571875 0.167165846875 0.367514296875 0.14407116250000002 0.37976920000000003 0.13252381562499999 0.389981615625 0.10942912812500001 0.41142769375 0.1079857125 0.42674632187499995 0.110872546875 0.43797998437499996 0.120976471875 0.445128678125 0.1281935625 0.45738357812499997 0.162835596875 0.459375 0.170716659375 0.459375 0.06818915625000001 0.454319853125 0.061796334375 0.434916259375 0.050248990625 0.39815155 0.048805571874999995 0.37568423125 0.05746608125 0.36240808750000003 0.06901342187500001 0.34811070312500003 0.0661265875 0.32053717187499997 0.0661265875 0.28989991875 0.045918734375 0.26334763125 0.01849379375 0.231689134375 0.053135825000000005
5 0.3375 0.2453125 0.059375 0.1875
5 0.178125 0.221875 0.096875 0.1578125
3 0.1140625 0.296875 0.090625 0.0828125
3 0.1578125 0.215625 0.109375 0.171875
3 0.215625 0.7359375 0.1078125 0.2796875
3 0.3 0.74375 0.08125 0.1828125
3 0.009375 0.8140625 0.01875 0.171875
5 0.53125 0.596875 0.0234375 0.071875
5 0.559375 0.6 0.015625 0.0546875
5 0.54375 0.709375 0.015625 0.0640625
1 0.5125 0.71875 0.0203125 0.0546875