0 0.253267971875 0.72916666875 0.247140525 0.762379228125 0.247140525 0.7910628 0.254289215625 0.8303140093750001 0.28492646875 0.83937198125 0.3267973875 0.8288043500000001 0.35028595 0.8121980687500001 0.35539215625 0.798611109375 0.380923203125 0.79710145 0.401348040625 0.794082125 0.43811274375 0.794082125 0.46875 0.794082125 0.5249183000000001 0.7955917875 0.52900326875 0.775966184375 0.5545343125 0.775966184375 0.5861928125 0.775966184375 0.613766340625 0.8001207750000001 0.64746731875 0.8121980687500001 0.679125815625 0.816727053125 0.699550653125 0.785024153125 0.706699346875 0.777475846875 0.7118055562500001 0.768417875 0.733251634375 0.772946859375 0.7669526125 0.775966184375 0.79146241875 0.76539855 0.8016748375 0.747282609375 0.792483659375 0.69595410625 0.783292484375 0.628019321875 0.779207515625 0.673309178125 0.76491013125 0.715579709375 0.736315359375 0.7185990343750001 0.727124184375 0.6823671499999999 0.708741828125 0.653683575 0.7015931375 0.644625603125 0.697508171875 0.66425120625 0.689338234375 0.6808574875 0.679125815625 0.7065217406250001 0.6638071875 0.732185990625 0.646446078125 0.747282609375 0.627042484375 0.735205315625 0.615808821875 0.7216183593750001 0.609681371875 0.69595410625 0.5974264687499999 0.658212559375 0.5872140531250001 0.646135265625 0.57291666875 0.670289853125 0.56474673125 0.6823671499999999 0.5545343125 0.6627415437499999 0.544321896875 0.655193234375 0.53206699375 0.644625603125 0.521854575 0.670289853125 0.510620915625 0.698973428125 0.5075571875 0.732185990625 0.5044934624999999 0.7457729468750001 0.489174834375 0.742753625 0.47589869062499995 0.742753625 0.466707515625 0.72614734375 0.4544526125 0.703502415625 0.44628268125000004 0.679347825 0.437091503125 0.66727053125 0.430964053125 0.661231884375 0.41462418437500004 0.6823671499999999 0.407475490625 0.7095410625 0.40236928125000004 0.720108696875 0.393178103125 0.735205315625 0.374795753125 0.720108696875 0.36356209375000004 0.69595410625 0.35232843125 0.685386471875 0.3359885625 0.7397343000000001 0.334967321875 0.75332125625 0.33190359687500004 0.77898550625 0.31556372499999996 0.788043478125 0.290032678125 0.7910628 0.2828839875 0.78200483125 0.26960784375 0.7699275375 0.265522875 0.750301934375 0.253267971875 0.72916666875
2 0.578125 0.36875 0.0859375 0.13125
4 0.56875 0.621875 0.0640625 0.1390625
4 0.4890625 0.671875 0.1 0.16875
4 0.421875 0.4265625 0.1421875 0.253125
4 0.7421875 0.665625 0.0734375 0.13125
4 0.825 0.6421875 0.0890625 0.1203125
4 0.303125 0.415625 0.1 0.125
4 0.653125 0.68125 0.0984375 0.1765625
3 0.65625 0.640625 0.1046875 0.2515625
3 0.484375 0.6375 0.10625 0.23125
3 0.2875 0.6765625 0.128125 0.2578125
3 0.296875 0.434375 0.1171875 0.2265625
0 0.3884608875 0.32100276875 0.41025116562499997 0.317781209375 0.4222358 0.317781209375 0.43204144375000003 0.32744582499999997 0.45492121875 0.34516437187500004 0.473443003125 0.37415828125 0.49087520937500007 0.399930634375 0.501770346875 0.41603837187500003 0.51048649375 0.388655271875 0.523560625 0.3419428125 0.542082328125 0.319391959375 0.57040975625 0.298451915625 0.5867524625 0.304895034375 0.617258803125 0.3161704625 0.6292434375 0.366104415625 0.643407153125 0.409595315625 0.6564812875 0.382212153125 0.66410793125 0.34999668125 0.6651975125 0.3129489 0.6826296375 0.29361960625 0.702240921875 0.298451915625 0.717494046875 0.32100276875 0.720762621875 0.3435535625 0.7425529 0.387044459375 0.7545376187499999 0.369325978125 0.7665221718749999 0.3435535625 0.776327896875 0.304895034375 0.79593918125 0.301673471875 0.8133713031250001 0.3161704625 0.826445434375 0.3419428125 0.826445434375 0.372547534375 0.8297140125 0.41120606249999997 0.83189300625 0.4273138 0.8438777249999999 0.40476300312499996 0.859130853125 0.383822903125 0.871115571875 0.351607428125 0.871115571875 0.30972734062499996 0.864578425 0.28556573749999997 0.8547728625 0.275901121875 0.814460884375 0.263014884375 0.752358628125 0.24851795937499999 0.672824078125 0.24368565000000003 0.6336015125000001 0.242074840625 0.5736782500000001 0.23724253125 0.535545259375 0.23724253125 0.38410281562500004 0.259793384375 0.33616426875 0.267847253125 0.30565785 0.27751186875 0.262077290625 0.28556573749999997 0.22067573125 0.282344178125 0.176005678125 0.274290309375 0.141141265625 0.274290309375 0.12697755625 0.31133808749999997 0.1542154 0.33549969375 0.176005678125 0.338721253125 0.20324352812500002 0.35805055 0.23592894062499997 0.39187676875 0.25880871562499996 0.41925992812499996 0.2675248625 0.380601403125 0.28386756874999997 0.36449366875 0.314373990625 0.372547534375 0.32417955 0.409595315625 0.340522259375 0.43536766875 0.351417396875 0.406373753125 0.37102868125 0.3419428125 0.3884608875 0.32100276875
0 0.776327896875 0.675372953125 0.768701334375 0.7043669875 0.737105328125 0.714031478125 0.726210190625 0.69631311875 0.7033305000000001 0.6544329062500001 0.68698779375 0.6818160062499999 0.669555503125 0.730139275 0.6532127937500001 0.757522378125 0.621616878125 0.73980389375 0.608542740625 0.69631311875 0.597647603125 0.66892983125 0.588931459375 0.6479899125 0.57040975625 0.670540640625 0.566051684375 0.678594509375 0.5562460406249999 0.6769837 0.534455765625 0.64154666875 0.5246501218749999 0.66892983125 0.513754984375 0.702756115625 0.507217915625 0.743025390625 0.497412278125 0.747857759375 0.477801075 0.7446362625 0.46472685937499997 0.73980389375 0.45492121875 0.7236961562500001 0.44511565937500003 0.685037565625 0.425504378125 0.66731908125 0.41134066249999995 0.68342681875 0.39935602812500004 0.72691765625 0.38301331875 0.7446362625 0.369939184375 0.7156422906250001 0.3503279 0.69792374375 0.34068624999999997 0.7411433187500001 0.330716703125 0.7897378500000001 0.36667060937499996 0.8026240874999999 0.39935602812500004 0.8074563343750001 0.48760663437499996 0.810677953125 0.533366265625 0.804234834375 0.5987371 0.8026240874999999 0.648854721875 0.8010133375 0.7055094937499999 0.770408615625 0.7545376187499999 0.762354746875 0.7894020312500001 0.730139275 0.776327896875 0.675372953125