0 0.32561274375 0.332798253125 0.32561274375 0.337357525 0.30437091562499996 0.354074846875 0.290482028125 0.34799581874999996 0.28067810312499997 0.32823898125 0.269240196875 0.293284575 0.25698529375 0.293284575 0.24963235312499998 0.30848214375 0.237377453125 0.335837765625 0.208782678125 0.361673634375 0.18508986875 0.352555090625 0.160580065625 0.361673634375 0.137704246875 0.36927241875 0.1311683 0.398147796875 0.1107434625 0.40878609375 0.08786764687500001 0.387509496875 0.07724673125 0.4072663375 0.07724673125 0.42854293125 0.100122546875 0.4513392875 0.12381535937499999 0.4407009875 0.146691175 0.43006269062499997 0.16221405 0.399667553125 0.1810049 0.39206876875 0.20224673124999998 0.3905490125 0.2169526125 0.3905490125 0.22920751562500002 0.384469984375 0.252083334375 0.367752659375 0.262704246875 0.364713146875 0.2733251625 0.37535144374999996 0.2888480375 0.382950228125 0.29783496875000004 0.39206876875 0.31499183125 0.3905490125 0.336233659375 0.367752659375 0.3419526125 0.303922871875 0.32561274375 0.332798253125
0 0.6326025625 0 0.6307145125 0.0261478625 0.63142494375 0.078621625 0.630004084375 0.1161028875 0.630004084375 0.159206334375 0.629293653125 0.19668759375 0.6264519375 0.226672596875 0.6264519375 0.25478354687500004 0.627872796875 0.30350918125000004 0.6328458 0.3634792 0.642791809375 0.39346420625 0.650606528125 0.41220483750000003 0.6704985437500001 0.46467859687499996 0.679023690625 0.483419228125 0.68968013125 0.526522678125 0.702467853125 0.5621298718750001 0.71170343125 0.580870503125 0.7216494375 0.599611134375 0.7218638562499999 0.6 0.822162965625 0.6 0.8203990843750001 0.565878 0.8182677937499999 0.5321448656250001 0.8118739343750001 0.5246486125 0.799086209375 0.53776705625 0.789850634375 0.5527595562500001 0.777062909375 0.567752059375 0.7614334687500001 0.575248315625 0.743672740625 0.53776705625 0.7344371625 0.515278296875 0.7287537281249999 0.49653766875 0.7216494375 0.449686096875 0.719518153125 0.39721233125 0.7216494375 0.3691013875 0.710993003125 0.367227321875 0.701757425 0.367227321875 0.687548840625 0.367227321875 0.676181975 0.367227321875 0.6719193999999999 0.361605134375 0.661262965625 0.327872 0.65557953125 0.29976105625 0.6520273875 0.266027921875 0.6498961000000001 0.20980603437499998 0.650606528125 0.19856165312500001 0.650606528125 0.164828521875 0.6605525375 0.11048069687499999 0.6719193999999999 0.101110384375 0.686838415625 0.08986600624999999 0.6953635625000001 0.086117878125 0.706730428125 0.063629125 0.688259271875 0.037392240625 0.68115498125 0.0261478625 0.676181975 0.005533171875 0.6747059281250001 0 0.6326025625 0
2 0.8625 0.459375 0.0953125 0.2234375
2 0.728125 0.184375 0.0828125 0.1671875
1 0.0703125 0.74375 0.140625 0.2890625
1 0.203125 0.7453125 0.1421875 0.290625
1 0.321875 0.7625 0.0984375 0.246875
1 0.4140625 0.740625 0.09375 0.2796875
1 0.49375 0.796875 0.0578125 0.240625
1 0.375 0.94375 0.0890625 0.1125
1 0.2875 0.9421875 0.1015625 0.115625
1 0.196875 0.9546875 0.1125 0.090625
1 0.096875 0.9546875 0.103125 0.090625
3 0.4125 0.75625 0.1140625 0.3140625
2 0.73125 0.778125 0.4015625 0.3578125