0 0.6391952625 0.29770220625 0.6126429718749999 0.29923406875 0.5830269593749999 0.314552696875 0.556474675 0.329871325 0.537071078125 0.29923406875 0.5217524499999999 0.29004289375000003 0.497242646875 0.277787990625 0.467626634375 0.270128675 0.448223040625 0.276256128125 0.42575571874999996 0.293106615625 0.404309640625 0.316084559375 0.40226715625000004 0.34059436249999997 0.40022467500000003 0.365104165625 0.38796977187500004 0.400337009375 0.38490604375 0.41106005 0.398182190625 0.427910540625 0.405330884375 0.403400734375 0.412479575 0.37735906875 0.42269199375 0.342126225 0.44515931249999996 0.320680146875 0.46354166875 0.313020834375 0.50234885625 0.313020834375 0.523794934375 0.34059436249999997 0.5421772875 0.37735906875 0.563623365625 0.37889093125 0.5707720593750001 0.36816789375000003 0.580984475 0.35744485312499996 0.600388071875 0.34365808750000004 0.6146854562499999 0.329871325 0.6279616 0.332935046875 0.6422589875 0.355912990625 0.6483864374999999 0.3375306375 0.6391952625 0.29770220625
0 0.48907271249999995 0.65768995 0.507455065625 0.6561580874999999 0.518688725 0.6515625 0.534007353125 0.6439031875000001 0.53809231875 0.631648284375 0.560559640625 0.630116421875 0.568729575 0.619393384375 0.563623365625 0.59794730625 0.5595384 0.585692403125 0.5544321875 0.559650734375 0.547283496875 0.541268384375 0.544219771875 0.54433210625 0.53196486875 0.562714459375 0.523794934375 0.5948835781249999 0.510518790625 0.61479779375 0.495200165625 0.619393384375 0.49213643749999997 0.62705269375 0.483966503125 0.619393384375 0.47477532499999997 0.60101103125 0.464562909375 0.5719056375 0.440053103125 0.56731005 0.43698938125 0.588756128125 0.430861928125 0.605606615625 0.418607028125 0.61632965625 0.39920343125 0.605606615625 0.38694853125 0.5734375 0.3736723875 0.54586396875 0.364481209375 0.556587009375 0.361417484375 0.5810968125 0.36243872499999996 0.617861521875 0.347120096875 0.6393075968749999 0.33384395625 0.6515625 0.323631534375 0.6561580874999999 0.317504084375 0.637775734375 0.3032067 0.607138478125 0.29503676562500003 0.5734375 0.287888071875 0.56731005 0.27767565312500003 0.5780330874999999 0.27563316875 0.62705269375 0.261335784375 0.6607536781250001 0.26337826875000003 0.6776041687500001 0.2685866 0.6796875 0.3458129125 0.6796875 0.354268790625 0.67913603125 0.36958741875 0.663817403125 0.383884803125 0.6439031875000001 0.39409722187499996 0.6561580874999999 0.41145833125 0.6592218125 0.430861928125 0.6607536781250001 0.44515931249999996 0.6500306375 0.46354166875 0.6393075968749999 0.47477532499999997 0.6439031875000001 0.48907271249999995 0.65768995
2 0.015625 0.415625 0.03125 0.0828125
4 0.096875 0.390625 0.0734375 0.1515625
4 0.31875 0.4171875 0.1484375 0.2671875
4 0.4703125 0.434375 0.1328125 0.2671875
4 0.2328125 0.615625 0.078125 0.1265625
4 0.1625 0.58125 0.059375 0.1375
4 0.65 0.371875 0.0203125 0.1765625
4 0.0109375 0.328125 0.021875 0.1015625
0 0.3 0.284375 0.0984375 0.1
0 0.3125817 0.9712928906249999 0.32892156875 0.9605698531250001 0.349346403125 0.9605698531250001 0.371813725 0.962101715625 0.4014297375 0.962101715625 0.416748365625 0.962101715625 0.41879085 0.931464459375 0.40653594687499994 0.9100183812499999 0.403472221875 0.8931678906249999 0.386111109375 0.90542279375 0.369771240625 0.91767769375 0.35241013125 0.922273284375 0.334027778125 0.908486521875 0.311560459375 0.9467830875000001 0.287050653125 0.9636335781250001 0.293178103125 0.9881433812499999 0.3125817 0.9712928906249999
3 0.23125 0.890625 0.084375 0.1984375
3 0.071875 0.740625 0.0609375 0.1234375
3 0.446875 0.884375 0.08125 0.2015625
3 0.6140625 0.896875 0.08125 0.20625
3 0.6375 0.734375 0.0453125 0.109375