0 0.357689953125 0.28066789375 0.333180146875 0.268412990625 0.303564134375 0.260753675 0.2841605375 0.266881128125 0.26169321874999996 0.283731615625 0.24024714062500002 0.306709559375 0.23820465624999998 0.3312193625 0.236162171875 0.355729165625 0.223907271875 0.39096200937500003 0.22084354374999998 0.40168505000000004 0.234119690625 0.41853554062500004 0.241268384375 0.394025734375 0.24841707500000001 0.36798406875 0.25862949375 0.332751225 0.281096815625 0.311305146875 0.299479165625 0.30364583437500003 0.33828635625 0.30364583437500003 0.359732434375 0.3312193625 0.3781147875 0.36798406875 0.399560865625 0.36951593125 0.40670955937500003 0.35879289375 0.416921975 0.348069853125 0.4296875 0.3389996125 0.4296875 0.29963129374999997 0.418964459375 0.305177696875 0.392412171875 0.320496325 0.373008578125 0.28985906875 0.357689953125 0.28066789375
0 0.27292688125 0.579381128125 0.266799428125 0.596231615625 0.254544528125 0.60695465625 0.23514093125 0.596231615625 0.22288603125 0.5640625 0.2096098875 0.53648896875 0.200418709375 0.547212009375 0.19735498437500001 0.5717218125 0.19837622500000002 0.608486521875 0.19774159687499998 0.609375 0.3195823125 0.609375 0.310712828125 0.59163603125 0.30050040624999996 0.5625306375 0.275990603125 0.55793505 0.27292688125 0.579381128125
4 0.15625 0.4078125 0.1484375 0.2671875
4 0.30625 0.425 0.1328125 0.2671875
4 0.06875 0.5765625 0.078125 0.065625
4 0.0125 0.55625 0.025 0.10625
0 0.1359375 0.275 0.0984375 0.1
2 0.78125 0.4 0.4375 0.1875
5 0.31875 0.7859375 0.0328125 0.0359375
5 0.35 0.784375 0.0234375 0.05625
5 0.375 0.7859375 0.0296875 0.0453125
5 0.403125 0.778125 0.0234375 0.053125
3 0.3359375 0.7546875 0.04375 0.0828125
3 0.3609375 0.771875 0.0359375 0.071875