0 0.672998365625 0.43045343125 0.6801470593750001 0.41973039375 0.690359475 0.409007353125 0.709763071875 0.3952205875 0.7240604562499999 0.381433825 0.7373366 0.384497546875 0.7516339875 0.407475490625 0.7577614374999999 0.3890931375 0.7485702625 0.34926470625 0.7220179718749999 0.35079656875 0.6924019593749999 0.366115196875 0.665849675 0.381433825 0.646446078125 0.35079656875 0.6311274499999999 0.34160539375 0.606617646875 0.329350490625 0.577001634375 0.321691175 0.5575980406250001 0.327818628125 0.53513071875 0.344669115625 0.513684640625 0.367647059375 0.51164215625 0.3921568625 0.509599675 0.41666666875 0.49734477187500004 0.451899509375 0.494281046875 0.46262255 0.5075571875 0.479473040625 0.514705884375 0.45496323437499997 0.521854575 0.42892156875 0.53206699375 0.39368872499999996 0.5545343125 0.372242646875 0.57291666875 0.364583334375 0.61172385625 0.364583334375 0.633169934375 0.3921568625 0.6515522875 0.42892156875 0.672998365625 0.43045343125
0 0.540236928125 0.712316178125 0.5545343125 0.7015931375 0.57291666875 0.690870096875 0.584150325 0.6954656875 0.5984477125 0.7092524499999999 0.616830065625 0.7077205875 0.628063725 0.703125 0.643382353125 0.6954656875 0.64746731875 0.683210784375 0.669934640625 0.681678921875 0.678104575 0.670955884375 0.672998365625 0.64950980625 0.6689134 0.637254903125 0.6638071875 0.611213234375 0.656658496875 0.592830884375 0.653594771875 0.59589460625 0.64133986875 0.6142769593749999 0.633169934375 0.646446078125 0.619893790625 0.66636029375 0.604575165625 0.670955884375 0.6015114374999999 0.67861519375 0.593341503125 0.670955884375 0.584150325 0.6525735312500001 0.573937909375 0.6234681375 0.549428103125 0.6188725500000001 0.54636438125 0.640318628125 0.540236928125 0.657169115625 0.5279820281250001 0.66789215625 0.50857843125 0.657169115625 0.49632353125 0.625 0.4830473875 0.5974264687499999 0.47385620937499995 0.608149509375 0.470792484375 0.6326593125 0.47181372499999996 0.669424021875 0.456495096875 0.690870096875 0.443218953125 0.703125 0.4330065375 0.7077205875 0.426879084375 0.689338234375 0.41258169999999994 0.658700978125 0.40441176562500003 0.625 0.397263071875 0.6188725500000001 0.38705065312500003 0.6295955875 0.38500816875 0.67861519375 0.370710784375 0.712316178125 0.37275326875000003 0.72916666875 0.388071896875 0.735294115625 0.406454246875 0.736825978125 0.426879084375 0.736825978125 0.44015522812499996 0.73223039375 0.46364379062500005 0.7306985312500001 0.47896241875 0.715379903125 0.49325980625000004 0.6954656875 0.503472221875 0.7077205875 0.52083333125 0.7107843125 0.540236928125 0.712316178125
2 0.8671875 0.471875 0.0484375 0.09375
2 0.11875 0.46875 0.04375 0.0828125
4 0.20625 0.44375 0.0734375 0.1515625
4 0.428125 0.46875 0.1484375 0.2671875
4 0.5796875 0.4859375 0.1328125 0.2671875
4 0.34375 0.66875 0.078125 0.128125
4 0.271875 0.6328125 0.059375 0.1375
4 0.78125 0.4234375 0.0625 0.1765625
4 0.8265625 0.384375 0.0375 0.1265625
4 0.878125 0.3546875 0.05625 0.109375
4 0.10625 0.3796875 0.0484375 0.1015625
0 0.409375 0.3359375 0.0984375 0.1