0 0.211376634375 0.19463848125 0.220567809375 0.206893384375 0.230780228125 0.20382965625 0.242013890625 0.1731924 0.24916258125000001 0.150214459375 0.260396240625 0.114981615625 0.274693628125 0.08893995 0.28899101250000003 0.06596200937499999 0.32575571875 0.029197303125 0.3390318625 0.04298406875 0.353329246875 0.059834559375 0.36456290625 0.075153184375 0.37477532812500003 0.10119485312500001 0.383966503125 0.12110906875 0.3921364375 0.14408700937500002 0.396221403125 0.168596815625 0.39928513125 0.19157475625 0.40234885625 0.182383578125 0.41154003437500003 0.168596815625 0.418688725 0.15327818437500002 0.42890114375 0.128768384375 0.43502859374999997 0.099662990625 0.450347221875 0.06902573437500001 0.46875 0.066625375 0.46875 0.015527965625000001 0.154187090625 0.027665440625 0.15520833125 0.046047793749999996 0.156229575 0.075153184375 0.16337826875 0.096599265625 0.17256944375 0.11038602812500001 0.1797181375 0.12723651875 0.1858455875 0.13795955937499998 0.20116421562500003 0.157873775 0.20627042499999998 0.176256128125 0.211376634375 0.19463848125
5 0.571875 0.33125 0.03125 0.040625
5 0.703125 0.3515625 0.0234375 0.0453125
5 0.7046875 0.271875 0.0234375 0.0578125
5 0.471875 0.3125 0.0046875 0.0421875
5 0.503125 0.315625 0.025 0.0390625
5 0.53125 0.3265625 0.0296875 0.046875
4 0.55625 0.2578125 0.0203125 0.046875
4 0.621875 0.253125 0.040625 0.06875
4 0.725 0.25625 0.0234375 0.0453125
4 0.621875 0.3265625 0.034375 0.04375
4 0.4984375 0.2625 0.0203125 0.0515625
0 0.234375 0.734375 0.46875 0.53125
2 0.71875 0.459375 0.2359375 0.08125