0 0 0.193221665625 0.007689949999999999 0.201225490625 0.060794525 0.218075978125 0.10777165 0.17671568437500002 0.14760008125 0.17518382500000002 0.1813010625 0.1889705875 0.25585171562500003 0.199693628125 0.304871325 0.1981617625 0.35389093125 0.1981617625 0.419250409375 0.192034315625 0.45703635625 0.1889705875 0.467248775 0.15373774375 0.465206290625 0.12003676249999999 0.4406964875 0.09246323437500001 0.43456903750000003 0.046507353125 0.42129289375 0.034252453125 0.40699550625 0.054166665625 0.40291054062500004 0.10778186249999999 0.401889296875 0.116973040625 0.38759191249999997 0.1185049 0.36818831875 0.121568628125 0.3375510625 0.1016544125 0.34061478749999996 0.083272059375 0.320189953125 0.055698528125 0.30691380625 0.06335784375 0.291595178125 0.090931371875 0.28751021250000003 0.1185049 0.272191584375 0.13688725625 0.25483047187499996 0.13688725625 0.24461805625 0.129227940625 0.23236315312500003 0.1185049 0.222150734375 0.084803921875 0.210917075 0.05876225625 0.2017259 0.086335784375 0.18436478750000002 0.126164215625 0.163939953125 0.126164215625 0.1455576 0.113909315625 0.136366421875 0.10778186249999999 0.123090278125 0.07714460625 0.11492034375 0.060294115625 0.106750409375 0.049571078125 0.09755923125 0.078676471875 0.095516746875 0.10625 0.093474265625 0.13229166875 0.06998570312499999 0.15067401875 0.052624590625 0.15067401875 0.040369690624999996 0.14607843125 0.026072303125 0.129227940625 0.019944853125000002 0.10778186249999999 0.01483864375 0.083272059375 0 0.07507175625 0 0.193221665625
5 0.18125 0.690625 0.01875 0.0296875
5 0.234375 0.69375 0.025 0.04375
5 0.278125 0.690625 0.03125 0.046875
5 0.3125 0.6921875 0.01875 0.0453125
5 0.34375 0.6921875 0.0359375 0.04375
5 0.38125 0.684375 0.015625 0.040625
5 0.334375 0.775 0.0203125 0.0453125
5 0.3140625 0.78125 0.040625 0.04375
5 0.271875 0.784375 0.0328125 0.0390625
5 0.225 0.784375 0.028125 0.0515625
4 0.190625 0.7875 0.0234375 0.040625
4 0.340625 0.66875 0.021875 0.0296875
2 0.953125 0.71875 0.09375 0.3140625