0 0.58517156875 0.3079044125 0.60866013125 0.34007353125 0.617851309375 0.37683823437499997 0.622957515625 0.382965684375 0.636233659375 0.378370096875 0.64950980625 0.366115196875 0.658700978125 0.330882353125 0.6627859468749999 0.3109681375 0.6515522875 0.28339460625 0.622957515625 0.257352940625 0.58517156875 0.243566175 0.5514705875 0.237438725 0.5259395437500001 0.23284313750000002 0.49632353125 0.23897058750000003 0.481004903125 0.251225490625 0.464665034375 0.252757353125 0.450367646875 0.23590686249999998 0.41973039375 0.231311275 0.397263071875 0.22824754687499998 0.374795753125 0.22824754687499998 0.354370915625 0.231311275 0.32577614375 0.24662990312500002 0.2798202625 0.257352940625 0.267565359375 0.27420343125 0.290032678125 0.3170955875 0.2982026125 0.34313725625 0.318627453125 0.364583334375 0.3421160125 0.367647059375 0.348243465625 0.34160539375 0.36662581875 0.3109681375 0.38705065312500003 0.303308825 0.4360702625 0.3170955875 0.4544526125 0.34313725625 0.466707515625 0.36305146875 0.490196078125 0.35232843125 0.5126634 0.329350490625 0.521854575 0.303308825 0.5371732031249999 0.300245096875 0.5688316999999999 0.300245096875 0.58517156875 0.3079044125
0 0.500408496875 0.859375 0.519812090625 0.867034315625 0.541258171875 0.8716299 0.578022875 0.876225490625 0.58823529375 0.877757353125 0.60253268125 0.8700980406250001 0.64950980625 0.8547794124999999 0.666870915625 0.851715684375 0.689338234375 0.876225490625 0.7240604562499999 0.90226715625 0.7373366 0.867034315625 0.715890525 0.8486519593749999 0.70261438125 0.82414215625 0.697508171875 0.7919730406250001 0.68831699375 0.761335784375 0.676062090625 0.723039215625 0.659722221875 0.735294115625 0.64746731875 0.7873774499999999 0.6505310468750001 0.8026960781250001 0.6311274499999999 0.82414215625 0.615808821875 0.8210784312499999 0.60049019375 0.7797181375 0.5861928125 0.7536764687499999 0.57598039375 0.7766544125 0.5688316999999999 0.8042279406249999 0.563725490625 0.825674021875 0.533088234375 0.833333334375 0.526960784375 0.825674021875 0.516748365625 0.801164215625 0.50857843125 0.768995096875 0.49734477187500004 0.74142156875 0.48202614375 0.72916666875 0.47487745 0.73835784375 0.456495096875 0.778186275 0.450367646875 0.80575980625 0.4391339875 0.78125 0.430964053125 0.749080884375 0.4248366 0.72763480625 0.41870915000000003 0.716911765625 0.41156045625 0.712316178125 0.393178103125 0.73376225625 0.3860294125 0.749080884375 0.3799019625 0.78125 0.358455884375 0.814950978125 0.34926470625 0.807291665625 0.327818628125 0.7536764687499999 0.314542484375 0.73376225625 0.287990196875 0.74448529375 0.276756534375 0.7735906875 0.267565359375 0.8134191187500001 0.2563317 0.842524509375 0.255310459375 0.8823529406249999 0.2685866 0.903799021875 0.291053921875 0.8915441187500001 0.304330065625 0.8823529406249999 0.329861109375 0.8808210781250001 0.36356209375000004 0.868566175 0.383986928125 0.851715684375 0.398284315625 0.844056371875 0.4248366 0.839460784375 0.45751634062499996 0.8379289218749999 0.47998365937500004 0.840992646875 0.500408496875 0.859375
2 0.3125 0.415625 0.0875 0.1515625
2 0.478125 0.4625 0.1140625 0.1796875
2 0.6421875 0.4234375 0.09375 0.0953125
1 0.921875 0.421875 0.0859375 0.140625
5 0.625 0.79375 0.0703125 0.121875
4 0.4984375 0.715625 0.0734375 0.146875
3 0.5421875 0.6875 0.09375 0.228125
3 0.453125 0.69375 0.0875 0.2640625
3 0.353125 0.68125 0.1171875 0.2359375
3 0.625 0.6765625 0.1046875 0.253125
3 0.7890625 0.4 0.1046875 0.290625