1 0.01875 0.8296875 0.0375 0.159375
1 0.053125 0.9734375 0.1046875 0.053125
1 0.21875 0.978125 0.1171875 0.0421875
1 0.3171875 0.978125 0.08125 0.04375
1 0.41875 0.98125 0.1046875 0.0375
1 0.54375 0.96875 0.0921875 0.0609375
1 0.54375 0.68125 0.090625 0.1109375
0 0.1984375 0.659375 0.396875 0.2421875
0 0.490625 0.5984375 0.2203125 0.190625
0 0.8266646218749999 0.754017859375 0.79515201875 0.74876575625 0.7636394125 0.74701505625 0.727458275 0.74876575625 0.709951271875 0.733009453125 0.70761700625 0.7925332625 0.713452675 0.8468049750000001 0.730959675 0.862561275 0.739129609375 0.8100402687500001 0.75897088125 0.790782565625 0.78931635 0.801286765625 0.8266646218749999 0.839802171875 0.8558429625 0.8468049750000001 0.8663471625 0.801286765625 0.9001940375 0.7820290625 0.90836396875 0.745264353125 0.896692634375 0.71550245 0.8651800312500001 0.738261553125 0.8266646218749999 0.754017859375
0 1 0.7675897968750001 0.9597178468750001 0.7575192562499999 0.8978597718750001 0.731258753125 0.9106982374999999 0.76802345625 0.9106982374999999 0.7960346625 0.9282052406249999 0.7925332625 0.9608849781250001 0.8082895656250001 0.98889618125 0.8363007687499999 0.9900633187500001 0.8678133750000001 1 0.89099896875 1 0.7675897968750001
4 0.9234375 0.790625 0.125 0.1
4 0.753125 0.790625 0.053125 0.06875