3 0.5078125 0.3625 0.065625 0.1203125
3 0.565625 0.35625 0.053125 0.10625
3 0.525 0.265625 0.0609375 0.0921875
3 0.4421875 0.284375 0.10625 0.0859375
3 0.453125 0.36875 0.05 0.0921875
4 0.3515625 0.3875 0.034375 0.0671875
4 0.415625 0.38125 0.0375 0.0734375
3 0.859375 0.14375 0.1921875 0.2859375
3 0.884375 0.38125 0.1109375 0.15625
3 0.94375 0.3375 0.1109375 0.2421875
3 0.184375 0.4875 0.09375 0.05625
3 0.321875 0.6015625 0.078125 0.171875
3 0.146875 0.58125 0.1140625 0.196875
3 0.2125 0.559375 0.0640625 0.1375
3 0.434375 0.475 0.0609375 0.0296875
3 0.371875 0.575 0.0546875 0.1515625
3 0.428125 0.5734375 0.071875 0.171875
3 0.384375 0.4875 0.0984375 0.0578125
2 0.825 0.7375 0.0359375 0.11875
1 0.8625 0.746875 0.03125 0.090625
1 0.728125 0.753125 0.03125 0.090625
1 0.75625 0.753125 0.0234375 0.0828125
1 0.696875 0.76875 0.0265625 0.0703125
1 0.7859375 0.759375 0.0234375 0.0671875