0 0.184375 0.71875 0.2765625 0.075
4 0.0375 0.584375 0.0671875 0.084375
4 0.1234375 0.596875 0.0828125 0.0640625
4 0.20625 0.609375 0.0734375 0.078125
4 0.271875 0.6 0.0421875 0.06875
4 0.33125 0.6 0.034375 0.0578125
4 0.271875 0.69375 0.0625 0.1109375
4 0.215625 0.6734375 0.0484375 0.05625
4 0.1546875 0.675 0.0515625 0.05625
4 0.0953125 0.665625 0.0640625 0.0671875
4 0.03125 0.6859375 0.0625 0.090625
1 0.96875 0.796875 0.046875 0.0875
4 0.915625 0.8328125 0.04375 0.0734375
4 0.7109375 0.7390625 0.03125 0.053125
4 0.74375 0.721875 0.0328125 0.0515625
5 0.90625 0.646875 0.0421875 0.0765625
3 0.978125 0.753125 0.0421875 0.1421875
3 0.9296875 0.775 0.0734375 0.1109375
3 0.88125 0.825 0.0765625 0.1296875
3 0.828125 0.828125 0.0609375 0.0953125
3 0.865625 0.6640625 0.0828125 0.1375
3 0.946875 0.6109375 0.10625 0.153125