1 0.446875 0.25625 0.0609375 0.0875
1 0.38125 0.2625 0.0578125 0.0765625
1 0.528125 0.246875 0.0359375 0.05625
0 0.6580459249999999 0.454411765625 0.66875 0.43755284687499996 0.66875 0.358820734375 0.66038019375 0.35812325 0.63820465625 0.365126053125 0.619530521875 0.36337535 0.5950207187500001 0.32135854375 0.56934378125 0.31785714375 0.5635081125 0.36687675 0.59618785 0.365126053125 0.60552491875 0.417647059375 0.626533321875 0.46491596562500004 0.6580459249999999 0.454411765625
0 0.41061361874999996 0.31785714375 0.424619221875 0.340616246875 0.45146329375 0.349369746875 0.47714023125000005 0.373879553125 0.48531016562499996 0.40364145625000003 0.503984303125 0.41239495625 0.5191570375000001 0.39313725625 0.527326971875 0.37212885 0.5565053125 0.36337535 0.560006709375 0.31435574375 0.52499270625 0.32135854375 0.49231296875 0.342366946875 0.461967496875 0.31435574375 0.43278915625 0.30385154375 0.41061361874999996 0.31785714375
0 0.353424078125 0.42114845624999997 0.36509541562500003 0.40539215625 0.379101015625 0.384383753125 0.394273753125 0.351120446875 0.408279353125 0.333613446875 0.408279353125 0.3 0.39629678125 0.3 0.36976394687499997 0.310854340625 0.35459121250000003 0.32485994375 0.31607580625 0.32485994375 0.28339606562499997 0.32310924375 0.254217728125 0.340616246875 0.267056196875 0.36687675 0.30440446875 0.38088235312499996 0.317242940625 0.422899159375 0.33474994062499996 0.4316526625 0.353424078125 0.42114845624999997
0 0.1456743125 0.36687675 0.170184115625 0.39313725625 0.19352678437499998 0.41939775937499996 0.218036590625 0.428151259375 0.22854079062500002 0.41064425625 0.24371352812499997 0.386134453125 0.253050596875 0.36337535 0.253050596875 0.31960784375 0.212200921875 0.333613446875 0.174852646875 0.33011204375 0.134002975 0.33011204375 0.13050157499999998 0.35287115 0.1456743125 0.36687675
0 0.04413369375 0.42464986250000003 0.061640696875 0.46666666875 0.07798056875 0.42464986250000003 0.086150503125 0.40714285937500005 0.089651903125 0.379131653125 0.121164509375 0.36162465 0.12349877499999999 0.32310924375 0.09432043749999999 0.33186274375 0.0464679625 0.35987394687499996 0.0021168875 0.384383753125 0.010286825 0.40364145625000003 0.04413369375 0.42464986250000003
0 0.62770045625 0.928851540625 0.642873190625 0.965616246875 0.66038019375 0.963865546875 0.66875 0.9520955062500001 0.66875 0.8410167218750001 0.6685501281249999 0.841316528125 0.646374590625 0.9043417375 0.62770045625 0.928851540625
0 0.55767244375 0.95686274375 0.58918505 0.935854340625 0.6253661875 0.962114846875 0.639371790625 0.9481092406249999 0.6323689906250001 0.899089634375 0.60902631875 0.851820728125 0.58568365 0.86057423125 0.57167804375 0.899089634375 0.5366640406250001 0.9113445375 0.55767244375 0.95686274375
0 0.442126225 0.9025910375 0.43979195937500004 0.93760504375 0.4829759 0.9481092406249999 0.5284941062499999 0.965616246875 0.5471682437500001 0.9516106437499999 0.541332575 0.9078431374999999 0.527326971875 0.8868347312499999 0.50981996875 0.836064425 0.48647729687499996 0.8273109218749999 0.47597310000000004 0.8745798312499999 0.442126225 0.9025910375
0 0.328914275 0.934103640625 0.375599615625 0.9463585437500001 0.4129478875 0.958613446875 0.43278915625 0.9516106437499999 0.43278915625 0.8833333343750001 0.41178075312500007 0.822058825 0.38376955 0.836064425 0.375599615625 0.85882353125 0.331248540625 0.8868347312499999 0.328914275 0.934103640625
0 0.24604779375 0.8098039218749999 0.22737365625 0.839565828125 0.199362453125 0.851820728125 0.167849846875 0.837815125 0.1491757125 0.785294115625 0.11182743749999999 0.79579831875 0.08498336875 0.816806725 0.03713089375 0.836064425 0.031295228125000005 0.893837534375 0.103657503125 0.9113445375 0.15501138125 0.9148459375 0.212200921875 0.921848740625 0.247214928125 0.9271008406249999 0.28339606562499997 0.9411064437500001 0.320744340625 0.930602240625 0.31957720625 0.878081234375 0.3102401375 0.8448179281250001 0.299735934375 0.815056021875 0.291566 0.7712885125 0.27172473125 0.783543415625 0.24604779375 0.8098039218749999
2 0.6375 0.5296875 0.059375 0.084375
0 1 0.573943603125 0.9052038906250001 0.5078070343750001 0.783349915625 0.4765388 0.66875 0.48029900000000003 0.66875 0.92708973125 0.8333413406249999 0.736065209375 0.91926398125 0.68759935625 0.9875000375 0.72265625 1 0.591436259375 1 0.573943603125