5 0.4890625 0.1265625 0.0484375 0.0609375
5 0.478125 0.1890625 0.0484375 0.0515625
5 0.171875 0.175 0.05 0.0546875
5 0.1078125 0.06875 0.0234375 0.05
5 0.10625 0.01875 0.0234375 0.0375
1 0.371875 0.3234375 0.03125 0.0671875
1 0.415625 0.2875 0.034375 0.0515625
1 0.3375 0.315625 0.0640625 0.053125
1 0.2421875 0.303125 0.0546875 0.0390625
1 0.196875 0.275 0.046875 0.05
0 1 0.13269523125 0.9855494281249999 0.126715684375 0.972273284375 0.115992646875 0.962060865625 0.105269609375 0.942657271875 0.09607843125 0.932444853125 0.088419115625 0.916104984375 0.083823528125 0.90078635625 0.09301470625 0.894658903125 0.089950978125 0.8885314531249999 0.08688725625 0.873212828125 0.08688725625 0.86402165 0.088419115625 0.84768178125 0.071568628125 0.8405330875000001 0.074632353125 0.832363153125 0.09301470625 0.8170445281250001 0.089950978125 0.806832109375 0.083823528125 0.789470996875 0.076164215625 0.7721098875 0.08075980625 0.748621321875 0.08688725625 0.729217728125 0.088419115625 0.71492034375 0.088419115625 0.7006229562499999 0.08535539375 0.6883680562500001 0.076164215625 0.67917688125 0.09914215625 0.6607945281250001 0.112928921875 0.64139093125 0.106801471875 0.6291360312500001 0.102205884375 0.612796159375 0.077696078125 0.604626225 0.070036765625 0.584201390625 0.08075980625 0.5796875 0.08354779375 0.5796875 0.15582107812499998 0.590328840625 0.15582107812499998 0.618923609375 0.152757353125 0.649560865625 0.163480390625 0.68019811875 0.16807598125 0.7190053125 0.157352940625 0.754748775 0.140502453125 0.79457720625 0.137438725 0.8344056375 0.142034315625 0.8609579249999999 0.1481617625 0.8967013875 0.16501225625 0.936529821875 0.17573529375000002 0.9937193625 0.17879901874999998 1 0.17734964375 1 0.13269523125
3 0.9546875 0.021875 0.090625 0.04375
3 0.9734375 0.084375 0.053125 0.16875
3 0.86875 0.046875 0.1484375 0.09375
0 0 0.614987784375 0.009875409375 0.608254553125 0.0343852125 0.5732405468749999 0.065897815625 0.54873074375 0.042555146875 0.5137167375 0.004039740625 0.5347251375 0 0.533917190625 0 0.614987784375
0 0.11258315625 0.641517859375 0.128923028125 0.6292629562500001 0.13826009687500002 0.59249825 0.1837783 0.576741946875 0.1837783 0.541727940625 0.145262896875 0.54873074375 0.111416025 0.56448704375 0.0822376875 0.5399772406250001 0.05772788125 0.5189688375 0.06356355 0.55748424375 0.097410425 0.6012517500000001 0.11258315625 0.641517859375
0 0.19311536875 0.608254553125 0.198951040625 0.6345150562499999 0.221126575 0.6660276625 0.244469246875 0.615257353125 0.261976246875 0.594248946875 0.289987453125 0.574991246875 0.28181751875 0.5399772406250001 0.25380631249999996 0.541727940625 0.23279790937499997 0.55748424375 0.20478670625 0.576741946875 0.19661677187499998 0.55573354375 0.180276903125 0.56448704375 0.19311536875 0.608254553125
0 0.293649334375 1 0.28415178750000003 0.9829044124999999 0.24913778125000002 0.995159315625 0.222293709375 0.991657915625 0.20478670625 0.967148109375 0.187279703125 0.93388480625 0.170939834375 0.8971201000000001 0.16043563125 0.944389003125 0.141761496875 0.970649509375 0.125421628125 0.967148109375 0.09507615625 0.940887603125 0.09157475625 0.9041229 0.0822376875 0.8953693968750001 0.07406775 0.9198791999999999 0.06122928125 0.940887603125 0.039053746875 0.9426383062499999 0.030883812500000003 0.928632703125 0.020379609375 0.890117296875 0.012209675 0.932134103125 0.01454394375 0.965397409375 0.050725081250000005 0.991657915625 0.06356355 0.9759016125000001 0.07290061875 0.9759016125000001 0.0889662125 1 0.293649334375 1
5 0.9640625 0.553125 0.0546875 0.1171875