3 0.234375 0.29375 0.059375 0.2203125
1 0.45625 0.359375 0.0625 0.096875
1 0.328125 0.3421875 0.0421875 0.1703125
1 0.38125 0.3375 0.0390625 0.10625
3 0.421875 0.303125 0.0734375 0.178125
3 0.190625 0.29375 0.0453125 0.2125
0 0.599517375 0.742389465625 0.58310810625 0.76148465 0.5618725875 0.7453271906250001 0.5502895750000001 0.704199103125 0.536776059375 0.6527890000000001 0.527123553125 0.6733530375 0.50781853125 0.7277008625 0.48851351249999997 0.7556092125 0.477895753125 0.773235534375 0.45666023125 0.7717666750000001 0.441216215625 0.758546928125 0.419980696875 0.729169728125 0.40743243125 0.714481125 0.395849421875 0.749733771875 0.384266409375 0.7776421124999999 0.3765444 0.815832478125 0.34758687187500004 0.8173013375 0.329247103125 0.7849864125 0.3253861 0.749733771875 0.310907334375 0.7027302468750001 0.29160231875 0.717418846875 0.280984559375 0.7702978093749999 0.2742278 0.814363615625 0.298359075 0.8584294218749999 0.32152509687499997 0.8452096812500001 0.369787646875 0.827583359375 0.39295366875000004 0.851085121875 0.400675675 0.886337765625 0.42963320312500003 0.893682065625 0.476930503125 0.88340004375 0.518436290625 0.8598982812499999 0.5628378374999999 0.834927659375 0.595656371875 0.82905221875 0.609169884375 0.8040815968749999 0.61875 0.783364871875 0.61875 0.661003146875 0.6159266375 0.64838241875 0.61689189375 0.680697340625 0.6130308875 0.713012265625 0.599517375 0.742389465625
1 0.240625 0.83125 0.0796875 0.140625
1 0.125 0.8375 0.06875 0.15625
1 0.35625 0.8328125 0.0828125 0.11875
5 0.30625 0.653125 0.0515625 0.121875
5 0.178125 0.665625 0.04375 0.1421875
0 1 0.612493934375 0.8099454187499999 0.6187299125 0.667782525 0.66563225625 0.61875 0.658544428125 0.61875 0.8611024468749999 0.663095790625 0.872002709375 0.7503691875 1 0.940243284375 1 1 0.9306464249999999 1 0.612493934375