3 0.178125 0.490625 0.0921875 0.078125
1 0.009375 0.48125 0.01875 0.046875
1 0.20625 0.50625 0.06875 0.0578125
2 0.35625 0.321875 0.075 0.05625
5 0.734375 0.14375 0.0421875 0.05
5 0.7890625 0.14375 0.0265625 0.0375
5 0.7015625 0.146875 0.0359375 0.059375
5 0.63125 0.14375 0.040625 0.0546875
5 0.665625 0.1421875 0.034375 0.0515625
5 0.590625 0.153125 0.0328125 0.040625
5 0.184375 0.6109375 0.103125 0.0625
5 0.303125 0.8328125 0.059375 0.109375
5 0.31875 0.93125 0.059375 0.0828125
5 0.015625 0.65625 0.0296875 0.1296875
5 0.3359375 0.9828125 0.078125 0.034375
3 0.078125 0.628125 0.1265625 0.096875
5 0.809375 0.7328125 0.0421875 0.0546875
5 0.84375 0.825 0.0546875 0.075
5 0.865625 0.9 0.040625 0.0546875
5 0.775 0.665625 0.046875 0.0859375