0 0.4178052375 0 0.410017765625 0.027259196875000002 0.411219975 0.058518253124999996 0.42083706562499995 0.08256369375 0.442475475 0.099395521875 0.461709475 0.0645296125 0.4809436625 0.059720553125 0.49897563749999996 0.07414778125 0.509794753125 0.094586415625 0.5482630281249999 0.128250025 0.55788011875 0.069338721875 0.5759121 0.042888728125 0.5867312124999999 0.053709190625 0.5987525312499999 0.071743271875 0.608369625 0.08256369375 0.6251994875 0.10540688125 0.637220809375 0.121036409375 0.646837809375 0.101800078125 0.663667675 0.087372803125 0.688912425 0.048900084375 0.6949230843749999 0.041686471875 0.720167928125 0.051304640624999995 0.736997703125 0.062125059375 0.74781690625 0.06693416875 0.7610403375 0.08256369375 0.775465978125 0.112620496875 0.783880865625 0.12945232499999998 0.7922958437500001 0.161913678125 0.8019128437499999 0.19677954375 0.8175405937500001 0.21240907187500002 0.8295619125 0.21962273125 0.846391778125 0.202790903125 0.857210890625 0.178745459375 0.8584130968749999 0.151093215625 0.8680301 0.11863185937500001 0.88365785 0.087372803125 0.8944770562500001 0.0645296125 0.8992855093750001 0.022450090625 0.9101047156250001 0.00802281875 0.929338809375 0.004416009375 0.944966559375 0.015236478125 0.9569878781250001 0.022450090625 0.964200653125 0.032068259375000005 0.982232628125 0.057316 0.9906476062499999 0.084968246875 1 0.08933321250000001 1 0 0.4178052375 0
1 0.71875 0.0796875 0.1515625 0.1359375
1 0.490625 0.14375 0.121875 0.196875
1 0.596875 0.11875 0.11875 0.15625
1 0.371875 0.35625 0.1046875 0.125
1 0.45 0.3640625 0.1203125 0.109375
1 0.55625 0.365625 0.1390625 0.1078125
1 0.78125 0.3515625 0.146875 0.134375
3 0.9796875 0.1859375 0.040625 0.221875
3 0.91875 0.15 0.1625 0.28125
2 0.66875 0.653125 0.05625 0.08125
3 0.7265625 0.653125 0.109375 0.140625
3 0.73125 0.759375 0.0640625 0.0671875
3 0.68125 0.728125 0.0671875 0.053125
3 0.58125 0.64375 0.065625 0.125