5 0.3125 0.4265625 0.1125 0.146875
5 0.221875 0.4609375 0.0796875 0.1546875
5 0.4328125 0.434375 0.1359375 0.1890625
5 0.5875 0.43125 0.1453125 0.20625
5 0.7 0.428125 0.1 0.1609375
5 0.79375 0.428125 0.059375 0.16875
5 0.65 0.6265625 0.078125 0.190625
5 0.7359375 0.6390625 0.075 0.178125
5 0.5734375 0.6390625 0.0828125 0.171875
5 0.4921875 0.6375 0.096875 0.2
5 0.403125 0.63125 0.0984375 0.2015625
5 0.31875 0.6375 0.0703125 0.1828125
5 0.259375 0.634375 0.0734375 0.1765625
5 0.190625 0.6109375 0.0453125 0.1296875
5 0.8046875 0.646875 0.059375 0.1375
5 0.834375 0.61875 0.0546875 0.1390625