4 0.465625 0.103125 0.00625 0.0421875
4 0.434375 0.096875 0.0265625 0.034375
0 0.534429065625 0.292431265625 0.522895040625 0.27136913125 0.48444828749999996 0.26083806875 0.46875 0.26592176875 0.46875 0.41875 0.759890440625 0.41875 0.7593425625 0.41429075 0.7122452906250001 0.367653171875 0.69013840625 0.3435821625 0.6516916562499999 0.325528903125 0.62670126875 0.304466771875 0.583448671875 0.314997834375 0.557497115625 0.32252002812499997 0.541157246875 0.33004221875 0.534429065625 0.292431265625
1 0.553125 0.209375 0.1671875 0.259375
1 0.7375 0.234375 0.1828125 0.321875
0 0.890625 0.26875 0.1125 0.1890625
0 0 0.7478094375000001 0.004503678125 0.748774509375 0.017779818750000002 0.787071078125 0.04943831875 0.80238970625 0.09130923125 0.797794115625 0.098457925 0.81924019375 0.12194648749999999 0.836090684375 0.157689953125 0.836090684375 0.179136028125 0.825367646875 0.20568831875 0.8039215687500001 0.21998570312500002 0.7717524499999999 0.23428308750000001 0.762561275 0.2638991 0.750306371875 0.299642565625 0.750306371875 0.355810865625 0.750306371875 0.393596815625 0.7549019593749999 0.45589256562499997 0.7549019593749999 0.46875 0.756476340625 0.46875 0.6242749187500001 0.45691380937500004 0.612438725 0.430361521875 0.627757353125 0.422191584375 0.6645220593750001 0.399724265625 0.666053921875 0.38542688125 0.65073529375 0.370108253125 0.64001225625 0.362959559375 0.670649509375 0.355810865625 0.6951593125 0.32721609687500003 0.71200980625 0.312918709375 0.701286765625 0.298621325 0.675245096875 0.27206903437499996 0.66299019375 0.24653799062499998 0.6829044125 0.22611315312500002 0.6890318625 0.213858253125 0.6920955875 0.19139093125 0.7150735312500001 0.159732434375 0.748774509375 0.143392565625 0.7594975500000001 0.1188827625 0.765625 0.102542890625 0.750306371875 0.092330475 0.71660539375 0.070884396875 0.73498774375 0.05148080000000001 0.748774509375 0.031055965624999998 0.7426470593750001 0.01165236875 0.72273284375 0.013694853125 0.6813725500000001 0.009609884374999999 0.666053921875 0 0.666053921875 0 0.7478094375000001
1 0.046875 0.4890625 0.09375 0.140625
1 0.1546875 0.475 0.103125 0.1109375
1 0.1453125 0.65625 0.1015625 0.1796875
1 0.2375 0.646875 0.059375 0.128125
1 0.3125 0.65625 0.0796875 0.1140625
1 0.05625 0.6625 0.0859375 0.1890625
1 0.009375 0.65 0.0171875 0.121875
5 0.3359375 0.521875 0.0484375 0.159375
3 0.146875 0.4875 0.1046875 0.1359375
3 0.14375 0.6421875 0.0984375 0.2609375
3 0.596875 0.8640625 0.1140625 0.271875
3 0.61875 0.56875 0.1171875 0.3