5 0.2421875 0.1859375 0.0265625 0.05
5 0.225 0.16875 0.0171875 0.04375
5 0.20625 0.1578125 0.025 0.05
5 0.271875 0.178125 0.021875 0.0546875
5 0.39375 0.175 0.040625 0.05
5 0.440625 0.18125 0.0203125 0.0421875
5 0.471875 0.175 0.0265625 0.04375
2 0.73125 0.4796875 0.0828125 0.3
2 0.353125 0.9640625 0.1890625 0.071875
0 0.8026902437500001 0.71949955625 0.730327965625 0.714208553125 0.6890625 0.720444221875 0.6890625 0.803606503125 0.709319559375 0.814737653125 0.720990896875 0.8182649906250001 0.74433356875 0.81121031875 0.756004903125 0.7971009687499999 0.78751750625 0.7935736343750001 0.824865778125 0.8129739875 0.843539915625 0.7953373 0.866882584375 0.7653549374999999 0.8505427187500001 0.721263228125 0.8026902437500001 0.71949955625
0 0.8983951906250001 0.730081571875 0.8715511218750001 0.726554234375 0.8808881875000001 0.790046296875 0.8983951906250001 0.84295635 0.917069328125 0.83061066875 0.9462476656250001 0.782991621875 0.9334092 0.7441909156250001 0.8983951906250001 0.730081571875
5 0.76875 0.91875 0.0859375 0.1625
5 0.853125 0.8953125 0.0671875 0.209375
5 0.9734375 0.8734375 0.053125 0.184375