2 0.5375 0.109375 0.0296875 0.040625
2 0.0671875 0.021875 0.034375 0.04375
2 0.51875 0.3875 0.0375 0.0546875
2 0.509375 0.328125 0.03125 0.0375
2 0.0875 0.3625 0.0359375 0.0390625
3 0.871875 0.1890625 0.0921875 0.140625
3 0.8 0.184375 0.0859375 0.140625
5 0.771875 0.1875 0.078125 0.1265625
2 0.903125 0.2875 0.103125 0.078125
2 0.4703125 0.7703125 0.315625 0.459375
5 0.815625 0.5546875 0.0328125 0.0953125
5 0.675 0.540625 0.0265625 0.0859375
5 0.784375 0.696875 0.0296875 0.059375
5 0.703125 0.6828125 0.01875 0.0578125