5 0.540625 0.40625 0.0484375 0.05
5 0.484375 0.4 0.0671875 0.046875
5 0.425 0.3890625 0.046875 0.0546875
5 0.39375 0.3859375 0.0484375 0.046875
4 0.49375 0.303125 0.1015625 0.075
4 0.35625 0.4421875 0.028125 0.0375
5 0.540625 0.44375 0.0546875 0.0671875
5 0.48125 0.4453125 0.0640625 0.06875
5 0.415625 0.440625 0.05625 0.06875
5 0.428125 0.325 0.0453125 0.0671875
0 0.940625 0.1671875 0.1171875 0.328125
2 0.98125 0.76875 0.0375 0.0953125
2 0.9640625 0.9515625 0.071875 0.096875
3 0.821875 0.68125 0.14375 0.284375
3 0.715625 0.6625 0.1484375 0.246875