5 0.259375 0.375 0.0578125 0.096875
5 0.2234375 0.584375 0.0390625 0.0859375
5 0.31875 0.215625 0.0296875 0.0765625
5 0.41875 0.20625 0.0265625 0.090625
0 1 0.286561303125 0.755654975 0.32188225937500003 0.613492078125 0.2749799125 0.45 0.269615490625 0.45 0.61772483125 0.48588679375000005 0.659375 0.67093756875 0.659375 0.760341709375 0.528252709375 0.8493887625 0.50636480625 0.9399981437499999 0.545450153125 1 0.598432990625 1 0.286561303125
3 0.1578125 0.909375 0.103125 0.1453125
0 1 0.8836944593749999 0.984854984375 0.8742678125 0.9736213250000001 0.8606808562499999 0.9674938718750001 0.83501660625 0.95523896875 0.797275059375 0.9450265531250001 0.785197765625 0.930729165625 0.809352353125 0.92255923125 0.82142965 0.9123468156250001 0.80180404375 0.9021343937499999 0.794255734375 0.88987949375 0.783688103125 0.8796670750000001 0.809352353125 0.868433415625 0.8380359281249999 0.8653696875 0.871248490625 0.8623059625 0.8848354468749999 0.8469873375000001 0.8818161218749999 0.833711190625 0.8818161218749999 0.824520015625 0.86520984375 0.812265115625 0.8425649156249999 0.804095178125 0.818410325 0.794904003125 0.80633303125 0.7887765531250001 0.800294384375 0.772436684375 0.82142965 0.765287990625 0.8486035624999999 0.76018178125 0.85917119375 0.750990603125 0.8742678125 0.732608253125 0.85917119375 0.721374590625 0.83501660625 0.71014093125 0.824448971875 0.6938010625000001 0.8787967999999999 0.6927798187499999 0.8923837562499999 0.68971609375 0.9180480093750001 0.6733762249999999 0.9271059781250001 0.64784518125 0.9301253031250001 0.6406964875 0.9210673312500001 0.62742034375 0.9089900343749999 0.623335375 0.88936443125 0.611080471875 0.868229165625 0.604953025 0.901441725 0.604953025 0.9301253031250001 0.6121017156249999 0.9693765093750001 0.64273896875 0.9784344812500001 0.6846098875 0.9678668500000001 0.708098446875 0.9512605687500001 0.7132046562500001 0.9376736125 0.7387357031249999 0.9361639500000001 0.759160540625 0.9331446250000001 0.79592524375 0.9331446250000001 0.8265625 0.9331446250000001 0.8827308 0.9346542875000001 0.88681576875 0.9150286812499999 0.9123468156250001 0.9150286812499999 0.9440053125000001 0.9150286812499999 0.9715788406250001 0.9391832750000001 1 0.949368459375 1 0.8836944593749999
4 0.9265625 0.759375 0.0640625 0.1390625
4 0.846875 0.8125 0.1 0.16875
4 0.9796875 0.8171875 0.040625 0.178125
3 0.98125 0.78125 0.0375 0.2453125
3 0.840625 0.7765625 0.10625 0.23125
3 0.646875 0.815625 0.128125 0.2578125
0 1 0.8904020687499999 0.9794293749999999 0.8788663937500001 0.966355240625 0.83537561875 0.955460103125 0.80799233125 0.9467439593750001 0.7870524125 0.92822225625 0.8096031437500001 0.9238641812499999 0.817657009375 0.9140585437500001 0.8160462 0.8922682656250001 0.7806091687500001 0.882462621875 0.80799233125 0.871567484375 0.841818615625 0.8650304156249999 0.882087890625 0.8552247749999999 0.886920259375 0.835613575 0.883698765625 0.8225393593750001 0.8788663937500001 0.81273371875 0.8627586562499999 0.8029281562499999 0.8241000656249999 0.7833168781250001 0.8063815812499999 0.7691531625 0.82248931875 0.757168525 0.86598015625 0.7408258156249999 0.883698765625 0.727751684375 0.854704790625 0.7081404 0.83698624375 0.69849875 0.88020581875 0.6885292 0.92880035 0.724483109375 0.9416865874999999 0.757168525 0.9465188343750001 0.845419134375 0.949740453125 0.8911787656250001 0.943297334375 0.9565496 0.9416865874999999 1 0.9402901187499999 1 0.8904020687499999