5 0.6625 0.29375 0.0375 0.0578125
5 0.646875 0.2640625 0.0359375 0.0609375
5 0.5953125 0.2859375 0.05 0.0921875
5 0.525 0.2828125 0.065625 0.06875
4 0.2734375 0.8703125 0.09375 0.0578125
5 0.3734375 0.7015625 0.0625 0.1109375
5 0.3046875 0.7125 0.0546875 0.0953125
3 0.38125 0.828125 0.0546875 0.1078125
3 0.446875 0.6875 0.065625 0.06875
0 0.854217728125 0.705024509375 0.841962828125 0.6697916687500001 0.83992034375 0.6452818625 0.837877859375 0.620772059375 0.81643178125 0.597794115625 0.7939644593749999 0.580943628125 0.774560865625 0.5748161781250001 0.744944853125 0.582475490625 0.7204350500000001 0.59473039375 0.705116421875 0.6039215687499999 0.685712825 0.634558821875 0.6591605406250001 0.61924019375 0.6295445281250001 0.6039215687499999 0.6029922375 0.60238970625 0.5938010625000001 0.6422181375 0.5999285125 0.660600490625 0.6142259 0.63762255 0.6275020437500001 0.634558821875 0.641799428125 0.6483455874999999 0.661203025 0.662132353125 0.6714154406249999 0.67285539375 0.678564134375 0.6835784312500001 0.7000102125 0.6820465687499999 0.718392565625 0.6452818625 0.73983864375 0.61770833125 0.77864583125 0.61770833125 0.7970281875 0.625367646875 0.81949550625 0.646813725 0.8297079249999999 0.6820465687499999 0.8368566187500001 0.708088234375 0.8440053125 0.732598040625 0.8572814531249999 0.71574755 0.854217728125 0.705024509375
0 0.980851715625 0.9654411749999999 0.96655433125 0.93174019375 0.964511846875 0.8827205875 0.9542994281249999 0.87199755 0.947150734375 0.878125 0.9389808000000001 0.911825978125 0.9246834156249999 0.942463234375 0.9185559624999999 0.9608455875 0.9083435468750001 0.95625 0.8950674 0.9439951000000001 0.879748775 0.922549021875 0.880770015625 0.885784315625 0.877706290625 0.861274509375 0.8685151156250001 0.85055146875 0.8552389687499999 0.878125 0.8429840687500001 0.9102941187500001 0.8235804718749999 0.9210171562499999 0.8113255718750001 0.9102941187500001 0.8051981218750001 0.8934436281249999 0.80213439375 0.87199755 0.777624590625 0.8765931374999999 0.767412175 0.90569853125 0.758220996875 0.9240808812499999 0.7500510625000001 0.93174019375 0.746987334375 0.9240808812499999 0.731668709375 0.91948529375 0.718392565625 0.899571078125 0.71022263125 0.867401959375 0.697967728125 0.8490196093750001 0.694904003125 0.8459558812499999 0.6877553125 0.864338234375 0.6826491 0.8903798999999999 0.678564134375 0.90263480625 0.673457925 0.9240808812499999 0.681627859375 0.9348039218749999 0.70409518125 0.936335784375 0.708180146875 0.9485906843749999 0.723498775 0.95625 0.734732434375 0.9608455875 0.7531147875 0.96237745 0.767412175 0.9485906843749999 0.77864583125 0.9439951000000001 0.7970281875 0.9547181374999999 0.8113255718750001 0.9654411749999999 0.830729165625 0.963909315625 0.848090278125 0.9608455875 0.85830269375 0.9485906843749999 0.8726000812500001 0.9685048999999999 0.887918709375 0.98382353125 0.911407271875 0.9853553906249999 0.9246834156249999 0.989950978125 0.945108253125 0.989950978125 0.96349060625 0.9884191187500001 0.97880923125 0.9822916656249999 0.980851715625 0.9654411749999999
2 0.4984375 0.725 0.01875 0.09375
4 0.921875 0.721875 0.1484375 0.2671875
4 0.771875 0.7390625 0.1328125 0.2671875
4 0.984375 0.921875 0.03125 0.128125
4 0.571875 0.6765625 0.0625 0.1765625
4 0.525 0.6375 0.0375 0.1265625
4 0.4953125 0.6078125 0.0125 0.109375
0 0.9421875 0.5890625 0.0984375 0.1