3 0.8765625 0.265625 0.078125 0.121875
3 0.940625 0.275 0.084375 0.1171875
3 0.9875 0.25625 0.025 0.1234375
3 0.79375 0.25625 0.059375 0.1375
5 0.825 0.271875 0.04375 0.071875
5 0.80625 0.125 0.0484375 0.1046875
2 0.346875 0.815625 0.0734375 0.08125
2 0.571875 0.8140625 0.0140625 0.0625
5 0.3171875 0.8953125 0.0328125 0.046875
2 0.54375 0.8125 0.05625 0.0890625
2 0.25625 0.83125 0.04375 0.0640625
2 0.29375 0.821875 0.0421875 0.06875
2 0.484375 0.825 0.046875 0.0671875
2 0.41875 0.8265625 0.0734375 0.1015625
0 0.82927786875 0.622467 0.7975059 0.6239175375 0.75574845625 0.634071296875 0.721253178125 0.625368075 0.68766566875 0.635521828125 0.6658791749999999 0.650027196875 0.651354846875 0.670334709375 0.629568353125 0.703697053125 0.64953930625 0.703697053125 0.680403503125 0.686290615625 0.705821078125 0.683389540625 0.72851534375 0.6949938375 0.737593046875 0.7196529593750001 0.770272784375 0.72545510625 0.7838893437500001 0.703697053125 0.795690359375 0.6949938375 0.808399146875 0.709499203125 0.822923475 0.72835618125 0.843802196875 0.7385099375 0.8574187562500001 0.751564765625 0.87738970625 0.7370593999999999 0.9009917406250001 0.706598128125 0.91279275625 0.690642225 0.913700525 0.652928271875 0.8919140343749999 0.638422903125 0.8556032124999999 0.622467 0.82927786875 0.622467
3 0.7703125 0.9046875 0.084375 0.190625
3 0.9859375 0.9078125 0.028125 0.178125
3 0.9703125 0.7921875 0.059375 0.171875
3 0.790625 0.775 0.1015625 0.184375
3 0.5984375 0.7625 0.0375 0.1671875
3 0.63125 0.859375 0.05625 0.115625
1 0.76875 0.990625 0.0515625 0.01875