5 0.1828125 0.028125 0.090625 0.05625
5 0.215625 0.0875 0.0765625 0.084375
5 0.24375 0.1875 0.0734375 0.0984375
5 0.2609375 0.2703125 0.0375 0.090625
5 0.2703125 0.33125 0.01875 0.075
2 0.340625 0.3421875 0.0625 0.0828125
2 0.7921875 0.440625 0.0578125 0.071875
2 0.43125 0.1546875 0.0765625 0.1
5 0.7328125 0.153125 0.0703125 0.0625
5 0.65 0.125 0.046875 0.0484375
5 0.496875 0.134375 0.05625 0.0546875
5 0.8 0.34375 0.0828125 0.0828125
5 0.56875 0.11875 0.05625 0.046875
5 0.25 0.93125 0.0609375 0.0484375
5 0.2546875 0.85 0.05 0.05625
3 0.2296875 0.925 0.0546875 0.075
2 0.6125 0.815625 0.0515625 0.0984375
2 0.953125 0.840625 0.059375 0.05625
3 0.8703125 0.9796875 0.071875 0.040625
3 0.7546875 0.9859375 0.078125 0.028125
3 0.709375 0.96875 0.0671875 0.0609375