2 0.4140625 0.10625 0.346875 0.2125
2 0.8109375 0.190625 0.378125 0.3796875
5 0.1375 0.909375 0.0359375 0.0515625
5 0.096875 0.903125 0.0546875 0.0546875
5 0.05 0.85 0.05 0.065625
5 0.025 0.79375 0.0421875 0.0640625
5 0.01875 0.7375 0.0359375 0.0671875
5 0.015625 0.68125 0.03125 0.0828125
5 0.009375 0.6265625 0.0171875 0.071875
1 0.103125 0.884375 0.0375 0.046875
1 0.0640625 0.853125 0.0390625 0.0625
1 0.128125 0.8953125 0.028125 0.046875
3 0.13125 0.915625 0.05 0.0734375
2 0.5515625 0.5265625 0.45 0.134375