5 0.2515625 0.509375 0.025 0.040625
5 0.2296875 0.5078125 0.03125 0.04375
5 0.159375 0.50625 0.0328125 0.046875
5 0.021875 0.5140625 0.0375 0.03125
5 0.109375 0.5125 0.0390625 0.0359375
5 0.065625 0.5046875 0.0390625 0.05
4 0.1875 0.515625 0.0453125 0.0265625
4 0.1390625 0.5125 0.03125 0.0328125
4 0.090625 0.509375 0.0390625 0.040625
0 0.028125 0.4359375 0.05625 0.065625
5 0.7171875 0.259375 0.028125 0.10625
3 0.784375 0.3015625 0.05625 0.1375
5 0.69375 0.2203125 0.034375 0.084375
5 0.946875 0.296875 0.0453125 0.1046875
4 0.84375 0.2875 0.0421875 0.0734375
4 0.8875 0.271875 0.0453125 0.084375
0 0.8671875 0.325 0.075 0.0421875
5 0.8 0.6234375 0.0640625 0.1
5 0.746875 0.846875 0.040625 0.1578125
5 0.64375 0.625 0.0453125 0.14375
3 0.5796875 0.809375 0.0734375 0.175
5 0.86875 0.678125 0.075 0.1546875
3 0.6875 0.65 0.1140625 0.240625
3 0.5609375 0.6203125 0.071875 0.18125
5 0.940625 0.715625 0.0515625 0.153125