5 0.5734375 0.25625 0.028125 0.075
5 0.5078125 0.271875 0.0421875 0.053125
5 0.475 0.1421875 0.0609375 0.1609375
4 0.625 0.49375 0.0125 0.040625
4 0.625 0.559375 0.0140625 0.0171875
4 0.6515625 0.5625 0.01875 0.0109375
0 0 0.651219703125 0.023723446875000002 0.650428921875 0.04619076875 0.650428921875 0.061509396875 0.656556371875 0.082955475 0.671875 0.09929534375 0.6825980406250001 0.10440155 0.71476715625 0.10542279375000001 0.75 0.114613971875 0.782169115625 0.141166259375 0.8235294124999999 0.162612334375 0.814338234375 0.183037171875 0.78829656875 0.20039828437499999 0.746936275 0.20039828437499999 0.728553921875 0.207546975 0.705575978125 0.226950571875 0.691789215625 0.251460375 0.684129903125 0.280055146875 0.6795343125 0.301501225 0.684129903125 0.339287171875 0.72395833125 0.3658394625 0.7775735312500001 0.37707311875 0.812806371875 0.389328025 0.8388480406250001 0.397497959375 0.8556985312500001 0.420986521875 0.8602941187500001 0.439368871875 0.831188725 0.44651756562499995 0.7775735312500001 0.46081494999999995 0.71936274375 0.47817606250000005 0.6672794125 0.49553717500000005 0.653492646875 0.519025734375 0.63204656875 0.55374795625 0.615196078125 0.598682596875 0.638174021875 0.61875 0.650214459375 0.61875 0.56875 0.48189338125000003 0.56875 0.4689848875 0.578431371875 0.447538809375 0.61825980625 0.43119893749999993 0.64276960625 0.413837825 0.688725490625 0.393412990625 0.69791666875 0.372988153125 0.687193628125 0.357669528125 0.64736519375 0.334180965625 0.62285539375 0.300479984375 0.5952818625 0.26065155 0.59375 0.21571691249999997 0.5998774499999999 0.19427083125 0.607536765625 0.166697303125 0.63204656875 0.143208740625 0.638174021875 0.13095384062499998 0.6044730406250001 0.11475939375 0.56875 0 0.56875 0 0.651219703125
4 0.059375 0.703125 0.11875 0.19375
0 0.703992975 1 0.704235465625 0.9899671031249999 0.69391555 0.9781064687500001 0.690475575 0.951420034375 0.68101565 0.9440071375000001 0.67413570625 0.9291813375 0.6620958031249999 0.9440071375000001 0.6534958718749999 0.9617980906250001 0.643175953125 0.9840367875 0.637184378125 1 0.703992975 1
1 0.865625 0.609375 0.1203125 0.08125
1 0.7234375 0.6109375 0.121875 0.084375
1 0.66875 0.909375 0.078125 0.18125
1 0.7546875 0.8984375 0.103125 0.203125
1 0.8296875 0.9453125 0.096875 0.109375
5 0.640625 0.9015625 0.04375 0.1875
5 0.7296875 0.8953125 0.096875 0.209375
5 0.653125 0.725 0.059375 0.140625