1 0.1609375 0.025 0.053125 0.05
1 0.2203125 0.03125 0.065625 0.0625
1 0.2890625 0.040625 0.065625 0.0796875
1 0.3546875 0.0421875 0.0625 0.084375
1 0.0375 0.03125 0.05 0.0625
3 0.04375 0.034375 0.0796875 0.06875
3 0.5921875 0.21875 0.0703125 0.05
3 0.5953125 0.1609375 0.0484375 0.0515625
5 0.4703125 0.8 0.028125 0.0578125
5 0.471875 0.86875 0.01875 0.053125
5 0.446875 0.8703125 0.0140625 0.05
5 0.5 0.8625 0.015625 0.0359375
4 0.5296875 0.7640625 0.01875 0.0515625
4 0.41875 0.7875 0.03125 0.0484375