5 0.246875 0.615625 0.0640625 0.0859375
5 0.23125 0.5375 0.10625 0.096875
5 0.271875 0.465625 0.10625 0.109375
5 0.678125 0.2921875 0.059375 0.071875
5 0.778125 0.696875 0.0828125 0.08125
5 0.778125 0.596875 0.08125 0.0953125
5 0.7625 0.51875 0.0765625 0.0546875
5 0.74375 0.434375 0.10625 0.090625
5 0.715625 0.359375 0.090625 0.0828125
4 0.21875 0.296875 0.0921875 0.059375
4 0.140625 0.46875 0.0671875 0.078125
4 0.109375 0.5734375 0.0859375 0.096875
4 0.828125 0.378125 0.075 0.0953125
4 0.890625 0.51875 0.059375 0.0890625
5 0.228125 0.7046875 0.075 0.1