1 0.1625 0.55 0.04375 0.0375
1 0.121875 0.55 0.0359375 0.0359375
1 0.028125 0.45 0.0453125 0.071875
1 0.08125 0.4375 0.04375 0.05625
1 0.1375 0.4328125 0.0578125 0.05625
1 0.16875 0.434375 0.0390625 0.0421875
1 0.2125 0.453125 0.0515625 0.0390625
5 0.228125 0.4890625 0.0421875 0.0828125
5 0.184375 0.478125 0.0421875 0.084375
5 0.0765625 0.49375 0.046875 0.1
5 0.0265625 0.5015625 0.0390625 0.10625
0 0.6796875 0.254620453125 0.6796875 0.312037178125 0.725049603125 0.313230915625 0.767066409375 0.31148021875 0.7822391468750001 0.29397321249999997 0.78690768125 0.25895920625 0.774069209375 0.206438203125 0.7530608062499999 0.19068189687499998 0.741389471875 0.223945203125 0.7227153375 0.26596200937500003 0.6900356000000001 0.272964809375 0.6796875 0.254620453125
5 0.7078125 0.19375 0.05625 0.1703125
5 0.771875 0.175 0.0734375 0.128125
3 0.8390625 0.2125 0.0828125 0.2359375
3 0.7765625 0.15 0.0796875 0.1859375
3 0.709375 0.1578125 0.059375 0.21875
2 0.3390625 0.8546875 0.678125 0.290625
2 0.725 0.6046875 0.0890625 0.071875