3 0.61875 0.15 0.0421875 0.153125
5 0.5078125 0.2375 0.0375 0.0609375
5 0.55625 0.2484375 0.03125 0.06875
5 0.60625 0.25625 0.034375 0.0703125
5 0.634375 0.28125 0.0078125 0.05625
1 0.428125 0.95625 0.0453125 0.071875
1 0.375 0.9421875 0.04375 0.05625
1 0.31875 0.9375 0.0578125 0.05625
1 0.2875 0.9390625 0.0390625 0.0421875
1 0.24375 0.9578125 0.0515625 0.0390625
5 0.228125 0.975 0.0421875 0.0484375
5 0.271875 0.9703125 0.0421875 0.059375
5 0.3796875 0.9734375 0.046875 0.053125
5 0.428125 0.9765625 0.0390625 0.046875