3 0.1875 0.2234375 0.1015625 0.228125
5 0.778125 0.13125 0.059375 0.1015625
5 0.778125 0.2203125 0.065625 0.11875
5 0.7671875 0.315625 0.0625 0.1171875
3 0.69375 0.496875 0.009375 0.059375
0 0 0.9302440781250001 0.002655228125 0.9325673999999999 0.04146241875 0.929503675 0.077205884375 0.9080576 0.101715684375 0.901930146875 0.112949346875 0.9249080875000001 0.13541666875 0.931035540625 0.182393790625 0.929503675 0.2140522875 0.9249080875000001 0.24775326875 0.912653184375 0.258986928125 0.8789522062499999 0.27736928125000004 0.8789522062499999 0.290645425 0.9049938718750001 0.31515522812499996 0.9111213250000001 0.338643790625 0.909589459375 0.362132353125 0.8973345593750001 0.3733660125 0.875888478125 0.38051470625 0.8575061281249999 0.390727125 0.8437193625000001 0.3999183 0.8467830875000001 0.4172794125 0.8621017156249999 0.43668300625 0.865165440625 0.44587418437500004 0.859037990625 0.46119281250000005 0.84831495 0.4642565375 0.820741421875 0.452001634375 0.79010416875 0.43668300625 0.779381128125 0.42238561875 0.780912990625 0.41217320312499994 0.8008272062499999 0.41013071874999996 0.8192095593750001 0.395833334375 0.79163603125 0.37438725625 0.774785540625 0.35702614375 0.785508578125 0.3580473875 0.825337009375 0.34375 0.8437193625000001 0.331495096875 0.851378675 0.30085784375 0.8498468156250001 0.28962418125 0.8329963250000001 0.268178103125 0.8023590687500001 0.246732028125 0.797763478125 0.22528595 0.80389093125 0.216094771875 0.8406556374999999 0.212009803125 0.865165440625 0.188521240625 0.8789522062499999 0.1548202625 0.88507965625 0.13439542499999999 0.868229165625 0.125204246875 0.8421875 0.09354575312499999 0.8161458343750001 0.077205884375 0.8375919125 0.065972221875 0.8605698531250001 0.049632353125 0.8774203437500001 0.015931371875 0.8774203437500001 0 0.862213125 0 0.9302440781250001
4 0.05625 0.646875 0.1125 0.175
4 0.19375 0.646875 0.1421875 0.175
4 0.35625 0.646875 0.1765625 0.1765625
4 0.503125 0.646875 0.1421875 0.1765625
4 0.584375 0.6375 0.0609375 0.1546875
4 0.16875 0.784375 0.1140625 0.1609375
4 0.29375 0.778125 0.1265625 0.165625
2 0.8328125 0.8953125 0.290625 0.209375
2 0.8015625 0.68125 0.225 0.24375