1 0.925 0.2328125 0.0828125 0.071875
5 0.340625 0.453125 0.078125 0.0859375
5 0.3796875 0.5234375 0.0546875 0.075
5 0.33125 0.390625 0.0546875 0.078125
1 0.9328125 0.59375 0.065625 0.0625
1 0.88125 0.5375 0.0828125 0.0734375
1 0.965625 0.646875 0.046875 0.059375
1 0.821875 0.459375 0.065625 0.059375
1 0.6109375 0.490625 0.046875 0.0546875
3 0.6609375 0.43125 0.0984375 0.09375
3 0.59375 0.4625 0.0515625 0.1046875
3 0.7375 0.475 0.0953125 0.109375
3 0.840625 0.6125 0.1109375 0.103125
3 0.6421875 0.9515625 0.078125 0.096875
3 0.70625 0.9359375 0.0796875 0.1234375
3 0.59375 0.9421875 0.0484375 0.115625