5 0.628125 0.74375 0.0453125 0.0953125
5 0.621875 0.634375 0.0609375 0.153125
5 0.6203125 0.528125 0.025 0.0640625
5 0.6 0.4328125 0.025 0.0828125
5 0.5828125 0.375 0.03125 0.0984375
5 0.559375 0.3125 0.0390625 0.0609375
5 0.521875 0.2875 0.0421875 0.078125
5 0.475 0.284375 0.03125 0.0796875
4 0.6125 0.728125 0.0296875 0.09375
4 0.60625 0.5875 0.0265625 0.059375
4 0.5375 0.2921875 0.021875 0.046875
4 0.475 0.315625 0.0296875 0.0734375
0 0.26796262187500003 1 0.26798406875 0.99935661875 0.25879289375000003 0.97331495 0.239389296875 0.9442095593750001 0.21079452812500002 0.9181678906249999 0.193433415625 0.92889093125 0.16994485312500002 0.933486521875 0.153604984375 0.9411458343750001 0.12398897187499999 0.9411458343750001 0.10867034375 0.933486521875 0.089266746875 0.9258272062499999 0.06475694374999999 0.91663603125 0.04739583125 0.91663603125 0.031055965624999998 0.92123161875 0.0218647875 0.93042279375 0 0.946821384375 0 1 0.004289215625 1 0.009609884374999999 0.984037990625 0.023907271875 0.9656556374999999 0.040247140625 0.950337009375 0.057608253124999995 0.94267769375 0.070884396875 0.9442095593750001 0.092330475 0.9579963250000001 0.11173406875 0.97331495 0.119011809375 1 0.144032884375 1 0.153604984375 0.977910540625 0.16790236875 0.953400734375 0.195475896875 0.950337009375 0.21079452812500002 0.950337009375 0.2281556375 0.9656556374999999 0.24347426562500002 0.9886335781250001 0.24660982812499999 1 0.26796262187500003 1
4 0.309375 0.9671875 0.0875 0.065625
4 0.190625 0.978125 0.1171875 0.04375
4 0.059375 0.9703125 0.1078125 0.059375