5 0.35 0.08125 0.0203125 0.0875
5 0.246875 0.0859375 0.0609375 0.08125
5 0.121875 0.075 0.0546875 0.078125
1 0.3375 0.215625 0.0421875 0.0609375
1 0.271875 0.2125 0.065625 0.0828125
1 0.203125 0.196875 0.059375 0.084375
2 0.0453125 0.040625 0.0609375 0.059375
0 0.41303426249999997 0 0.41936845624999997 0.14851406875 0.48654439062500004 0.29703810625 0.570223415625 0.4 0.768423925 0.4 0.891161946875 0.359574565625 0.991144678125 0.287657659375 0.8364839 0.30329177500000004 0.77399470625 0.253262653125 0.8521062 0.18759935625 1 0.127339896875 1 0.11343956250000001 0.9005352999999999 0.134443459375 0.692758684375 0.10786533437500001 0.924210240625 0 0.41303426249999997 0
1 0.634375 0.89375 0.05 0.0484375
1 0.678125 0.878125 0.046875 0.04375
1 0.71875 0.8875 0.0515625 0.0390625
1 0.55625 0.8859375 0.04375 0.05