2 0.175 0.396875 0.0359375 0.0625
2 0.303125 0.39375 0.0296875 0.0453125
1 0.2265625 0.40625 0.0890625 0.0328125
3 0.2546875 0.3828125 0.0546875 0.0921875
5 0.2515625 0.2890625 0.03125 0.05625
2 0.321875 0.2765625 0.0546875 0.0703125
2 0.846875 0.08125 0.3046875 0.1625
0 0 0.706928909375 0.006644681249999999 0.70419049375 0.007605846875 0.69257103125 0.042207925 0.7027380625 0.027790393749999996 0.70854779375 0.05854779375 0.70128563125 0.0787323375 0.69692833125 0.096994546875 0.695475896875 0.11814025624999999 0.682404003125 0.13736363437500002 0.653355346875 0.135441296875 0.618496959375 0.12198493437499999 0.63156885625 0.10948974062500001 0.647545615625 0.096994546875 0.663522375 0.0864216875 0.6664272437500001 0.07200415624999999 0.6664272437500001 0.065275975 0.6562602125 0.0518196125 0.64464075 0.04509143125 0.6736894062500001 0.03547974375 0.688213734375 0.022984546875 0.68966616875 0.019139871875 0.66933210625 0.010489353125 0.651902915625 0.0028000062499999997 0.663522375 0 0.6804468531250001 0 0.706928909375
2 0.6765625 0.6453125 0.0734375 0.0765625
3 0.50625 0.803125 0.1125 0.1484375
3 0.571875 0.76875 0.109375 0.115625
3 0.671875 0.8125 0.115625 0.128125
3 0.7640625 0.796875 0.096875 0.1328125
3 0.9125 0.65625 0.1375 0.1515625
3 0.8515625 0.771875 0.0890625 0.15