3 0.0125 0.3015625 0.0234375 0.234375
0 0.0453125 0.403125 0.0640625 0.096875
0 0.253125 0.053125 0.0546875 0.096875
0 0.0265625 0.059375 0.053125 0.11875
0 0.140625 0.0609375 0.0671875 0.121875
3 0.25625 0.15625 0.071875 0.2390625
3 0.253125 0.3796875 0.071875 0.278125
3 0.0484375 0.275 0.0453125 0.1859375
1 0.146875 0.459375 0.05 0.090625
0 0.1921875 0.43125 0.0421875 0.14375
0 0.7518294812499999 0.259243696875 0.723818278125 0.264495796875 0.7039770062499999 0.2785014 0.685302871875 0.320518209375 0.6724644 0.343277309375 0.6397846625 0.33627450937500003 0.621110528125 0.294257703125 0.60943919375 0.26099439687500003 0.588430790625 0.276750703125 0.5755923187499999 0.32927170625 0.580260853125 0.36428571249999997 0.595433590625 0.38179271875 0.637450396875 0.383543415625 0.7039770062499999 0.38179271875 0.7261525437499999 0.34677871250000003 0.755330884375 0.325770309375 0.804350490625 0.3380252125 0.8545372312499999 0.343277309375 0.8557043656250001 0.32401960625 0.827693159375 0.28200280312500003 0.800849090625 0.24873949374999998 0.7798406875 0.252240896875 0.7518294812499999 0.259243696875
4 0.521875 0.015625 0.084375 0.03125
4 0.83125 0.0234375 0.1421875 0.046875
4 0.64375 0.0203125 0.15 0.040625
5 0.765625 0.2109375 0.0796875 0.1578125
5 0.8546875 0.240625 0.0953125 0.1578125
5 0.95 0.2125 0.0875 0.1453125
5 0.671875 0.265625 0.0890625 0.1703125
5 0.590625 0.2453125 0.0734375 0.128125
3 0.5234375 0.2828125 0.0828125 0.2359375
3 0.5859375 0.21875 0.0796875 0.1859375
3 0.66875 0.228125 0.090625 0.21875
3 0.7625 0.178125 0.084375 0.1921875
3 0.8515625 0.215625 0.090625 0.2171875
3 0.953125 0.2125 0.0890625 0.1875
3 0.6484375 0.06875 0.153125 0.1375
3 0.8265625 0.05625 0.15625 0.1109375
5 0.0625 0.6421875 0.0328125 0.0359375
5 0.096875 0.640625 0.0234375 0.05625
5 0.11875 0.6421875 0.0296875 0.0453125
5 0.15 0.634375 0.0234375 0.053125
5 0.184375 0.63125 0.0234375 0.04375
3 0.08125 0.6109375 0.04375 0.0828125
3 0.10625 0.628125 0.0359375 0.071875
2 0.559375 0.7640625 0.1625 0.471875