5 0.234375 0.1546875 0.05 0.0546875
5 0.296875 0.0484375 0.0234375 0.05
5 0.3 0.009375 0.0234375 0.0171875
1 0.0328125 0.303125 0.03125 0.0671875
1 0.065625 0.296875 0.0640625 0.053125
1 0.1625 0.2828125 0.0546875 0.0390625
1 0.2078125 0.2546875 0.046875 0.05
2 0.671875 0.35 0.0796875 0.1359375
2 0.6625 0.2359375 0.0609375 0.1125
2 0.4484375 0.6328125 0.0515625 0.06875
2 0.06875 0.6421875 0.05 0.0609375
5 0.628125 0.9109375 0.0171875 0.071875
5 0.771875 0.9171875 0.0203125 0.0765625
5 0.8015625 0.909375 0.0140625 0.059375
5 0.81875 0.9 0.0140625 0.04375
5 0.803125 0.984375 0.021875 0.0296875