1 0.271875 0.515625 0.09375 0.11875
1 0.1921875 0.64375 0.078125 0.10625
1 0.8375 0.68125 0.1125 0.05
3 0.7375 0.6484375 0.0625 0.0875
5 0.475 0.7671875 0.0765625 0.115625
5 0.0375 0.903125 0.0453125 0.15
5 0.253125 0.940625 0.065625 0.11875
5 0.346875 0.740625 0.0578125 0.0625
4 0.221875 0.728125 0.0703125 0.0359375
4 0.075 0.740625 0.0578125 0.0625
3 0.1890625 0.88125 0.121875 0.2359375
3 0.4734375 0.89375 0.090625 0.2109375
3 0.440625 0.775 0.1125 0.13125
3 0.140625 0.746875 0.1375 0.0765625
3 0.015625 0.8953125 0.03125 0.209375
4 0.928125 0.803125 0.0734375 0.08125
4 0.98125 0.809375 0.0375 0.078125
3 0.85625 0.8046875 0.0703125 0.1046875