5 0.20625 0.3734375 0.09375 0.0953125
3 0.41875 0.36875 0.0625 0.234375
0 0.471875 0.459375 0.0640625 0.0796875
0 0.678125 0.1203125 0.0546875 0.096875
0 0.4515625 0.11875 0.0578125 0.1328125
0 0.56875 0.125 0.0671875 0.1265625
3 0.684375 0.2234375 0.071875 0.2390625
3 0.6796875 0.403125 0.071875 0.1921875
3 0.475 0.34375 0.0453125 0.1859375
1 0.5734375 0.490625 0.05 0.01875
0 0.61875 0.4625 0.0421875 0.075
0 0.017850421875 1 0.161855584375 0.964279409375 0.255589375 0.9205039562499999 0.2743360875 0.829826040625 0.2890625 0.767568471875 0.2890625 0.5 0.079596365625 0.5 0.04468834375 0.514016903125 0 0.51836824375 0 1 0.017850421875 1
1 0.384375 0.534375 0.11875 0.0671875