1 0.5859375 0.3046875 0.0421875 0.075
1 0.659375 0.3125 0.05 0.1046875
1 0.7234375 0.3125 0.0515625 0.09375
1 0.790625 0.321875 0.040625 0.090625
3 0.53125 0.196875 0.1328125 0.1328125
3 0.646875 0.1875 0.125 0.1125
3 0.7390625 0.175 0.071875 0.121875
3 0.609375 0.30625 0.0765625 0.1359375
3 0.6875 0.2875 0.0890625 0.11875
3 0.75 0.2765625 0.075 0.121875
3 0.8015625 0.290625 0.078125 0.10625
5 0.4359375 0.33125 0.0546875 0.0640625
5 0.509375 0.334375 0.040625 0.0703125
2 0.190625 0.609375 0.3796875 0.38125
5 0.615625 0.43125 0.0265625 0.025
5 0.6453125 0.428125 0.021875 0.01875
5 0.765625 0.425 0.040625 0.0140625
5 0.8125 0.4265625 0.0203125 0.015625
5 0.84375 0.425 0.0265625 0.0109375