1 0.321875 0.2078125 0.028125 0.0890625
2 0.271875 0.225 0.04375 0.059375
1 0.4375 0.19375 0.03125 0.0734375
1 0.3953125 0.20625 0.028125 0.075
1 0.3625 0.1890625 0.015625 0.0515625
5 0.721875 0.09375 0.0828125 0.096875
5 0.7 0.2375 0.0421875 0.065625
5 0.721875 0.1578125 0.0515625 0.103125
5 0.7109375 0.30625 0.0546875 0.0859375
0 0 0.78493413125 0.002604165625 0.78688725625 0.010774103125 0.7930147062499999 0.019965278125 0.78535539375 0.0342626625 0.789950978125 0.03834763125 0.7547181375 0.061836193750000004 0.734803921875 0.102685865625 0.734803921875 0.1282169125 0.739399509375 0.14149305625 0.7485906875 0.151705475 0.766973040625 0.15783292499999999 0.78688725625 0.16293913437500002 0.80680146875 0.170087828125 0.826715684375 0.183363971875 0.8496936281249999 0.1843852125 0.848161765625 0.19766135625 0.8113970593750001 0.20072508125000002 0.75625 0.216043709375 0.736335784375 0.230341096875 0.724080884375 0.26506331875 0.71948529375 0.282424428125 0.724080884375 0.30387050625 0.7332720593750001 0.312040440625 0.7485906875 0.321231615625 0.773100490625 0.3232741 0.79761029375 0.32940155 0.79761029375 0.36310253124999997 0.78535539375 0.38352736875 0.78229166875 0.4111009 0.78229166875 0.43356821874999996 0.78535539375 0.442759396875 0.815992646875 0.451950571875 0.78229166875 0.43765318750000004 0.722549021875 0.43152573437499997 0.699571078125 0.415185865625 0.6199142156249999 0.39578227187500004 0.584681371875 0.376378675 0.578553921875 0.308976715625 0.6015318625 0.273233253125 0.618382353125 0.214001225 0.63523284375 0.151705475 0.6367647062499999 0.082261028125 0.6367647062499999 0.0342626625 0.622977940625 0 0.615635940625 0 0.78493413125
2 0.3 0.79375 0.05 0.1
4 0.159375 0.971875 0.0671875 0.0546875
4 0.0640625 0.978125 0.059375 0.04375
4 0.3390625 0.9875 0.084375 0.025