5 0.2625 0.540625 0.0359375 0.0546875
5 0.290625 0.5375 0.0203125 0.034375
5 0.159375 0.534375 0.03125 0.0515625
4 0.128125 0.465625 0.0203125 0.040625
4 0.1875 0.4734375 0.03125 0.0515625
4 0.30625 0.465625 0.028125 0.0453125
4 0.20625 0.528125 0.0328125 0.053125
4 0.128125 0.54375 0.0203125 0.0421875
4 0.096875 0.55 0.01875 0.0421875
0 0.203125 0.54375 0.025 0.040625
0 0.7136083156249999 0.388324684375 0.7015684125 0.348295034375 0.6921084875 0.337916975 0.6792085906249999 0.36015566875 0.67576861875 0.40611564375000003 0.66458870625 0.4164937 0.6448088656250001 0.417976278125 0.636208934375 0.4164937 0.63190896875 0.40611564375000003 0.622449046875 0.3809117875 0.6121291281250001 0.358673090625 0.6035291968750001 0.3408821375 0.59148929375 0.32605633749999996 0.58460935 0.3408821375 0.575149425 0.348295034375 0.57170945 0.374981465625 0.561389534375 0.386842103125 0.562249528125 0.422424015625 0.57428943125 0.42094143749999996 0.61040914375 0.44318013437500003 0.6422288875 0.45652335 0.671468653125 0.459488509375 0.6886685156250001 0.44762787187499997 0.702428403125 0.429836915625 0.7136083156249999 0.388324684375
1 0.69375 0.0296875 0.134375 0.059375
1 0.596875 0.315625 0.078125 0.2
1 0.546875 0.3234375 0.0328125 0.25625
5 0.64375 0.3 0.084375 0.1875
5 0.55625 0.30625 0.053125 0.234375
5 0.6125 0.121875 0.059375 0.140625
0 0.2109375 0.8734375 0.421875 0.253125
3 0.6515625 0.7921875 0.1078125 0.2796875
3 0.56875 0.8 0.078125 0.1828125
3 0.89375 0.8703125 0.090625 0.171875