5 0.4953125 0.26875 0.01875 0.025
5 0.5734375 0.2765625 0.01875 0.028125
0 0 0.710670553125 0.006769699999999999 0.6828274375000001 0.006769699999999999 0.6619194312500001 0.031279503125000004 0.654452284375 0.040357209375 0.6425048531249999 0.043080518750000005 0.6126362750000001 0.036726125 0.588741415625 0.039449437500000004 0.570820265625 0.043080518750000005 0.55737940625 0.072129175 0.56185969375 0.08574573437500001 0.569326834375 0.107532225 0.590234840625 0.12841095 0.60516913125 0.136580884375 0.6081559875 0.16199845625 0.6141297031249999 0.19013934375 0.6201034187500001 0.20738698125 0.618609990625 0.227357934375 0.6036756999999999 0.234620096875 0.585754553125 0.245513346875 0.555885975 0.2473288875 0.5364714 0.255498821875 0.511083109375 0.271838690625 0.487188246875 0.279100853125 0.4737473875 0.30361065625 0.47225395625 0.32448938125 0.48569481562499994 0.33447485625 0.503615965625 0.34899918125 0.52900425625 0.359892428125 0.546925403125 0.36875 0.5487469218750001 0.36875 0.448513146875 0.337198165625 0.434918234375 0.30361065625 0.430437946875 0.260037675 0.439398521875 0.231896784375 0.463293384375 0.21828022812499998 0.50510939375 0.20738698125 0.5304976875 0.16926061875 0.534977971875 0.1511052125 0.53348454375 0.11388661874999999 0.5275108281249999 0.088469046875 0.514069965625 0.056697078125 0.5170568249999999 0.029463962500000003 0.5215371125 0.010400781250000001 0.55887283125 0 0.6016502375 0 0.710670553125
1 0.3 0.671875 0.1375 0.3640625
1 0.184375 0.728125 0.0984375 0.246875
1 0.0921875 0.6921875 0.09375 0.3046875
1 0.021875 0.7609375 0.0421875 0.240625
1 0.13125 0.925 0.0890625 0.1484375
1 0.2171875 0.9234375 0.103125 0.153125
1 0.3078125 0.9375 0.1125 0.125
3 0.0921875 0.7 0.1140625 0.359375
5 0.846875 0.9828125 0.025 0.034375
5 0.8265625 0.98125 0.03125 0.0359375
5 0.7546875 0.9796875 0.034375 0.040625
5 0.61875 0.9875 0.0375 0.0234375
5 0.553125 0.984375 0.0390625 0.0296875
5 0.70625 0.9859375 0.0390625 0.028125
5 0.6625 0.978125 0.0390625 0.0421875
4 0.784375 0.990625 0.0453125 0.01875
4 0.7359375 0.9875 0.03125 0.025
4 0.6859375 0.9828125 0.040625 0.034375
0 0.5921875 0.915625 0.125 0.0671875