2 0.24375 0.059375 0.0765625 0.05
0 0.5828706312499999 0 0.5781760625000001 0.0203431375 0.5843035125 0.038725490625 0.5986009 0.01574755 0.6118770437500001 0.012683821875000001 0.626174428125 0.026470587499999997 0.645578025 0.040257353125 0.6557904406249999 0.05098039375 0.662939134375 0.061703431249999996 0.6843852125 0.06017156875 0.702767565625 0.0234068625 0.7209729031250001 0 0.678120915625 0 0.670087825 0.012683821875000001 0.648102534375 0 0.5828706312499999 0
0 0.965226715625 0.343566175 0.95092933125 0.309865196875 0.948886846875 0.26084558750000003 0.9386744281249999 0.250122546875 0.931525734375 0.25625 0.9233558000000001 0.289950978125 0.9090584156249999 0.320588234375 0.9029309624999999 0.33897058750000003 0.8927185468750001 0.334375 0.8794424 0.322120096875 0.864123775 0.30067402187500003 0.865145015625 0.263909315625 0.862081290625 0.239399509375 0.8528901156250001 0.22867646874999997 0.8396139687499999 0.25625 0.8273590687500001 0.288419115625 0.8079554718749999 0.29914215624999996 0.795700571875 0.288419115625 0.78957311875 0.271568628125 0.786509396875 0.250122546875 0.761999590625 0.2547181375 0.751787175 0.28382353125000004 0.742595996875 0.302205884375 0.7344260625000001 0.309865196875 0.731362334375 0.302205884375 0.716043709375 0.29761029375 0.702767565625 0.277696078125 0.69459763125 0.2455269625 0.682342728125 0.22714460625 0.679279003125 0.224080884375 0.6721303125 0.242463234375 0.6670241 0.268504903125 0.662939134375 0.280759803125 0.657832925 0.302205884375 0.666002859375 0.312928921875 0.68847018125 0.31446078437499997 0.692555146875 0.326715684375 0.707873775 0.334375 0.719107434375 0.33897058750000003 0.7374897875 0.340502453125 0.751787175 0.326715684375 0.76302083125 0.322120096875 0.7814031875 0.3328431375 0.795700571875 0.343566175 0.815104165625 0.342034315625 0.832465278125 0.33897058750000003 0.84267769375 0.326715684375 0.8569750812500001 0.346629903125 0.872293709375 0.36194853125000004 0.895782271875 0.36348039375 0.9090584156249999 0.368075978125 0.929483253125 0.368075978125 0.94786560625 0.366544115625 0.96318423125 0.36041666562499997 0.965226715625 0.343566175
2 0.46875 0.103125 0.0484375 0.09375
4 0.9046875 0.115625 0.146875 0.23125
4 0.75625 0.125 0.1328125 0.25
4 0.9765625 0.3 0.046875 0.128125
4 0.5546875 0.071875 0.0625 0.1421875
4 0.509375 0.0390625 0.0375 0.078125
4 0.4578125 0.0203125 0.05625 0.040625
4 0.19375 0.7421875 0.034375 0.0671875
4 0.234375 0.7484375 0.03125 0.0671875
5 0.015625 0.8734375 0.0296875 0.053125
5 0.059375 0.88125 0.0453125 0.065625
5 0.1125 0.859375 0.028125 0.05
2 0.2609375 0.85 0.05625 0.0640625
3 0.790625 0.6125 0.0515625 0.071875
3 0.759375 0.7 0.028125 0.04375