4 0.209375 0.325 0.0484375 0.1640625
4 0.13125 0.36875 0.0609375 0.1484375
4 0.046875 0.3890625 0.046875 0.1484375
4 0.2921875 0.2828125 0.075 0.1640625
4 0.290625 0.0421875 0.0390625 0.084375
1 0.88125 0.225 0.046875 0.0875
1 0.8359375 0.23125 0.0359375 0.075
1 0.728125 0.2375 0.059375 0.0828125
4 0.934375 0.2609375 0.04375 0.0734375
5 0.94375 0.075 0.0421875 0.0765625
5 0.81875 0.028125 0.059375 0.05625
3 0.725 0.1859375 0.0578125 0.128125
3 0.7625 0.15625 0.0328125 0.14375
3 0.796875 0.1796875 0.05 0.1421875
3 0.853125 0.18125 0.075 0.1421875
3 0.9203125 0.203125 0.0734375 0.1109375
3 0.9640625 0.2515625 0.071875 0.128125
3 0.9703125 0.090625 0.059375 0.1375
3 0.8953125 0.0578125 0.121875 0.115625
3 0.771875 0.0390625 0.1171875 0.078125
3 0.7140625 0.0421875 0.078125 0.084375
1 0.409375 0.990625 0.0546875 0.01875
5 0.3625 0.9734375 0.04375 0.053125
5 0.31875 0.9765625 0.04375 0.046875