3 0.246875 0.3234375 0.109375 0.125
3 0.11875 0.3375 0.2 0.1328125
2 0.0140625 0.8640625 0.028125 0.075
2 0.0359375 0.86875 0.0328125 0.0734375
5 0.6265625 0.921875 0.0265625 0.025
5 0.6578125 0.915625 0.01875 0.028125
5 0.696875 0.921875 0.0203125 0.03125
5 0.7265625 0.925 0.0203125 0.0234375
5 0.7625 0.9296875 0.01875 0.01875
5 0.7984375 0.91875 0.0203125 0.028125
5 0.5875 0.9171875 0.0171875 0.015625
5 0.79375 0.878125 0.0125 0.0234375
5 0.603125 0.86875 0.0234375 0.015625
5 0.64375 0.871875 0.0125 0.015625
5 0.5703125 0.86875 0.01875 0.0171875
3 0.753125 0.915625 0.04375 0.0390625
3 0.715625 0.915625 0.04375 0.0421875
3 0.678125 0.9125 0.0390625 0.0390625
3 0.64375 0.9078125 0.0359375 0.034375
3 0.6125 0.9140625 0.040625 0.0359375
3 0.7796875 0.91875 0.034375 0.0328125