2 0.16875 0.23125 0.06875 0.0625
5 0.271875 0.2125 0.05 0.075
1 0.2875 0.2828125 0.028125 0.040625
1 0.33125 0.2796875 0.0296875 0.040625
1 0.240625 0.2765625 0.046875 0.0609375
4 0.409375 0.13125 0.0453125 0.0375
3 0.446875 0.221875 0.053125 0.10625
0 0.618491771875 0 0.5804432187499999 0.029963234374999998 0.576358253125 0.049877453125 0.57431576875 0.062132353125 0.56875 0.06034335625 0.56875 0.12340686249999999 0.572273284375 0.12340686249999999 0.57737949375 0.1203431375 0.58350694375 0.1096201 0.5998468124999999 0.077450978125 0.609037990625 0.062132353125 0.617207925 0.05140931562499999 0.63048406875 0.04375 0.644781453125 0.040686275 0.65703635625 0.040686275 0.672354984375 0.0544730375 0.6835886437500001 0.07285539375 0.695843546875 0.09123774375 0.7050347218749999 0.111151959375 0.716268384375 0.1264705875 0.723417075 0.131066175 0.73975694375 0.1172794125 0.7560968124999999 0.095833334375 0.76630923125 0.08511029375 0.784691584375 0.075919115625 0.8092013874999999 0.07132352812500001 0.828604984375 0.077450978125 0.834732434375 0.10042892187500001 0.8418811281249999 0.121875 0.8490298218750001 0.129534315625 0.8633272062499999 0.1264705875 0.891921975 0.1096201 0.9031556374999999 0.098897059375 0.9113255718750001 0.08051470625 0.9113255718750001 0.06672794062500001 0.9031556374999999 0.046813725 0.8806883187500001 0.05140931562499999 0.8561785125 0.046813725 0.8316687093749999 0.033026959375 0.8071589031249999 0.026899509375000002 0.7683517156249999 0.037622546875 0.735671975 0.0560049 0.728523284375 0.0560049 0.711162175 0.0452818625 0.682567403125 0.01004901875 0.659598215625 0 0.618491771875 0
4 0.975 0.14375 0.05 0.1625
4 0.584375 0.1859375 0.03125 0.134375
4 0.7078125 0.309375 0.0625 0.1
4 0.615625 0.309375 0.0625 0.078125
5 0.31875 0.6671875 0.0359375 0.0546875
5 0.2875 0.665625 0.0203125 0.034375
5 0.421875 0.659375 0.03125 0.0515625
4 0.45 0.5921875 0.0203125 0.040625
4 0.390625 0.6 0.03125 0.0515625
4 0.275 0.5921875 0.028125 0.0453125
4 0.371875 0.65625 0.0328125 0.053125
4 0.453125 0.671875 0.0203125 0.0421875
4 0.48125 0.678125 0.01875 0.0421875
0 0.375 0.6703125 0.025 0.040625