5 0.215625 0.240625 0.025 0.0359375
5 0.175 0.25 0.0171875 0.0265625
5 0.1421875 0.240625 0.01875 0.034375
3 0.11875 0.2265625 0.0421875 0.0515625
3 0.19375 0.234375 0.0390625 0.046875
3 0.26875 0.228125 0.040625 0.040625
3 0.1578125 0.2375 0.04375 0.05
5 0.203125 0.1796875 0.0234375 0.0421875
5 0.2625 0.18125 0.0203125 0.03125
4 0.284375 0.1671875 0.03125 0.0359375
4 0.3125 0.1671875 0.0234375 0.03125
4 0.1328125 0.175 0.0328125 0.05
3 0.7296875 0.1890625 0.065625 0.1265625
3 0.6625 0.1875 0.0734375 0.140625
0 0.359375 0.409375 0.23037338125 0.409375 0.23238357812500002 0.4405330875 0.255872140625 0.47270220625 0.276296975 0.48802083124999995 0.30284926562500003 0.503339459375 0.33246527812500004 0.527849265625 0.3345077625 0.527849265625 0.34778390312499996 0.48342524375 0.359375 0.453765675 0.359375 0.409375
1 0.9328125 0.959375 0.09375 0.08125