5 0.428125 0.14375 0.059375 0.1046875
1 0.0171875 0.475 0.034375 0.0671875
1 0.025 0.55625 0.0484375 0.075
5 0.00625 0.25625 0.0125 0.0828125
5 0.459375 0.321875 0.078125 0.15
0 0.9967947593750001 0.3927521 0.971117821875 0.3910014 0.93843808125 0.39625350312499996 0.903424078125 0.399754903125 0.871911471875 0.399754903125 0.8497359375 0.385749296875 0.8170562 0.34023109375 0.80655199375 0.331477590625 0.7890449937499999 0.35423669375 0.764535190625 0.37524509687499996 0.734189715625 0.380497196875 0.710847046875 0.36123949375 0.692172909375 0.34548319375 0.669997371875 0.331477590625 0.653657503125 0.376995796875 0.617476365625 0.40325629999999996 0.61630923125 0.42951680625 0.659493171875 0.42076330625 0.678167309375 0.3927521 0.71201418125 0.415511203125 0.734189715625 0.44177170937500004 0.775039390625 0.45227590937500006 0.793713528125 0.445273109375 0.8450673999999999 0.4592787125 0.867242940625 0.478536415625 0.906925478125 0.4767857125 0.93960521875 0.4767857125 0.9699506875000001 0.469782915625 0.992126225 0.443522409375 0.9967947593750001 0.3927521
0 0.93843808125 0.1459033625 0.94427375 0.11439075937500001 0.9337695500000001 0.10388655625000001 0.906925478125 0.10388655625000001 0.8812485406249999 0.089880953125 0.8509030687499999 0.07237394999999999 0.8205576000000001 0.067121846875 0.791379259375 0.058368346875 0.768036590625 0.046113446875000005 0.740025384375 0.03210784375 0.7201841156250001 0.025105040625000002 0.67116450625 0.019852940625000003 0.641986171875 0.019852940625000003 0.611640696875 0.021603640625 0.63148196875 0.11264005625 0.652490371875 0.07762605 0.67933444375 0.056617646875000004 0.7236855156249999 0.063620446875 0.75169671875 0.11439075937500001 0.76336805625 0.163410365625 0.780875059375 0.1441526625 0.80655199375 0.11614145625000001 0.839231734375 0.10388655625000001 0.8649086718750001 0.147654059375 0.87658000625 0.1669117625 0.896421275 0.17391456562500002 0.922098215625 0.1581582625 0.93843808125 0.1459033625
2 0.96875 0.3484375 0.0609375 0.109375
4 0.884375 0.346875 0.078125 0.128125
0 0.5390625 1 0.5390625 0.9295092437499999 0.535437090625 0.921599265625 0.512969771875 0.90168505 0.49050245 0.8833026937499999 0.47722630937500005 0.9078125 0.47109885625 0.9338541656249999 0.4547589875 0.95836396875 0.436376634375 0.9491727937500001 0.41493055625 0.8924938718750001 0.4047181375 0.86645220625 0.400633171875 0.83581495 0.383272059375 0.832751225 0.373059640625 0.8526654406249999 0.36591095 0.8725796562499999 0.3516135625 0.884834559375 0.33220996875000003 0.88023896875 0.32097630625 0.8787071093750001 0.3077001625 0.90168505 0.286254084375 0.9231311281249999 0.269914215625 0.93232230625 0.25868055624999997 0.918535540625 0.24744689687500002 0.881770834375 0.237234475 0.85419730625 0.22293709375 0.86798406875 0.212724671875 0.90168505 0.20761846562500003 0.93538603125 0.1984272875 0.9660232843750001 0.18208741875 0.9706188718750001 0.16574754687499998 0.95836396875 0.156556371875 0.929258578125 0.154513890625 0.8955576000000001 0.1483864375 0.8787071093750001 0.133067809375 0.9047487750000001 0.12183415 0.921599265625 0.10243055625 0.936917890625 0.090175653125 0.9338541656249999 0.084048203125 0.9062806374999999 0.07587826875 0.8894301468749999 0.062602125 0.8863664218749999 0.047283496875 0.8725796562499999 0.0329861125 0.86645220625 0.023794934375 0.88023896875 0.011540034375 0.8894301468749999 0.004391340625 0.881770834375 0.00949755 0.874111521875 0.004391340625 0.858792890625 0 0.8554993874999999 0 0.9446225937499999 0.017667484375 0.95836396875 0.040134803125 0.975214459375 0.05545343125 0.99206495 0.077274815625 1 0.5390625 1
5 0.190625 0.8625 0.0703125 0.1609375
5 0.2796875 0.86875 0.075 0.1578125
5 0.0421875 0.83125 0.071875 0.1046875
5 0.134375 0.853125 0.065625 0.121875
1 0.35625 0.8296875 0.0765625 0.121875
1 0.440625 0.86875 0.0734375 0.165625
1 0.5125 0.8609375 0.0515625 0.21875
2 0.68125 0.7890625 0.0453125 0.0671875
5 0.7328125 0.665625 0.034375 0.053125
5 0.99375 0.665625 0.0125 0.053125