5 0.446875 0.25 0.0375 0.0578125
5 0.43125 0.221875 0.0359375 0.0609375
5 0.3796875 0.24375 0.05 0.0921875
5 0.309375 0.240625 0.065625 0.06875
5 0.221875 0.259375 0.0546875 0.0546875
5 0.171875 0.278125 0.0328125 0.078125
5 0.146875 0.2796875 0.0328125 0.0640625
3 0.2375 0.3890625 0.05 0.0875
4 0.26875 0.40625 0.03125 0.0453125
4 0.409375 0.38125 0.0234375 0.0515625
4 0.36875 0.390625 0.0296875 0.0453125
0 0.6141135625 0.12438725625 0.6304534312500001 0.109068628125 0.638623365625 0.109068628125 0.658026959375 0.11519607812499999 0.671303103125 0.121323528125 0.682536765625 0.13051470625 0.692749184375 0.142769609375 0.698876634375 0.148897059375 0.700919115625 0.161151959375 0.7070465687499999 0.17493872500000002 0.7141952625 0.21476715624999998 0.71930146875 0.21476715624999998 0.7233864375 0.20098039375 0.728492646875 0.17800245312500002 0.734620096875 0.162683825 0.743811275 0.13357843125 0.7570874187500001 0.118259803125 0.7795547375 0.112132353125 0.791809640625 0.112132353125 0.805085784375 0.118259803125 0.81631944375 0.13511029375 0.8285743468750001 0.181066175 0.83674428125 0.17493872500000002 0.84593545625 0.16574754687499998 0.856147878125 0.144301471875 0.8643178125000001 0.121323528125 0.84593545625 0.09375 0.802022059375 0.067708334375 0.77138480625 0.06924019375 0.7550449343750001 0.06924019375 0.7172589875 0.060049021875 0.687642971875 0.061580884375 0.658026959375 0.06924019375 0.6049223875 0.09681372499999999 0.5890625 0.10531009375 0.5890625 0.168277478125 0.593688725 0.16881127499999998 0.597773690625 0.16574754687499998 0.6028799031250001 0.142769609375 0.6141135625 0.12438725625
0 0.64781454375 0.49816176562500003 0.651899509375 0.505821078125 0.6743668281249999 0.530330884375 0.69785539375 0.52420343125 0.7111315375 0.516544115625 0.72236519375 0.505821078125 0.73359885625 0.51348039375 0.758108659375 0.5349264687499999 0.7826184625 0.52573529375 0.791809640625 0.51041666875 0.809170753125 0.502757353125 0.8285743468750001 0.51348039375 0.8602328437500001 0.516544115625 0.8878063718750001 0.496629903125 0.900061275 0.484375 0.9143586593749999 0.45526960625 0.898018790625 0.41237745 0.8857638874999999 0.42003676562500003 0.8796364375 0.42616421562499995 0.874530228125 0.44761029375000005 0.86636029375 0.462928921875 0.8520629062499999 0.4797794125 0.83674428125 0.495098040625 0.818361928125 0.48131127500000004 0.814276959375 0.44914215625000004 0.802022059375 0.416973040625 0.7907884000000001 0.44761029375000005 0.787724675 0.47058823437499997 0.7826184625 0.484375 0.77444853125 0.49050245 0.76627859375 0.499693628125 0.7591299031250001 0.502757353125 0.7489174843749999 0.49356617812500003 0.742790034375 0.47518382187499997 0.7376838218749999 0.462928921875 0.735641340625 0.44607843125 0.731556371875 0.423100490625 0.721343953125 0.43075980625000004 0.7141952625 0.45833333125 0.7080678125000001 0.4797794125 0.6958129093750001 0.49050245 0.684579246875 0.496629903125 0.659048203125 0.47671568750000004 0.648835784375 0.438419115625 0.6447508156249999 0.41390931249999996 0.636580884375 0.421568628125 0.628410946875 0.44914215625000004 0.6202410125 0.47058823437499997 0.597773690625 0.47671568750000004 0.589603759375 0.467524509375 0.5890625 0.466820871875 0.5890625 0.52198284375 0.593688725 0.52420343125 0.6171772875 0.52113970625 0.636580884375 0.49816176562500003 0.64781454375 0.49816176562500003
3 0.871875 0.221875 0.0859375 0.1625
3 0.784375 0.2046875 0.1296875 0.203125
3 0.8515625 0.39375 0.090625 0.1765625
2 0.0859375 0.8375 0.171875 0.1953125