5 0.3390625 0.021875 0.084375 0.04375
5 0.0359375 0.0296875 0.071875 0.059375
5 0.0453125 0.090625 0.0484375 0.0796875
5 0.3578125 0.1125 0.065625 0.090625
5 0.35625 0.203125 0.0875 0.065625
0 1 0.0627936625 0.9715788406250001 0.07037264062500001 0.948703025 0.086349403125 0.917112609375 0.11104075937499999 0.8877008468750001 0.13427968437499999 0.8506638093750001 0.147351578125 0.8027335250000001 0.1764002375 0.78094703125 0.19382943125000002 0.7515352656250001 0.20544889375 0.723212825 0.227235384375 0.73955269375 0.251926740625 0.75371391875 0.2693559375 0.776589734375 0.30711919062500004 0.8016441999999999 0.32309595 0.820162715625 0.347787309375 0.8397705625 0.346334878125 0.841949209375 0.312928921875 0.85393178125 0.280975396875 0.867003675 0.2766181 0.8778969218749999 0.272260803125 0.893147465625 0.280975396875 0.9073086874999999 0.29404729375 0.920380584375 0.31728621874999996 0.934541803125 0.3434300125 0.9541496437499999 0.34488244375 0.9650428906249999 0.341977575 0.9737574875 0.32164351875 0.9802934343749999 0.2969521625 0.9890080343750001 0.2693559375 0.99990128125 0.24611700937499997 1 0.24586838125 1 0.0627936625
5 0.771875 0.440625 0.1421875 0.278125
0 0 0.8113218968749999 0.002177046875 0.7883503000000001 0.013711071875 0.757924334375 0.030050940625 0.73474265 0.053118993749999996 0.714458671875 0.07907054687500001 0.71735638125 0.1040609375 0.7390892124999999 0.12809015625 0.757924334375 0.14539119375 0.7912480093750001 0.155002884375 0.7955945718749999 0.1636534 0.766617465625 0.179993271875 0.7361915031249999 0.19921664687500001 0.71735638125 0.222284696875 0.701418971875 0.23670223125 0.69997011875 0.26361495625 0.714458671875 0.281877165625 0.737640359375 0.295333525 0.77096403125 0.30206170625 0.798492284375 0.310712225 0.7955945718749999 0.32320741875 0.768066321875 0.33281910937500003 0.74778234375 0.349158978125 0.7318449375 0.370304690625 0.728947228125 0.380877546875 0.749231203125 0.392411571875 0.78400373125 0.398178584375 0.8158785500000001 0.41163495 0.8158785500000001 0.409712609375 0.77386174375 0.404906765625 0.7405380687500001 0.388566896875 0.715907525 0.36357650937499997 0.704316684375 0.330896771875 0.704316684375 0.303022875 0.73039608125 0.28476066875 0.69997011875 0.26649846250000003 0.668095296875 0.24439157812499998 0.6536067437499999 0.20786716875 0.6536067437499999 0.160769896875 0.67389071875 0.14731353125 0.702867828125 0.12136197500000001 0.692725840625 0.09541041875 0.672441865625 0.06080834375000001 0.659402165625 0.029089771874999996 0.66374873125 0 0.6833656625 0 0.8113218968749999
3 0.2359375 0.8578125 0.165625 0.284375
3 0.884375 0.671875 0.059375 0.1109375
3 0.634375 0.65 0.078125 0.084375
3 0.8453125 0.7140625 0.05 0.103125
3 0.671875 0.71875 0.0421875 0.1046875