3 0.2328125 0.18125 0.065625 0.1265625
3 0.3 0.1796875 0.0734375 0.140625
4 0.478125 0.1046875 0.1 0.2
4 0.8625 0.1546875 0.0421875 0.1796875
4 0.9359375 0.146875 0.0609375 0.1890625
4 0.55 0.1625 0.0984375 0.2390625
4 0.79375 0.2015625 0.109375 0.2359375
4 0.6671875 0.1953125 0.15 0.2359375
4 0.9796875 0.1390625 0.040625 0.171875
4 0.9640625 0.34375 0.04375 0.1109375
4 0.8984375 0.34375 0.05 0.146875
4 0.83125 0.375 0.0515625 0.1078125
4 0.74375 0.375 0.0375 0.109375
4 0.66875 0.365625 0.05625 0.1
4 0.528125 0.35 0.0453125 0.115625
4 0.421875 0.1109375 0.025 0.146875
5 0.1828125 0.7796875 0.059375 0.109375
5 0.1671875 0.878125 0.059375 0.0828125
5 0.15 0.95625 0.078125 0.0859375
2 0.9484375 0.775 0.0359375 0.06875
2 0.975 0.78125 0.0484375 0.0890625
2 0.79375 0.7828125 0.0859375 0.171875