1 0.49375 0.7140625 0.0453125 0.0625
1 0.5203125 0.703125 0.04375 0.1015625
1 0.5625 0.709375 0.0359375 0.109375
1 0.5984375 0.721875 0.0328125 0.0984375
1 0.634375 0.721875 0.03125 0.075
1 0.65625 0.571875 0.0453125 0.071875
1 0.6 0.5578125 0.04375 0.05625
1 0.546875 0.553125 0.0578125 0.05625
1 0.5125 0.5546875 0.0390625 0.0421875
1 0.471875 0.5734375 0.0515625 0.0390625
5 0.45625 0.609375 0.0421875 0.0828125
5 0.5 0.6 0.0421875 0.084375
5 0.60625 0.6140625 0.046875 0.1
5 0.65625 0.621875 0.0390625 0.10625