0 1 0.0091605375 0.999857028125 0.008946078125 0.98045343125 0.007414215625 0.975347221875 0.019669115625 0.9814746718749999 0.041115196874999996 0.9845383968749999 0.074816178125 0.9845383968749999 0.10085784375 0.9702410125 0.11464460937500001 0.9508374187499999 0.11311274375 0.93449755 0.099325978125 0.9140727125 0.0671568625 0.8905841499999999 0.05796568437500001 0.875265525 0.061029412500000005 0.8568831687499999 0.080943628125 0.8630106218750001 0.10392156875 0.879350490625 0.125367646875 0.887520425 0.154473040625 0.9273488562500001 0.2172794125 0.9590073531250001 0.215747546875 0.974325978125 0.200428921875 0.9886233656250001 0.175919115625 1 0.1659645625 1 0.0091605375
0 0.872201796875 0.1299632375 0.8579044124999999 0.10085784375 0.83850081875 0.08247549062500001 0.8252246718749999 0.080943628125 0.812969771875 0.0640931375 0.79765114375 0.073284315625 0.780290034375 0.09626225625 0.75986519375 0.11004901874999999 0.7425040843749999 0.111580884375 0.733312909375 0.10238970624999999 0.72412173125 0.099325978125 0.7006331718750001 0.10392156875 0.682250815625 0.093198528125 0.6679534312500001 0.056433821875 0.648549834375 0.0533701 0.639358659375 0.0702205875 0.623018790625 0.085539215625 0.6046364375 0.08400735312499999 0.5954452625 0.051838234375 0.5862540843749999 0.01507353125 0.569914215625 0.01507353125 0.559701796875 0.048774509375000004 0.5433619281250001 0.091666665625 0.537234475 0.111580884375 0.55868055625 0.111580884375 0.5923815375 0.12077205937499999 0.63425245 0.12077205937499999 0.6516135625 0.11617647187499999 0.6669321874999999 0.136090684375 0.689399509375 0.140686275 0.7139093125 0.140686275 0.74761029375 0.140686275 0.775183821875 0.140686275 0.8109272875 0.137622546875 0.8354370937500001 0.128431371875 0.846670753125 0.125367646875 0.872201796875 0.1299632375
2 0.8875 0.034375 0.0796875 0.06875
1 0.528125 0.1 0.0546875 0.1609375
1 0.81875 0.05625 0.0609375 0.1125
1 0.621875 0.078125 0.059375 0.15
1 0.7 0.065625 0.06875 0.125
1 0.946875 0.078125 0.065625 0.1078125
5 0.9484375 0.046875 0.059375 0.0921875
5 0.8078125 0.0265625 0.059375 0.053125
5 0.6625 0.0265625 0.0359375 0.053125
5 0.5765625 0.025 0.03125 0.0484375
3 0.84375 0.0359375 0.0984375 0.071875
3 0.778125 0.0515625 0.08125 0.103125
3 0.615625 0.0421875 0.096875 0.084375
3 0.6953125 0.05 0.078125 0.1
4 0.3015625 0.540625 0.0453125 0.1015625
4 0.403125 0.675 0.040625 0.09375
4 0.340625 0.684375 0.040625 0.075
4 0.403125 0.58125 0.0546875 0.1125
4 0.2578125 0.559375 0.0328125 0.0640625
2 0.959375 0.78125 0.0421875 0.0921875