3 0.646875 0.60625 0.0765625 0.10625
5 0.7790476187500001 0.51856756875 0.7779389875 0.5244758593750001 0.7856919625 0.522504959375 0.78015376875 0.522504959375 0.7790476187500001 0.51856756875
5 0.54375 0.4890625 0.0515625 0.0875
4 0.75 0.5921875 0.065625 0.109375
4 0.69375 0.5921875 0.05625 0.08125
3 0.0203125 0.8515625 0.040625 0.1375
5 0.178125 0.846875 0.0453125 0.1046875
4 0.0734375 0.8375 0.0421875 0.0734375
4 0.115625 0.821875 0.0453125 0.084375
0 0.096875 0.875 0.075 0.0421875
2 0.7046875 0.84375 0.590625 0.3109375