3 0.221875 0.2 0.0796875 0.1046875
3 0.1625 0.1375 0.0578125 0.084375
0 0.93049428125 0.345955884375 0.9560253281250001 0.316850490625 0.95704656875 0.275490196875 0.9264093156250001 0.266299021875 0.898835784375 0.26323529375 0.8763684625 0.23872549062499998 0.8539011437499999 0.212683825 0.86513480625 0.26476715624999997 0.8763684625 0.292340684375 0.8559436281249999 0.3 0.83449755 0.293872546875 0.808966503125 0.275490196875 0.8140727125 0.30459558750000004 0.805902778125 0.344424021875 0.798754084375 0.3674019625 0.773223040625 0.358210784375 0.746670753125 0.33829656875 0.735437090625 0.313786765625 0.712969771875 0.293872546875 0.69050245 0.275490196875 0.6772263093750001 0.3 0.67109885625 0.326041665625 0.6547589875 0.35055146875 0.636376634375 0.34136029375 0.61493055625 0.284681371875 0.6047181375 0.25863970625 0.600633171875 0.228002453125 0.583272059375 0.22493872499999998 0.573059640625 0.24485294062500002 0.565910946875 0.26476715624999997 0.5516135625 0.277022059375 0.532209965625 0.27242646875 0.5209763093750001 0.27089460625 0.507700165625 0.293872546875 0.48625408437499995 0.315318628125 0.46991421562499996 0.324509803125 0.45868055625000004 0.31072303749999997 0.447446896875 0.273958334375 0.437234475 0.246384803125 0.42293709062499996 0.26017156875 0.41875 0.27398897187500004 0.41875 0.3796875 0.8531609874999999 0.3796875 0.8579861125000001 0.365870096875 0.8794321875 0.34748774375 0.93049428125 0.345955884375
5 0.4796875 0.259375 0.075 0.1578125
5 0.8390625 0.259375 0.065625 0.1328125
1 0.55625 0.221875 0.0765625 0.121875
1 0.640625 0.259375 0.0734375 0.165625
1 0.7296875 0.253125 0.0828125 0.21875
0 0 0.429033175 0.0091196875 0.41535364062499996 0.041799428124999996 0.41360294062499997 0.0721449 0.42235644375000003 0.11066030625 0.46262255 0.1456743125 0.48188025312500005 0.16434845 0.45912115 0.17835405 0.43286064687500003 0.198195321875 0.41010154375 0.21920372187499998 0.3978466375 0.282228934375 0.40309874062500006 0.305571603125 0.43811274375 0.337084209375 0.45912115 0.346421278125 0.417104340625 0.349984784375 0.3796875 0.0008461625000000001 0.3796875 0 0.379808378125 0 0.429033175
0 0 0.87347991875 0.012621090625000001 0.8880427187500001 0.054637896875 0.8897934187500001 0.121164509375 0.8880427187500001 0.14334004375 0.853028709375 0.172518384375 0.8320203093749999 0.221537990625 0.8442752125 0.27172473125 0.8495273125 0.27289186249999997 0.830269609375 0.244880659375 0.7882528 0.218036590625 0.754989496875 0.197028184375 0.7584908968749999 0.16901698125 0.7654937 0.14100577812499998 0.770745796875 0.121164509375 0.7847514 0.10249036874999999 0.8267682093750001 0.089651903125 0.8495273125 0.0569721625 0.842524509375 0.038298028125 0.800507703125 0.026626693750000003 0.767244396875 0.005618290624999999 0.783000703125 0 0.8059846125 0 0.87347991875
4 0.38125 0.446875 0.0765625 0.11875
4 0.246875 0.478125 0.1421875 0.15
4 0.06875 0.475 0.1359375 0.1453125
5 0.1828125 0.7171875 0.0796875 0.1578125
5 0.271875 0.746875 0.0953125 0.1578125
5 0.36875 0.71875 0.0875 0.1453125
5 0.0875 0.771875 0.0890625 0.1703125
5 0.021875 0.7515625 0.04375 0.128125
3 0.021875 0.725 0.0421875 0.1859375
3 0.0859375 0.734375 0.090625 0.21875
3 0.18125 0.684375 0.084375 0.1921875
3 0.26875 0.721875 0.090625 0.2171875
3 0.36875 0.71875 0.0890625 0.1875
3 0.071875 0.515625 0.1421875 0.2578125
3 0.24375 0.5 0.15625 0.2359375
2 0.85625 0.84375 0.1890625 0.1453125