5 0.14375 0.1796875 0.059375 0.1484375
5 0.071875 0.040625 0.0390625 0.08125
5 0.9015625 0.2328125 0.196875 0.053125
3 0.8828125 0.103125 0.103125 0.1453125
5 0.165625 0.784375 0.0375 0.0703125
5 0.10625 0.790625 0.0515625 0.103125
5 0.059375 0.9171875 0.0515625 0.0953125
5 0.2125 0.90625 0.040625 0.090625
5 0.1578125 0.9125 0.0515625 0.0953125
5 0.1 0.9125 0.0328125 0.0875
5 0.25 0.85625 0.0453125 0.0421875
1 0.053125 0.9390625 0.046875 0.0703125
1 0.0125 0.940625 0.025 0.0796875
0 0.566053921875 0.58514093125 0.589542484375 0.59586396875 0.6017973875 0.57594975625 0.6201797375 0.5499080875 0.6691993468749999 0.536121321875 0.6896241843750001 0.5437806375 0.7080065375 0.57441789375 0.7141339875 0.6004595593750001 0.73762255 0.59739583125 0.7580473875 0.57594975625 0.76621731875 0.5499080875 0.788684640625 0.50701593125 0.7764297375 0.49016544062499995 0.7304738562499999 0.479442403125 0.701879084375 0.464123775 0.681454246875 0.46106005000000005 0.658986928125 0.46106005000000005 0.63651960625 0.464123775 0.6058823531249999 0.4687193625 0.591584965625 0.485569853125 0.575245096875 0.48403799062499997 0.55992646875 0.4717830875 0.53031045625 0.4656556375 0.509375 0.46942401875 0.509375 0.533057596875 0.5190767968750001 0.533057596875 0.534395425 0.536121321875 0.5435866 0.562162990625 0.566053921875 0.58514093125
2 0.74375 0.646875 0.0875 0.1515625
2 0.578125 0.6953125 0.1140625 0.1796875
4 0.5546875 0.9359375 0.071875 0.128125
3 0.534375 0.903125 0.0515625 0.19375
3 0.6015625 0.896875 0.0875 0.20625
3 0.703125 0.8984375 0.1171875 0.203125