5 0.4578125 0.1515625 0.028125 0.0578125
5 0.459375 0.2203125 0.01875 0.053125
5 0.434375 0.221875 0.0140625 0.05
5 0.4875 0.2140625 0.015625 0.0359375
4 0.5171875 0.115625 0.01875 0.0515625
4 0.40625 0.140625 0.03125 0.0484375
2 0.934375 0.371875 0.04375 0.0828125
4 0.846875 0.346875 0.0734375 0.1515625
4 0.65 0.371875 0.1 0.2671875
4 0.7109375 0.553125 0.078125 0.0921875
4 0.7828125 0.534375 0.059375 0.1328125
4 0.946875 0.2828125 0.0484375 0.1015625
0 0.646875 0.2390625 0.09375 0.1
5 0.909375 0.7375 0.05 0.034375
5 0.9625 0.81875 0.075 0.04375
5 0.95625 0.7875 0.0671875 0.025
5 0.9625 0.8640625 0.06875 0.0390625