1 0.2375 0.4828125 0.04375 0.034375
1 0.278125 0.484375 0.0359375 0.0328125
1 0.371875 0.384375 0.0453125 0.071875
1 0.31875 0.371875 0.04375 0.05625
1 0.2625 0.3671875 0.0578125 0.05625
1 0.23125 0.36875 0.0390625 0.0421875
1 0.1875 0.3875 0.0515625 0.0390625
5 0.171875 0.4234375 0.0421875 0.0828125
5 0.215625 0.4125 0.0421875 0.084375
5 0.3234375 0.428125 0.046875 0.1
5 0.3734375 0.4359375 0.0390625 0.10625
0 0.845763046875 0.1218537875 0.843840709375 0.19425198125 0.8572970718749999 0.22441789375 0.8774816187500001 0.21989300625000002 0.8918991500000001 0.1836939125 0.9043943437499999 0.15051140937500002 0.9226565499999999 0.102245946875 0.94476343125 0.061521965624999994 0.953413953125 0.03286435 0.6296875 0.0158363625 0.6296875 0.100796475 0.6583351375000001 0.10978742500000001 0.67948085 0.1490031125 0.7006265625 0.212351528125 0.72465578125 0.2214013 0.749646171875 0.182185615625 0.7602190281250001 0.126378675 0.7736753875 0.08112980625 0.809238634375 0.03286435 0.8188503218750001 0.0494556 0.845763046875 0.1218537875
1 0.978125 0.98125 0.0390625 0.0375
3 0.9359375 0.9453125 0.071875 0.109375