3 0.18125 0.009375 0.0640625 0.01875
3 0.1578125 0.0296875 0.05 0.059375
3 0.7390625 0.23125 0.075 0.146875
3 0.65625 0.23125 0.075 0.1703125
5 0.24375 0.78125 0.01875 0.0296875
5 0.19375 0.784375 0.025 0.04375
5 0.1484375 0.78125 0.03125 0.046875
5 0.115625 0.7828125 0.01875 0.0453125
5 0.08125 0.7828125 0.0359375 0.04375
5 0.0453125 0.775 0.015625 0.040625
5 0.0921875 0.865625 0.0203125 0.0453125
5 0.1125 0.871875 0.040625 0.04375
5 0.153125 0.875 0.0328125 0.0390625
5 0.2 0.875 0.028125 0.0515625
4 0.2359375 0.878125 0.0234375 0.040625
4 0.0859375 0.759375 0.021875 0.0296875