1 0.15 0.259375 0.04375 0.1375
1 0.3125 0.24375 0.040625 0.109375
1 0.375 0.2484375 0.0484375 0.1078125
3 0.1265625 0.240625 0.1 0.1390625
3 0.6375 0.26875 0.134375 0.146875
3 0.5921875 0.4375 0.10625 0.0859375
3 0.715625 0.425 0.109375 0.1109375
3 0.95625 0.4265625 0.0859375 0.10625
3 0.8703125 0.4625 0.146875 0.034375
1 0.7578125 0.465625 0.08125 0.0265625
5 0.2609375 0.7125 0.0796875 0.171875
5 0.4 0.7140625 0.08125 0.1296875
0 1 0.4796875 0.743176728125 0.4796875 0.652516759375 0.51068405625 0.775932940625 0.54507918125 0.90091133125 0.5951082999999999 0.9446538125 0.660771565625 0.88060229375 0.731125084375 0.604087659375 0.8092956625 0.7978040656250001 0.881212628125 0.863417909375 0.91873446875 0.8571688468750001 0.984397765625 0.776906959375 1 1 1 1 0.4796875