4 0.4234375 0.40625 0.090625 0.0578125
5 0.325 0.2375 0.0625 0.1109375
5 0.39375 0.25 0.0546875 0.0953125
3 0.3171875 0.365625 0.0546875 0.1078125
3 0.2515625 0.225 0.065625 0.06875
3 0.540625 0.05 0.1015625 0.0984375
0 0 0.504417578125 0.008792890624999999 0.504417578125 0.032281453125 0.530269159375 0.054748775000000006 0.553079378125 0.079258578125 0.553079378125 0.11500204375 0.5363518843749999 0.132363153125 0.5181037093749999 0.145639296875 0.504417578125 0.1578942 0.466400546875 0.15456375 0.459375 0 0.459375 0 0.504417578125
0 0.20691380625 0.542434609375 0.229381128125 0.5485173343749999 0.25797590000000004 0.546996653125 0.282485703125 0.533310525 0.308016746875 0.53939325 0.33559027812500003 0.5515587 0.358057596875 0.56828619375 0.36622753124999996 0.5971791343749999 0.38358864375 0.595658453125 0.404013478125 0.581972325 0.418310865625 0.56828619375 0.442820671875 0.553079378125 0.459160540625 0.5713275531249999 0.46875 0.589890509375 0.46875 0.503722628125 0.45609681249999995 0.496814175 0.411162175 0.49225212812499997 0.371333740625 0.48312804062500003 0.3376327625 0.466400546875 0.32684845 0.459375 0.23194444062500003 0.459375 0.22529615937499997 0.46031782187500003 0.21997753437499998 0.459375 0.160935459375 0.459375 0.154830475 0.498334853125 0.167085375 0.5105003031249999 0.185467728125 0.530269159375 0.20691380625 0.542434609375
2 0.034375 0.5703125 0.06875 0.146875
2 0.14375 0.584375 0.11875 0.1640625
2 0.29375 0.596875 0.146875 0.15
2 0.4265625 0.6125 0.084375 0.1296875
5 0.5421875 0.521875 0.0828125 0.053125
5 0.85625 0.534375 0.0890625 0.059375
5 0.8390625 0.59375 0.0484375 0.0796875
5 0.5265625 0.615625 0.065625 0.090625
5 0.528125 0.70625 0.0875 0.065625