3 0.0328125 0.159375 0.065625 0.153125
3 0.19375 0.19375 0.075 0.146875
3 0.1078125 0.196875 0.0828125 0.1703125
5 0.990625 0.1484375 0.01875 0.04375
5 0.9828125 0.0625 0.034375 0.046875
5 0.990625 0.028125 0.0171875 0.0546875
5 0.684375 0.165625 0.05625 0.0890625
5 0.953125 0.421875 0.05 0.0578125
5 0.890625 0.415625 0.0484375 0.0671875
5 0.828125 0.4046875 0.05625 0.090625
5 0.778125 0.38125 0.0484375 0.090625
5 0.18125 0.71875 0.0625 0.0984375
5 0.234375 0.725 0.0484375 0.1046875
5 0.103125 0.6265625 0.090625 0.1015625
5 0.18125 0.6359375 0.0828125 0.08125
5 0.3609375 0.6640625 0.0546875 0.1171875
5 0.1375 0.703125 0.04375 0.0984375
5 0.84375 0.50625 0.128125 0.0921875
5 0.80625 0.465625 0.1140625 0.03125
5 0.8234375 0.74375 0.0671875 0.0828125
5 0.834375 0.665625 0.078125 0.0765625
2 0.8921875 0.671875 0.0671875 0.090625