1 0.4171875 0.290625 0.0421875 0.075
1 0.490625 0.296875 0.05 0.1046875
1 0.5546875 0.2984375 0.0515625 0.09375
1 0.609375 0.3078125 0.01875 0.090625
3 0.3625 0.1828125 0.1328125 0.1328125
3 0.478125 0.175 0.125 0.1125
3 0.5703125 0.1625 0.071875 0.121875
3 0.440625 0.290625 0.0765625 0.1359375
3 0.51875 0.271875 0.0890625 0.11875
3 0.58125 0.2625 0.075 0.121875
3 0.60625 0.2765625 0.025 0.10625
5 0.2671875 0.315625 0.0546875 0.0640625
5 0.340625 0.31875 0.040625 0.0703125
5 0.959375 0.409375 0.0625 0.0765625
2 0.3484375 0.775 0.540625 0.2125