5 0.396875 0.6234375 0.025 0.053125
5 0.41875 0.628125 0.03125 0.0671875
5 0.4875 0.6203125 0.0328125 0.059375
5 0.625 0.6390625 0.0375 0.0640625
5 0.690625 0.63125 0.0390625 0.0625
5 0.5375 0.6375 0.0390625 0.0734375
5 0.5828125 0.63125 0.0390625 0.0859375
4 0.459375 0.646875 0.0453125 0.071875
4 0.509375 0.63125 0.03125 0.053125
4 0.5578125 0.6328125 0.0390625 0.0703125
4 0.65 0.6640625 0.0265625 0.05
0 0.653125 0.546875 0.125 0.0671875
0 0.421875 0.6640625 0.028125 0.0359375
0 0.4828125 0.671875 0.0890625 0.040625
0 0.559375 0.68125 0.0546875 0.0359375