4 0.0875 0.4046875 0.025 0.025
4 0.009375 0.403125 0.01875 0.0265625
4 0.6296875 0.275 0.0265625 0.0609375
4 0.66875 0.275 0.028125 0.04375
4 0.596875 0.253125 0.0390625 0.053125
4 0.5875 0.19375 0.0328125 0.0453125
4 0.63125 0.2 0.0359375 0.046875
0 1 0.75774255625 0.99137050625 0.75530024375 0.9678819437499999 0.75530024375 0.943372140625 0.762959559375 0.9219260625000001 0.75530024375 0.901501225 0.73385416875 0.899458740625 0.7644914218750001 0.9066074343749999 0.7844056375 0.9157986125 0.808915440625 0.9260110312500001 0.81657475625 0.9372446875 0.81351103125 0.960733253125 0.7935968124999999 0.993412990625 0.7782781875 1 0.776960784375 1 0.75774255625
0 0.80550449375 0.73844975625 0.807546975 0.75683210625 0.816738153125 0.7767463218749999 0.8208231218750001 0.805851715625 0.837162990625 0.802787990625 0.863715278125 0.789001225 0.8861826 0.775214459375 0.901501225 0.75530024375 0.899458740625 0.73538603125 0.8749489374999999 0.730790440625 0.846354165625 0.75070465625 0.827971815625 0.752236521875 0.807546975 0.723131128125 0.80550449375 0.73844975625
0 0.701337825 0.7124080875 0.729932596875 0.729258578125 0.7360600500000001 0.75836396875 0.741166259375 0.7981924031250001 0.7483149499999999 0.802787990625 0.76159109375 0.7874693625 0.773845996875 0.7598958312499999 0.795292075 0.75070465625 0.8014195281250001 0.729258578125 0.75546364375 0.724662990625 0.737081290625 0.690962009375 0.713592728125 0.66492034375 0.700316584375 0.6817708312499999 0.701337825 0.7124080875
0 0.69316789375 0.697089459375 0.702147525 0.659375 0.66699856875 0.659375 0.650275734375 0.663388478125 0.617595996875 0.67104779375 0.591007965625 0.659375 0.56454248125 0.659375 0.5604064531249999 0.661856615625 0.554279003125 0.6863664218750001 0.56347018125 0.7078125 0.584916259375 0.724662990625 0.601256128125 0.74917279375 0.604319853125 0.789001225 0.6247446875 0.7813419125000001 0.639042075 0.73538603125 0.669679328125 0.7062806375 0.69316789375 0.697089459375
0 0.5124080875 0.68023896875 0.482792075 0.684834559375 0.44092115937500004 0.6695159312500001 0.4390625 0.6680613281250001 0.4390625 0.7036070249999999 0.44296364375 0.7032169125000001 0.45726103125 0.7200674031250001 0.46849468749999995 0.7598958312499999 0.477685865625 0.7782781875 0.490962009375 0.77981005 0.5093443625 0.7461090687499999 0.5297691999999999 0.7124080875 0.54917279375 0.6863664218750001 0.5532577625 0.66492034375 0.5124080875 0.68023896875
4 0.825 0.8375 0.065625 0.109375
2 0.484375 0.8140625 0.075 0.1140625