1 0.4640625 0.075 0.0671875 0.0625
1 0.384375 0.13125 0.0375 0.096875
1 0.51875 0.14375 0.021875 0.0734375
1 0.4671875 0.2265625 0.0265625 0.0734375
1 0.440625 0.228125 0.028125 0.0546875
1 0.4171875 0.21875 0.028125 0.0578125
1 0.39375 0.225 0.0359375 0.0546875
4 0.3671875 0.21875 0.0203125 0.059375
4 0.49375 0.2 0.0171875 0.084375
4 0.384375 0.140625 0.0359375 0.0984375
4 0.534375 0.14375 0.0140625 0.05625
4 0.471875 0.190625 0.0265625 0.059375
4 0.446875 0.196875 0.03125 0.0640625
4 0.41875 0.190625 0.034375 0.05625
4 0.390625 0.215625 0.03125 0.053125
4 0.35625 0.1625 0.0234375 0.0546875
5 0.4671875 0.125 0.053125 0.1078125
5 0.515625 0.1609375 0.034375 0.05
0 0.4640625 0.090625 0.1546875 0.0859375
0 0.4125 0.246875 0.0703125 0.0359375
2 0.7125 0.3578125 0.1765625 0.2734375
0 0.560508578125 0.8425951093749999 0.541104984375 0.8305178124999999 0.529871321875 0.81693085625 0.523743871875 0.79126660625 0.5114889687499999 0.753525059375 0.5012765531250001 0.741447765625 0.48697916875 0.765602353125 0.47880923124999997 0.77767965 0.46859681249999996 0.75805404375 0.458384396875 0.750505734375 0.44612949375 0.739938103125 0.435917075 0.765602353125 0.424683415625 0.794285928125 0.42161968749999995 0.8274984906249999 0.4185559625 0.841085446875 0.403237334375 0.838066121875 0.38996119375 0.838066121875 0.380770015625 0.8214598437499999 0.3685151125 0.7988149156250001 0.360345178125 0.7746603249999999 0.351154003125 0.7625830312499999 0.34502655 0.7565443843749999 0.32868668125 0.77767965 0.321537990625 0.8048535625 0.31643178125000004 0.81542119375 0.307240603125 0.8305178124999999 0.288858253125 0.81542119375 0.27762459375000004 0.79126660625 0.26639093125 0.7806989718749999 0.2500510625 0.8350468 0.249029821875 0.8486337562499999 0.245966096875 0.8742980093750001 0.229626225 0.8833559781250001 0.204095178125 0.8863753031250001 0.1969464875 0.8773173312500001 0.18367034375 0.865240034375 0.179585375 0.8456144312499999 0.167330475 0.8244791656249999 0.161203021875 0.8576917249999999 0.161203021875 0.8863753031250001 0.168351715625 0.925626509375 0.198988971875 0.93468448125 0.2408598875 0.9241168500000001 0.26434845 0.90751056875 0.26945465625 0.8939236125000001 0.294985703125 0.8924139500000001 0.3154105375 0.8893946250000001 0.35217524375 0.8893946250000001 0.3828125 0.8893946250000001 0.43898080000000006 0.8909042875000001 0.44306576875000003 0.87127868125 0.46859681249999996 0.87127868125 0.5002553125 0.87127868125 0.527828840625 0.895433275 0.56152981875 0.90751056875 0.593188315625 0.9120395531250001 0.609375 0.88691500625 0.609375 0.764026646875 0.603400734375 0.7761699875 0.593188315625 0.8018342374999999 0.5778696875 0.8274984906249999 0.560508578125 0.8425951093749999
4 0.4828125 0.715625 0.0640625 0.1390625
4 0.403125 0.76875 0.1 0.16875
4 0.3375 0.6 0.1421875 0.0984375
4 0.5625 0.775 0.0921875 0.1765625
3 0.5640625 0.734375 0.090625 0.2515625
3 0.396875 0.7328125 0.10625 0.23125
3 0.203125 0.771875 0.128125 0.2578125
3 0.209375 0.596875 0.1171875 0.09375
0 0.535679378125 0.8351163937500001 0.522605240625 0.79162561875 0.511710103125 0.76424233125 0.502993959375 0.7433024125000001 0.48447225625 0.765853140625 0.480114184375 0.773907009375 0.47030854062499994 0.7722962 0.448518265625 0.73685916875 0.438712621875 0.76424233125 0.42781748437499995 0.798068615625 0.42128041562499996 0.838337890625 0.411474778125 0.843170259375 0.391863575 0.8399487656250001 0.37878935937499997 0.8351163937500001 0.368983715625 0.81900865625 0.35917815625 0.780350065625 0.339566875 0.76263158125 0.3254031625 0.77873931875 0.31341852812500004 0.8222301562500001 0.29707581875 0.8399487656250001 0.284001684375 0.8109547906250001 0.2643904 0.79323624375 0.25474874999999997 0.83645581875 0.244779203125 0.88505035 0.28073310937499996 0.8979365874999999 0.31341852812500004 0.902768834375 0.40166913437499996 0.905990453125 0.44742876562499995 0.899547334375 0.5127996 0.8979365874999999 0.562917221875 0.8963258375000001 0.609375 0.871229496875 0.609375 0.76318000625 0.60105029375 0.77712850625 0.583618003125 0.825451775 0.5672752937500001 0.8528348749999999 0.535679378125 0.8351163937500001
2 0.6640625 0.753125 0.109375 0.2703125
2 0.890625 0.6515625 0.1765625 0.203125
0 0.809375 0.90625 0.2078125 0.1875