5 0.3484375 0.4203125 0.1125 0.146875
5 0.4375 0.4546875 0.0796875 0.1546875
5 0.228125 0.428125 0.1359375 0.1890625
5 0.075 0.425 0.1453125 0.20625
5 0.025 0.578125 0.0484375 0.1046875
5 0.0875 0.5875 0.0828125 0.0828125
5 0.16875 0.5796875 0.096875 0.1
5 0.25625 0.578125 0.0984375 0.1046875
5 0.34375 0.584375 0.0703125 0.090625
5 0.4 0.584375 0.0734375 0.090625
5 0.46875 0.584375 0.0453125 0.090625
3 0.628125 0.475 0.065625 0.1171875
3 0.5796875 0.4796875 0.040625 0.10625
3 0.5625 0.43125 0.003125 0.0015625
3 0.1546875 0.9390625 0.078125 0.121875
3 0.090625 0.94375 0.084375 0.1109375
3 0.028125 0.93125 0.05625 0.1234375
3 0.2375 0.9296875 0.059375 0.1375
5 0.20625 0.94375 0.04375 0.071875
5 0.225 0.7984375 0.0484375 0.1046875
2 0.6234375 0.9296875 0.128125 0.140625
2 0.65625 0.715625 0.1953125 0.1703125