5 0.04375 0.340625 0.0390625 0.0578125
5 0.078125 0.3375 0.0375 0.0546875
5 0.1140625 0.33125 0.0375 0.0546875
5 0.159375 0.321875 0.0234375 0.05625
5 0.203125 0.31875 0.03125 0.046875
5 0.00625 0.3375 0.0109375 0.0734375
3 0.0296875 0.3234375 0.04375 0.06875
3 0.078125 0.31875 0.0515625 0.075
3 0.128125 0.315625 0.053125 0.075
3 0.175 0.309375 0.05625 0.0671875
1 0.990625 0.225 0.0171875 0.0875
1 0.9375 0.246875 0.0546875 0.103125
1 0.846875 0.25 0.05625 0.159375
1 0.80625 0.490625 0.1078125 0.246875
1 0.90625 0.446875 0.0828125 0.1421875
1 0.959375 0.4296875 0.05 0.1296875
1 0.65625 0.4703125 0.0765625 0.184375
0 0.809375 0.1 0.38125 0.2
0 0.796875 0.5609375 0.3546875 0.178125
5 0.53125 0.75 0.0328125 0.0953125
5 0.390625 0.7359375 0.0265625 0.0859375
5 0.2796875 0.715625 0.05 0.0921875
5 0.1828125 0.69375 0.046875 0.08125
5 0.5 0.890625 0.0296875 0.059375
5 0.41875 0.878125 0.01875 0.0578125
1 0.7265625 0.94375 0.0453125 0.0515625