3 0.328125 0.446875 0.0703125 0.084375
4 0.078125 0.4515625 0.1546875 0.046875
3 0.203125 0.4515625 0.0859375 0.075
3 0.321875 0.36875 0.075 0.1421875
4 0.80625 0.41875 0.0375 0.1421875
4 0.75625 0.4203125 0.0546875 0.1375
4 0.678125 0.4171875 0.0671875 0.14375
4 0.56875 0.425 0.06875 0.1296875
0 0.237969771875 0.5548406875 0.248182190625 0.5686274499999999 0.261458334375 0.565563725 0.27881944375 0.5686274499999999 0.31558415 0.5640318625 0.32579656875 0.571691178125 0.3329452625 0.583946078125 0.344178921875 0.59773284375 0.377879903125 0.58700980625 0.394219771875 0.579350490625 0.40545343125000005 0.571691178125 0.42077205937500006 0.550245096875 0.44323938125 0.544117646875 0.46672794062499995 0.545649509375 0.487152778125 0.548713234375 0.50247140625 0.565563725 0.519832515625 0.583946078125 0.5296875 0.586902571875 0.5296875 0.4890625 0.20637255 0.4890625 0.212438725 0.49816176562500003 0.22367238750000001 0.518075978125 0.237969771875 0.5548406875
0 0.48102532499999995 0.7738970593750001 0.467749184375 0.806066175 0.457536765625 0.822916665625 0.45447304062500005 0.822916665625 0.44426061875 0.815257353125 0.43711192812500005 0.799938725 0.42587826875 0.778492646875 0.40851715625 0.763174021875 0.40341094687499995 0.784620096875 0.39217728749999997 0.8198529406249999 0.385028596875 0.8367034312499999 0.37073120937500004 0.84436274375 0.36766748437499996 0.83363970625 0.360518790625 0.8091299 0.3513276125 0.776960784375 0.3421364375 0.75398284375 0.329881534375 0.737132353125 0.324775328125 0.750919115625 0.318647875 0.77236519375 0.31354166562499997 0.799938725 0.30945670000000003 0.8244485312500001 0.303329246875 0.8474264687499999 0.290053103125 0.83210784375 0.27269199375 0.793811275 0.2655433 0.75551470625 0.25941585 0.7892156875 0.248182190625 0.82138480625 0.24307597812499998 0.83363970625 0.23592728749999997 0.848958334375 0.218566175 0.867340684375 0.20426879062499997 0.848958334375 0.1971201 0.867340684375 0.20426879062499997 0.9025735312500001 0.21652369375 0.9316789218749999 0.23082107812500002 0.953125 0.23592728749999997 0.9546568625 0.264522059375 0.9546568625 0.29311683125 0.950061275 0.32375408437500003 0.9515931375 0.344178921875 0.956188725 0.37685865937499996 0.956188725 0.399325978125 0.9485294124999999 0.42077205937500006 0.936274509375 0.43915441250000004 0.937806371875 0.46877042500000005 0.960784315625 0.5034926468750001 0.98376225625 0.5296875 0.989901671875 0.5296875 0.8314951 0.525959965625 0.8091299 0.522896240625 0.7693014687499999 0.49430146875 0.76011029375 0.48102532499999995 0.7738970593750001
2 0.21875 0.5765625 0.075 0.1265625
1 0.9125 0.9203125 0.06875 0.0875