2 0.0796875 0.4875 0.059375 0.04375
0 0.83589986875 0.330011290625 0.82027211875 0.31197716249999996 0.8166656874999999 0.30957265624999997 0.8130592562500001 0.352854478125 0.82027211875 0.4117657375 0.789016615625 0.408158975 0.764973978125 0.36607945625 0.7385271125 0.33722490625 0.727708 0.3288090375 0.71328226875 0.38892264375 0.69164395 0.42619305625 0.65798421875 0.408158975 0.6363459 0.357663496875 0.615909603125 0.33602265 0.5966755125 0.358865840625 0.575037190625 0.38291128125 0.5437816875 0.348045371875 0.522143371875 0.314381715625 0.5113241625 0.305965803125 0.4788666375 0.32399993125000004 0.47045166250000003 0.378102175 0.45121756875 0.429799821875 0.43799413437499995 0.452643009375 0.427174928125 0.429799821875 0.412749384375 0.379304428125 0.40914295312500004 0.37329306875 0.39712163437500003 0.423788459375 0.39712163437500003 0.45023850000000004 0.368270446875 0.4117657375 0.359855559375 0.380506684375 0.359375 0.379874296875 0.359375 0.5296875 0.804756890625 0.5296875 0.8154634812499999 0.522374825 0.8455167781249999 0.497127128125 0.8887936 0.447833903125 0.905623375 0.40936123125 0.905623375 0.374495321875 0.9008149218750001 0.3648772 0.88278294375 0.356461240625 0.849123209375 0.345640771875 0.83589986875 0.330011290625
1 0.503125 0.0390625 0.1515625 0.078125
1 0.9515625 0.0875 0.090625 0.1609375
1 0.73125 0.0875 0.121875 0.1734375
1 0.621875 0.0625 0.11875 0.125
1 0.8484375 0.2984375 0.1046875 0.1453125
1 0.771875 0.3375 0.1203125 0.1921875
1 0.665625 0.346875 0.1390625 0.209375
1 0.440625 0.33125 0.146875 0.23125
0 0.8 0.80625 0.3453125 0.2484375