5 0.303125 0.290625 0.01875 0.0296875
5 0.253125 0.2953125 0.025 0.04375
5 0.2078125 0.29375 0.03125 0.046875
5 0.175 0.29375 0.01875 0.0453125
5 0.140625 0.29375 0.0359375 0.04375
5 0.1046875 0.2859375 0.015625 0.040625
5 0.1515625 0.378125 0.0203125 0.0453125
5 0.171875 0.384375 0.040625 0.04375
5 0.2125 0.384375 0.0328125 0.0390625
5 0.259375 0.3875 0.028125 0.0515625
4 0.2953125 0.390625 0.0234375 0.040625
4 0.1453125 0.271875 0.021875 0.0296875
1 0.965625 0.03125 0.06875 0.0625
1 0.771875 0.0578125 0.215625 0.115625
1 0.5625 0.05625 0.1625 0.1125
1 0.3671875 0.021875 0.096875 0.04375
1 0.603125 0.490625 0.1296875 0.0578125
1 0.86875 0.4875 0.1140625 0.0640625
4 0.428125 0.1078125 0.090625 0.1734375
4 0.63125 0.1375 0.08125 0.2015625
4 0.6875 0.3921875 0.096875 0.1578125
4 0.81875 0.440625 0.1015625 0.1578125
5 0.871875 0.428125 0.1234375 0.1796875
5 0.759375 0.428125 0.1125 0.1828125
5 0.771875 0.165625 0.2015625 0.33125
5 0.9390625 0.2171875 0.121875 0.296875
5 0.353125 0.3359375 0.0671875 0.190625
5 0.9703125 0.44375 0.059375 0.15
3 0.0953125 0.75625 0.0625 0.234375
0 0.0421875 0.85625 0.0640625 0.096875
0 0.0625 0.546875 0.0578125 0.0546875
3 0.0390625 0.73125 0.0453125 0.1859375