2 0.075 0.2015625 0.0328125 0.05
2 0.3375 0.228125 0.05 0.0625
5 0.346875 0.3 0.0421875 0.059375
5 0.3 0.309375 0.0421875 0.0390625
5 0.246875 0.303125 0.0234375 0.0515625
5 0.209375 0.3125 0.0265625 0.0359375
5 0.125 0.3 0.0234375 0.0484375
5 0.084375 0.2796875 0.025 0.040625
5 0.1875 0.2125 0.0234375 0.0421875
5 0.778125 0.10625 0.0265625 0.025
5 0.746875 0.1 0.01875 0.028125
5 0.70625 0.103125 0.0203125 0.03125
5 0.678125 0.1078125 0.0203125 0.0234375
5 0.640625 0.1125 0.01875 0.01875
5 0.60625 0.103125 0.0203125 0.028125
5 0.8171875 0.1 0.0171875 0.015625
5 0.6109375 0.0609375 0.0125 0.0234375
5 0.8 0.0515625 0.0234375 0.015625
5 0.759375 0.05625 0.0125 0.015625
5 0.834375 0.05 0.01875 0.0171875
3 0.6515625 0.0984375 0.04375 0.0390625
3 0.6890625 0.1 0.04375 0.0421875
3 0.7265625 0.096875 0.0390625 0.0390625
3 0.7625 0.090625 0.0359375 0.034375
3 0.790625 0.096875 0.040625 0.0359375
3 0.625 0.1015625 0.034375 0.0328125
2 0.14375 0.928125 0.2875 0.14375
5 0.95625 0.6625 0.0375 0.0703125
5 0.896875 0.66875 0.0515625 0.103125
5 0.6609375 0.684375 0.0421875 0.084375
5 0.721875 0.79375 0.04375 0.0828125
5 0.6703125 0.7828125 0.040625 0.0609375
5 0.76875 0.79375 0.0609375 0.0734375
5 0.85 0.7953125 0.0515625 0.0953125
5 0.990625 0.784375 0.01875 0.090625
5 0.9484375 0.790625 0.0515625 0.0953125
5 0.890625 0.790625 0.0328125 0.0875
1 0.84375 0.8171875 0.046875 0.0703125
1 0.7828125 0.81875 0.065625 0.0796875