3 0.13125 0.44375 0.0921875 0.05
1 0.3203125 0.446875 0.0625 0.04375
1 0.103125 0.45625 0.06875 0.0234375
1 0.3546875 0.415625 0.065625 0.040625
0 0.49208391875 0.04007753125 0.49325105 0.01203398125 0.46640697812500004 0.002136259375 0.4390625 0.017319615625 0.4390625 0.090980696875 0.44423144375 0.076369184375 0.45123424375 0.05987298125 0.47340978125 0.054924115625000006 0.49208391875 0.04007753125
0 0.49558531562499997 0 0.49558531562499997 0.030179806250000003 0.503755253125 0.036778290625 0.52126225625 0.0747195625 0.541103525 0.111011215625 0.555109128125 0.068121084375 0.5632790625 0.0384279125 0.581953196875 0.02193170625 0.61696720625 0.0103843625 0.64964694375 0.018632465625 0.6729896125 0.051624875 0.68582808125 0.08131804687500001 0.7080036187500001 0.0466760125 0.729012021875 0.033479053125000005 0.753521825 0.025230946875 0.790870096875 0.028530187499999998 0.777893659375 0 0.49558531562499997 0
0 0.5154265875 0.25782745 0.50025385 0.249579346875 0.49325105 0.26937479375 0.48741538437500004 0.29246948125 0.4710755125 0.320513034375 0.446565709375 0.31391455 0.446565709375 0.3419581 0.46874124687499996 0.350206203125 0.488582515625 0.346906959375 0.509590921875 0.3551550625 0.541103525 0.370001646875 0.5632790625 0.366702409375 0.562111928125 0.3419581 0.5492734593749999 0.328761134375 0.532933590625 0.30731606875 0.5154265875 0.25782745
0 0.5737832625 0.358454303125 0.58312033125 0.370001646875 0.6052958687500001 0.3650527875 0.63097280625 0.37495050937499996 0.658984009375 0.383198615625 0.65664974375 0.358454303125 0.636808471875 0.338658859375 0.623970003125 0.315564171875 0.6134658 0.28257175625 0.6041287343749999 0.2627763125 0.590123134375 0.29246948125 0.58312033125 0.317213790625 0.574950396875 0.340308478125 0.5737832625 0.358454303125
0 0.7266777531249999 0.358454303125 0.7161735499999999 0.3419581 0.69983368125 0.30236720625 0.692830884375 0.29246948125 0.6788252781249999 0.290819859375 0.6741567468749999 0.327111515625 0.66715394375 0.346906959375 0.6706553468750001 0.38649785625 0.69866655 0.3930963375 0.736014821875 0.40134444062499997 0.767527428125 0.399694821875 0.804875703125 0.399694821875 0.831719771875 0.38649785625 0.8270512374999999 0.370001646875 0.81071136875 0.34855658125 0.799040034375 0.33041075625 0.78853583125 0.29741834375 0.773363096875 0.28917024062499996 0.76636029375 0.340308478125 0.748853290625 0.358454303125 0.7266777531249999 0.358454303125
0 0.898246384375 0.366702409375 0.922756184375 0.366702409375 0.9297589875 0.351855821875 0.91108485 0.32546189375 0.8959121124999999 0.290819859375 0.8784051125 0.272674034375 0.8690680437499999 0.272674034375 0.852728175 0.323812271875 0.8305526375 0.361753546875 0.8445582406250001 0.388147475 0.86556664375 0.368352028125 0.898246384375 0.366702409375
0 0.7919682781249999 0 0.802541434375 0.051624875 0.82471696875 0.107711978125 0.8398897062499999 0.09616463125 0.8480596406249999 0.051624875 0.8924107156250001 0.04007753125 0.9157533843750001 0.0384279125 0.943764590625 0.071420321875 0.944931721875 0.102763115625 0.970608659375 0.0565737375 0.97177579375 0.02688056875 0.944931721875 0.01203398125 0.9108747625 0 0.90396300625 0 0.8819065125 0.007085118749999999 0.85856384375 0.0103843625 0.832114265625 0 0.7919682781249999 0
4 0.975 0.265625 0.05 0.1421875
4 0.9125 0.26875 0.0671875 0.1390625
4 0.821875 0.28125 0.09375 0.15625
4 0.725 0.28125 0.0875 0.15625
4 0.646875 0.2828125 0.0875 0.1453125
4 0.5515625 0.2796875 0.09375 0.14375
4 0.46875 0.25625 0.0578125 0.1171875
4 0.515625 0.11875 0.0828125 0.134375
4 0.971875 0.1140625 0.05625 0.15
4 0.446875 0.1296875 0.0140625 0.125
4 0.9078125 0.0875 0.0984375 0.13125
4 0.23125 0.8875 0.1265625 0.1390625
5 0.721875 0.51875 0.0171875 0.034375
5 0.759375 0.521875 0.0203125 0.0375
5 0.7828125 0.51875 0.0171875 0.03125
3 0.73125 0.4859375 0.0578125 0.034375
3 0.784375 0.4875 0.04375 0.0390625
3 0.740625 0.51875 0.03125 0.05
3 0.76875 0.51875 0.028125 0.05625
3 0.8 0.5171875 0.028125 0.0484375
3 0.70625 0.509375 0.034375 0.0421875