5 0.540625 0.640625 0.034375 0.0390625
5 0.625 0.6875 0.028125 0.0296875
1 0.565625 0.696875 0.034375 0.0625
1 0.5421875 0.696875 0.0359375 0.05625
5 0.465625 0.6078125 0.021875 0.0203125
5 0.496875 0.5984375 0.028125 0.0203125
5 0.578125 0.64375 0.03125 0.0515625
5 0.621875 0.5859375 0.025 0.034375
5 0.653125 0.58125 0.021875 0.0390625
5 0.671875 0.5953125 0.028125 0.040625
5 0.515625 0.6953125 0.028125 0.05625
5 0.5984375 0.68125 0.0328125 0.0703125
5 0.4640625 0.69375 0.0296875 0.0359375
5 0.4484375 0.6765625 0.028125 0.034375
5 0.6859375 0.659375 0.0265625 0.028125
5 0.690625 0.5890625 0.0203125 0.0234375