1 0.321875 0.0140625 0.0765625 0.028125
1 0.2640625 0.01875 0.078125 0.0375
1 0.1828125 0.0171875 0.071875 0.034375
1 0.121875 0.01875 0.0640625 0.0375
1 0.0484375 0.021875 0.065625 0.04375
1 0.0140625 0.0171875 0.028125 0.034375
0 0.1859375 0.0234375 0.371875 0.04375
0 0.4359375 0.00625 0.06875 0.0125
0 0.975 0.3125 0.0484375 0.096875
0 0.8859375 0.015625 0.065625 0.03125
3 0.771875 0.09375 0.071875 0.1859375
3 0.7765625 0.275 0.071875 0.2484375
3 0.978125 0.1875 0.0421875 0.1859375
1 0.8828125 0.3625 0.05 0.075
0 0.8375 0.334375 0.0421875 0.13125
2 0.15 0.8609375 0.3 0.271875
2 0.44375 0.696875 0.1109375 0.3328125
1 0.465625 0.765625 0.0671875 0.4078125
4 0.109375 0.6828125 0.1703125 0.415625
0 0.25625 0.5609375 0.45 0.321875
5 0.9828125 0.78125 0.0265625 0.025
5 0.9515625 0.775 0.01875 0.028125
5 0.9125 0.778125 0.0203125 0.03125
5 0.8828125 0.7828125 0.0203125 0.0234375
5 0.846875 0.7875 0.01875 0.01875
5 0.8109375 0.778125 0.0203125 0.028125
5 0.815625 0.7359375 0.0125 0.0234375
5 0.996875 0.7265625 0.00625 0.015625
5 0.965625 0.73125 0.0125 0.015625
3 0.85625 0.7734375 0.04375 0.0390625
3 0.89375 0.775 0.04375 0.0421875
3 0.93125 0.771875 0.0390625 0.0390625
3 0.965625 0.765625 0.0359375 0.034375
3 0.9875 0.771875 0.025 0.0359375
3 0.8296875 0.7765625 0.034375 0.0328125