5 0.240625 0.3828125 0.0609375 0.134375
5 0.2375 0.2859375 0.025 0.0640625
5 0.215625 0.190625 0.025 0.0828125
5 0.2 0.134375 0.03125 0.0984375
5 0.1765625 0.071875 0.0390625 0.0609375
5 0.140625 0.0453125 0.0421875 0.078125
5 0.0875 0.04375 0.0390625 0.0796875
5 0.0484375 0.078125 0.028125 0.071875
5 0.00625 0.309375 0.0109375 0.0890625
4 0.0375 0.1125 0.028125 0.053125
4 0.2234375 0.34375 0.0265625 0.059375
4 0.1546875 0.05 0.021875 0.046875
4 0.0875 0.075 0.0375 0.0734375
5 0.790625 0.125 0.0890625 0.09375
5 0.75625 0.203125 0.0765625 0.084375
5 0.721875 0.3 0.0921875 0.0984375
5 0.690625 0.384375 0.08125 0.090625
5 0.678125 0.428125 0.0640625 0.0421875
2 0.4078125 0.94375 0.140625 0.1125
2 0.859375 0.903125 0.278125 0.19375