2 0.059375 0.1203125 0.0515625 0.0734375
0 0.2375 0.025 0.3078125 0.0484375
2 0.740625 0.309375 0.1515625 0.2078125
2 0.5265625 0.35 0.09375 0.1765625
2 0.9203125 0.3875 0.1265625 0.1890625
0 0.31348914375 0.530602240625 0.34733601875 0.5218487406250001 0.3636758875 0.57086835 0.384684290625 0.58837535 0.406859825 0.55511204375 0.43487103125 0.5323529406249999 0.435487278125 0.5 0.26359736875 0.5 0.2644695375 0.5095938375 0.265636671875 0.5253501375 0.29831640937500004 0.54985994375 0.31348914375 0.530602240625
2 0.278125 0.696875 0.034375 0.1375
3 0.1875 0.646875 0.18125 0.2953125
3 0.20625 0.903125 0.0953125 0.1921875
3 0.3125 0.646875 0.1296875 0.28125
3 0.0515625 0.653125 0.103125 0.3078125
3 0.70625 0.51875 0.0796875 0.0359375