5 0.309375 0.3125 0.025 0.0359375
5 0.26875 0.321875 0.0171875 0.0265625
5 0.2359375 0.3125 0.01875 0.034375
3 0.2125 0.2984375 0.0421875 0.0515625
3 0.2875 0.30625 0.0390625 0.046875
3 0.359375 0.2984375 0.0390625 0.040625
3 0.2515625 0.309375 0.04375 0.05
5 0.296875 0.2515625 0.0234375 0.0421875
5 0.35625 0.253125 0.0203125 0.03125
4 0.371875 0.2375 0.0171875 0.0359375
4 0.2265625 0.246875 0.0328125 0.05
5 0.546875 0.015625 0.2 0.03125
5 0.865625 0.803125 0.01875 0.0296875
5 0.8125 0.8078125 0.025 0.04375
5 0.76875 0.80625 0.03125 0.046875
5 0.734375 0.80625 0.01875 0.0453125
5 0.703125 0.80625 0.0359375 0.04375
5 0.665625 0.7984375 0.015625 0.040625
5 0.7125 0.890625 0.0203125 0.0453125
5 0.7328125 0.896875 0.040625 0.04375
5 0.775 0.896875 0.0328125 0.0390625
5 0.821875 0.9 0.028125 0.0515625
4 0.85625 0.903125 0.0234375 0.040625
4 0.70625 0.784375 0.021875 0.0296875