5 0.071875 0.265625 0.1125 0.146875
5 0.0109375 0.3 0.021875 0.1546875
5 0.1921875 0.275 0.1359375 0.1890625
5 0.346875 0.2703125 0.1453125 0.20625
5 0.459375 0.2671875 0.1 0.1609375
5 0.553125 0.26875 0.059375 0.16875
5 0.409375 0.4296875 0.078125 0.11875
5 0.4953125 0.4390625 0.075 0.1
5 0.33125 0.440625 0.0828125 0.096875
5 0.2515625 0.43125 0.096875 0.1140625
5 0.1625 0.4296875 0.0984375 0.11875
5 0.078125 0.4375 0.0703125 0.1046875
5 0.028125 0.4375 0.0546875 0.1046875
5 0.5640625 0.453125 0.059375 0.071875
5 0.5828125 0.4390625 0.034375 0.1
0 0.726301009375 0 0.732221253125 0.003977703125 0.748561121875 0.04037995 0.76490099375 0.0980168375 0.787260815625 0.17688836562500002 0.7941407593750001 0.145036403125 0.809620634375 0.072231915625 0.8156405875000001 0.04037995 0.831120465625 0.041896709375 0.8500403125 0.070715153125 0.8663801812499999 0.1056006375 0.8887400031249999 0.143519640625 0.9085198468750001 0.152620203125 0.923999721875 0.111667678125 0.95839944375 0.0646481125 0.9773192937499999 0.06919839375 1 0.07876401875 1 0 0.726301009375 0
5 0.953125 0.2640625 0.09375 0.328125
5 0.840625 0.2265625 0.1296875 0.3375
5 0.753125 0.2203125 0.1046875 0.2921875
5 0.89375 0.428125 0.0796875 0.1203125
5 0.7984375 0.440625 0.096875 0.0984375
5 0.7125 0.428125 0.0734375 0.1203125
5 0.6796875 0.221875 0.0796875 0.3046875
0 0 0.5512455968750001 0.005831290625 0.54304534375 0.025234887499999997 0.541513478125 0.044638478125 0.54764093125 0.05280841562500001 0.5798100500000001 0.063020834375 0.6089154406249999 0.07119076875 0.5874693625 0.091615603125 0.54610906875 0.112040440625 0.5185355406250001 0.142677696875 0.521599265625 0.165145015625 0.53232230625 0.18046364374999999 0.56142769375 0.1906760625 0.598192403125 0.1998672375 0.61657475625 0.20803717187499998 0.5874693625 0.21824959375000003 0.55070465625 0.23561070312500002 0.520067403125 0.265226715625 0.5062806375 0.2999489375 0.541513478125 0.31935253124999996 0.567555146875 0.33977736875 0.56142769375 0.3438623375 0.5353860312500001 0.36632965624999997 0.5154718125 0.39288194375 0.5154718125 0.420455471875 0.523131128125 0.41637050625 0.54304534375 0.41943423125 0.5844056375 0.42454044062499996 0.62576593125 0.43475285937499997 0.61657475625 0.451092728125 0.602787990625 0.46028390625000004 0.564491421875 0.45824142187500005 0.539981615625 0.459262665625 0.504748775 0.48098211874999997 0.4890625 0 0.4890625 0 0.5512455968750001
0 0 0.9443933812499999 0.012979984375 0.9443933812499999 0.044638478125 0.9443933812499999 0.08344566875000001 0.9443933812499999 0.123274103125 0.9443933812499999 0.169229984375 0.9443933812499999 0.2111009 0.9443933812499999 0.2672692 0.94132965625 0.308118871875 0.93979779375 0.36326593125 0.956648284375 0.40922181249999995 0.9643076 0.44088031250000004 0.942861521875 0.45415645312499997 0.93979779375 0.48581494999999997 0.918351715625 0.497048609375 0.8861826 0.5184946874999999 0.86780024375 0.56955678125 0.8662683812499999 0.595087825 0.837162990625 0.5961090687499999 0.79580269375 0.5654718125 0.786611521875 0.537898284375 0.78354779375 0.5154309625 0.759037990625 0.49296364375 0.732996321875 0.50419730625 0.78507965625 0.5154309625 0.812653184375 0.495006128125 0.8203125 0.47356005 0.8141850500000001 0.448029003125 0.79580269375 0.4531352125 0.8249080875000001 0.44496527812500003 0.864736521875 0.437816584375 0.8877144593749999 0.412285540625 0.878523284375 0.385733253125 0.8586090687500001 0.37449959375 0.834099265625 0.352032271875 0.8141850500000001 0.329564953125 0.79580269375 0.31628880625 0.8203125 0.31016135624999996 0.846354165625 0.2938214875 0.8708639687499999 0.275439134375 0.86167279375 0.25399305625 0.804993871875 0.2437806375 0.77895220625 0.23969566874999998 0.7483149499999999 0.222334559375 0.745251225 0.212122140625 0.7651654406249999 0.20497345 0.78507965625 0.1906760625 0.7973345593750001 0.171272465625 0.7927389687499999 0.16003880625 0.79120710625 0.146762665625 0.8141850500000001 0.12531658437499998 0.835631128125 0.108976715625 0.84482230625 0.09774305625 0.8310355406250001 0.086509396875 0.79427083125 0.076296975 0.76669730625 0.061999590625 0.78048406875 0.051787175 0.8141850500000001 0.046680965625 0.8478860312500001 0.037489787499999996 0.878523284375 0.02114991875 0.883118871875 0.00481005 0.8708639687499999 0 0.8556321499999999 0 0.9443933812499999
5 0.0328125 0.775 0.065625 0.1609375
5 0.11875 0.78125 0.075 0.1578125
5 0.478125 0.78125 0.065625 0.1328125
1 0.196875 0.7421875 0.0765625 0.121875
1 0.2796875 0.78125 0.0734375 0.165625
1 0.36875 0.7734375 0.0828125 0.21875
0 0.7545839187500001 0.827342928125 0.75341678125 0.78892169375 0.73941118125 0.78892169375 0.724238446875 0.83607503125 0.715339053125 0.8482999687499999 0.697394375 0.86925700625 0.6577118343749999 0.8867212062500001 0.663547503125 0.956578 0.709065709375 0.932128121875 0.7429125812499999 0.93387454375 0.7919321874999999 0.946099478125 0.7989349906250001 0.8954533031249999 0.7545839187500001 0.8867212062500001 0.7545839187500001 0.827342928125
0 0.800102121875 0.912262596875 0.796600721875 0.9594159343750001 0.8327818625000001 0.940205315625 0.8829686062500001 0.945444571875 0.9016427406249999 0.940205315625 0.8829686062500001 0.894798396875 0.860793065625 0.8651092625000001 0.8502888656250001 0.77778826875 0.831614728125 0.784773946875 0.8176091281250001 0.854630740625 0.800102121875 0.912262596875
0 1 0.865763653125 0.9903448875 0.8895591375 0.95999941875 0.88431988125 0.9459938156250001 0.8336737031249999 0.941325278125 0.78652036875 0.92965394375 0.772549009375 0.9214840093750001 0.8389129625 0.9133140750000001 0.872094940625 0.8981413406250001 0.894798396875 0.90047560625 0.9332196343750001 0.9401581468750001 0.945444571875 0.9646679499999999 0.940205315625 1 0.9321601062499999 1 0.865763653125