1 0.61875 0.415625 0.046875 0.0875
1 0.6640625 0.41875 0.0359375 0.075
1 0.771875 0.4265625 0.059375 0.0828125
4 0.565625 0.45 0.04375 0.0734375
4 0.3609375 0.35625 0.03125 0.053125
4 0.39375 0.3375 0.0328125 0.0515625
5 0.55625 0.265625 0.0421875 0.0765625
5 0.68125 0.209375 0.059375 0.071875
3 0.775 0.375 0.0578125 0.128125
3 0.7375 0.3453125 0.0328125 0.14375
3 0.703125 0.36875 0.05 0.1421875
3 0.646875 0.3703125 0.075 0.1421875
3 0.5796875 0.39375 0.0734375 0.1109375
3 0.53125 0.440625 0.0765625 0.1296875
3 0.478125 0.4453125 0.0609375 0.0953125
3 0.515625 0.28125 0.0828125 0.1375
3 0.6046875 0.228125 0.121875 0.153125
3 0.728125 0.19375 0.1171875 0.146875
3 0.7859375 0.2 0.078125 0.146875