5 0.5421875 0.4859375 0.0484375 0.05
5 0.5984375 0.4875 0.04375 0.0640625
5 0.646875 0.48125 0.046875 0.05
5 0.4875 0.4796875 0.0671875 0.046875
5 0.4265625 0.46875 0.046875 0.0546875
5 0.69375 0.478125 0.0421875 0.046875
5 0.396875 0.465625 0.0484375 0.046875
2 0.6015625 0.4 0.084375 0.1203125
4 0.496875 0.38125 0.1015625 0.075
4 0.684375 0.3875 0.046875 0.0703125
4 0.359375 0.521875 0.028125 0.0375
5 0.7 0.534375 0.0484375 0.0703125
5 0.64375 0.5296875 0.059375 0.071875
5 0.59375 0.53125 0.0578125 0.078125
5 0.5453125 0.525 0.0578125 0.0671875
5 0.484375 0.525 0.0640625 0.06875
5 0.41875 0.5203125 0.05625 0.06875
5 0.734375 0.384375 0.0578125 0.0921875
5 0.428125 0.40625 0.0453125 0.0671875