0 0.7141660812499999 0.093837534375 0.6558094062500001 0.099089634375 0.618461134375 0.1183473375 0.582279996875 0.1183473375 0.554268790625 0.100840334375 0.512251984375 0.086834734375 0.51692051875 0.121848740625 0.551934525 0.15161064375 0.57177579375 0.19712885 0.579945728125 0.25665266249999996 0.60095413125 0.27941176562500003 0.61262546875 0.251400559375 0.6324667374999999 0.20588235312499997 0.6406366718750001 0.19187674999999998 0.663979340625 0.14110644375 0.68965628125 0.13760504375 0.721168884375 0.16211484375000002 0.756182890625 0.18487395 0.76551995625 0.21813725625 0.7725227593749999 0.2724089625 0.781859825 0.291666665625 0.801701096875 0.268907565625 0.8063696312499999 0.20238095312499998 0.8623920406250001 0.18487395 0.8962389125 0.20238095312499998 0.9160801812500001 0.23739495625 0.9347543187499999 0.2724089625 0.9475927875 0.21813725625 0.94175711875 0.14285714375 0.897406046875 0.1165966375 0.8565563718750001 0.12359943749999999 0.812205296875 0.139355740625 0.776024159375 0.14635854375 0.7141660812499999 0.093837534375
0 0.4 0.0904552625 0.4 0.23934639375 0.41071136875 0.254683121875 0.44105684062500006 0.259935221875 0.459730975 0.23542541875 0.460898109375 0.174150909375 0.47840511250000006 0.14613970625 0.50875058125 0.07786239375000001 0.4749037125 0.07786239375000001 0.455062440625 0.083114496875 0.407209965625 0.090117296875 0.4 0.0904552625
2 0.028125 0.93125 0.0546875 0.0734375
2 0.384375 0.675 0.0296875 0.0546875
2 0.0203125 0.6 0.040625 0.0515625
4 0.3625 0.615625 0.0734375 0.0765625
4 0.071875 0.6 0.0546875 0.05625
4 0.0546875 0.6796875 0.0875 0.0859375
4 0.3921875 0.853125 0.015625 0.1015625
4 0.3890625 0.759375 0.021875 0.0671875
4 0.375 0.68125 0.0484375 0.071875
3 0.35 0.53125 0.0984375 0.0984375
3 0.08125 0.5296875 0.0671875 0.109375
3 0.26875 0.5078125 0.0984375 0.0921875
3 0.165625 0.503125 0.0921875 0.109375
2 0.059375 0.86875 0.059375 0.071875
4 0.053125 0.76875 0.090625 0.0921875
2 0.9671875 0.7390625 0.065625 0.053125