3 0.34375 0.7296875 0.0625 0.309375
3 0.578125 0.7234375 0.059375 0.2625
3 0.428125 0.4765625 0.096875 0.325
3 0.325 0.459375 0.065625 0.2328125
3 0.521875 0.4609375 0.0875 0.275
3 0.59375 0.459375 0.040625 0.259375
3 0.609375 0.68125 0.0390625 0.2515625
3 0.64375 0.70625 0.05 0.2421875
3 0.628125 0.4859375 0.0375 0.25625
3 0.6703125 0.725 0.0421875 0.2125
3 0.653125 0.50625 0.04375 0.1828125
3 0.221875 0.7875 0.0390625 0.2
3 0.240625 0.603125 0.0375 0.1734375
3 0.209375 0.596875 0.0328125 0.159375
3 0.1796875 0.775 0.046875 0.2140625
1 0.3625 0.83125 0.0546875 0.15625
5 0.55625 0.7625 0.0359375 0.16875
5 0.3484375 0.4640625 0.0359375 0.1859375