5 0.209375 0.2484375 0.0609375 0.109375
5 0.25 0.325 0.0890625 0.1078125
0 0 0.827050340625 0.000142975 0.827083334375 0.011376634375 0.819424021875 0.008312909375 0.790318628125 0.008312909375 0.7550857843750001 0.01648284375 0.72291666875 0.048141340625 0.706066178125 0.07877859375 0.709129903125 0.10022467187499999 0.72598039375 0.12269199374999999 0.752022059375 0.1512867625 0.784191178125 0.162520425 0.7826593125 0.17579656875 0.730575978125 0.18498774375 0.70300245 0.209497546875 0.683088234375 0.23502859687500002 0.683088234375 0.25545343125 0.706066178125 0.276899509375 0.73517156875 0.28711192812499997 0.7673406875000001 0.30243055625 0.7550857843750001 0.316727940625 0.73517156875 0.33511029375 0.6984068625 0.338174021875 0.675428921875 0.3575776125 0.6601102937500001 0.380044934375 0.6539828437499999 0.39740604375 0.6539828437499999 0.42395833125 0.664705884375 0.439276959375 0.683088234375 0.455616828125 0.710661765625 0.47093545625 0.73517156875 0.481147875 0.7704044125 0.4954452625 0.756617646875 0.509375 0.7317431125 0.509375 0.65537465 0.5087214062500001 0.65551470625 0.4923815375 0.6723651937499999 0.47910539375 0.6371323531249999 0.46174428125 0.6110906875000001 0.433149509375 0.595772059375 0.383108659375 0.595772059375 0.340216503125 0.595772059375 0.331025328125 0.631004903125 0.309579246875 0.6539828437499999 0.29936683125 0.6723651937499999 0.272814540625 0.66776960625 0.25749591562499996 0.6539828437499999 0.23400735312499998 0.640196078125 0.191115196875 0.640196078125 0.16354166875 0.66776960625 0.148223040625 0.6892156875000001 0.12269199374999999 0.684620096875 0.098182190625 0.66776960625 0.067544934375 0.64938725625 0.030780228124999996 0.664705884375 0.0032067 0.6769607843750001 0 0.680808821875 0 0.827050340625
4 0.0765625 0.796875 0.13125 0.2109375
4 0.2234375 0.7921875 0.1421875 0.21875
4 0.384375 0.79375 0.1765625 0.221875
4 0.484375 0.7921875 0.05 0.221875
4 0.196875 0.934375 0.1140625 0.1296875
4 0.3203125 0.9296875 0.128125 0.140625
0 1 0.559247125 0.999964821875 0.559218190625 0.9700083968750001 0.54129704375 0.9545762968749999 0.54129704375 0.9264354125 0.5293496125 0.862891475 0.51292189375 0.8347505906249999 0.509935034375 0.7675755718749999 0.49649417500000004 0.729449209375 0.489027034375 0.690415078125 0.48006645625 0.6731674375 0.474092740625 0.655012028125 0.45915845 0.616885665625 0.442730734375 0.5832981562499999 0.438250446875 0.539725171875 0.447211021875 0.5115842875000001 0.471105884375 0.509375 0.47789053125000003 0.509375 0.605739434375 0.5143075968749999 0.593567053125 0.52520084375 0.563698475 0.527016384375 0.5442839 0.535186321875 0.518895609375 0.551526190625 0.495000746875 0.558788353125 0.4815598875 0.5832981562499999 0.48006645625 0.60417688125 0.49350731562499994 0.614162353125 0.511428465625 0.6286866843750001 0.53681675625 0.63957993125 0.554737903125 0.654104259375 0.5577247625 0.671351896875 0.5398036125 0.687691765625 0.527856184375 0.712201571875 0.521882465625 0.729449209375 0.523375896875 0.748512390625 0.5338299 0.76303671875 0.551751046875 0.7820999 0.575645909375 0.796624228125 0.595060484375 0.8111485593750001 0.614475059375 0.822949571875 0.62940935 0.8302117375 0.6353830625 0.842920525 0.62940935 0.86198370625 0.6249290625 0.876508034375 0.62940935 0.881046884375 0.63687649375 0.8973867562500001 0.6503173531249999 0.9073722312499999 0.645837065625 0.91281885625 0.62940935 0.923712103125 0.6204487750000001 0.9300664937500001 0.60850134375 0.9445908218750001 0.598047340625 0.9618384624999999 0.5831130531250001 0.9654695437499999 0.581619621875 0.9772705625 0.598047340625 0.9908871187500001 0.63687649375 0.989071578125 0.6682385 0.995425971875 0.683172790625 1 0.68424779375 1 0.559247125
1 0.95 0.71875 0.1 0.2515625
1 0.9921875 0.76875 0.015625 0.2078125
1 0.853125 0.7375 0.10625 0.225
1 0.725 0.703125 0.159375 0.3171875
1 0.5828125 0.68125 0.1421875 0.3640625
1 0.528125 0.928125 0.0390625 0.14375
1 0.5875 0.940625 0.1125 0.1171875
1 0.6890625 0.940625 0.103125 0.11875
1 0.7875 0.9328125 0.1 0.134375
1 0.86875 0.9390625 0.1046875 0.121875
3 0.9484375 0.7140625 0.103125 0.359375