3 0.175 0.059375 0.034375 0.0796875
3 0.203125 0.05 0.034375 0.0703125
3 0.228125 0.05625 0.0359375 0.0671875
3 0.253125 0.0625 0.034375 0.065625
3 0.28125 0.053125 0.0421875 0.0734375
3 0.315625 0.059375 0.034375 0.0734375
4 0.1625 0.071875 0.028125 0.0359375
4 0.20625 0.071875 0.03125 0.0359375
5 0.340625 0.0609375 0.0296875 0.0421875
5 0.284375 0.05625 0.0328125 0.05625
5 0.896875 0.2125 0.1390625 0.0734375
5 0.75 0.2171875 0.1171875 0.065625
5 0.6109375 0.215625 0.1 0.0671875
5 0.6125 0.146875 0.075 0.0546875
5 0.6875 0.1484375 0.09375 0.0703125
5 0.7921875 0.1515625 0.090625 0.0890625
5 0.8859375 0.1546875 0.109375 0.0625
5 0.9796875 0.1484375 0.040625 0.075
5 0.534375 0.21875 0.0875 0.0546875
3 0.7421875 0.684375 0.153125 0.1609375