4 0.39375 0.5265625 0.065625 0.10625
4 0.15 0.453125 0.0484375 0.1640625
4 0.228125 0.496875 0.0609375 0.1484375
4 0.3125 0.5125 0.046875 0.1359375
4 0.0671875 0.4125 0.075 0.1640625
4 0.3953125 0.2859375 0.0421875 0.1765625
4 0.4671875 0.259375 0.0359375 0.15625
4 0.06875 0.121875 0.0390625 0.1859375
2 0.64375 0.28125 0.0359375 0.0625
2 0.771875 0.278125 0.0296875 0.0453125
1 0.69375 0.2890625 0.0890625 0.0328125
3 0.721875 0.265625 0.0546875 0.0921875
5 0.71875 0.171875 0.03125 0.05625
2 0.7875 0.159375 0.0546875 0.0703125
0 0.216911765625 0.643811275 0.21180555625 0.68670343125 0.190359478125 0.725 0.195465684375 0.7449142156249999 0.222017971875 0.7280637249999999 0.25571895625 0.738786765625 0.24346405 0.69589460625 0.234272875 0.657598040625 0.216911765625 0.643811275
3 0.025 0.65625 0.05 0.15625
2 0.99375 0.9140625 0.0109375 0.071875
2 0.99375 0.8328125 0.0109375 0.053125