5 0.2625 0.3984375 0.059375 0.071875
5 0.2015625 0.39375 0.059375 0.075
5 0.121875 0.403125 0.06875 0.075
5 0.03125 0.4046875 0.0625 0.06875
5 0.0125 0.4625 0.0234375 0.040625
5 0.0484375 0.4640625 0.059375 0.040625
5 0.1 0.471875 0.0484375 0.046875
5 0.1546875 0.4578125 0.0453125 0.0359375
5 0.2 0.471875 0.0484375 0.040625
5 0.2375 0.45625 0.03125 0.028125
5 0.26875 0.44375 0.040625 0.03125
1 0.7140625 0.184375 0.409375 0.3296875
0 0.796875 0.2546875 0.40625 0.509375
5 0.659375 0.55625 0.0578125 0.0546875
2 0.6046875 0.7125 0.0609375 0.065625