2 0.3625 0.11875 0.103125 0.109375
2 0.4375 0.209375 0.065625 0.078125
2 0.803125 0.1765625 0.078125 0.140625
2 0.7125 0.15625 0.1171875 0.1640625
2 0.83125 0.4171875 0.0578125 0.0875
1 0.9453125 0.45 0.109375 0.065625
5 0.959375 0.190625 0.08125 0.09375
5 0.915625 0.215625 0.071875 0.0765625
1 0.86875 0.1703125 0.1 0.0875
3 0.5 0.34375 0.0421875 0.2203125
3 0.559375 0.34375 0.0953125 0.196875
0 0.240625 0.7578125 0.4796875 0.271875
2 0.959375 0.8015625 0.0796875 0.109375
2 0.78125 0.821875 0.0984375 0.1015625
2 0.875 0.8 0.0796875 0.0984375