3 0.065625 0.4890625 0.0703125 0.1140625
4 0.3296875 0.478125 0.1859375 0.046875
3 0.1875 0.490625 0.0859375 0.1015625
3 0.0703125 0.3953125 0.075 0.1421875
0 0.565420753125 0.334681371875 0.577675653125 0.362254903125 0.59299428125 0.36991421562500004 0.595036765625 0.346936275 0.595036765625 0.31629902187500003 0.597079246875 0.2825980375 0.597079246875 0.24123774375 0.59912173125 0.219791665625 0.604227940625 0.21213235312499998 0.625674021875 0.219791665625 0.6450776125 0.23357843125 0.659375 0.268811275 0.67265114375 0.28872549062499997 0.68694853125 0.31323529375 0.6981821874999999 0.33008578437499997 0.723713234375 0.353063725 0.724734475 0.331617646875 0.727798203125 0.29178921562500004 0.7124795749999999 0.258088234375 0.7002246750000001 0.22438725625 0.68184231875 0.1983455875 0.664481209375 0.1814951 0.637928921875 0.166176471875 0.6236315375 0.161580884375 0.601164215625 0.161580884375 0.561335784375 0.186090684375 0.55214460625 0.201409315625 0.5266135625 0.202941175 0.4796875 0.2195786 0.4796875 0.29156988125 0.487806371875 0.30098039375 0.528656046875 0.31017156875 0.5388684625 0.31629902187500003 0.565420753125 0.334681371875
0 0.66550245 0.6272671562500001 0.640992646875 0.648713234375 0.6154615999999999 0.650245096875 0.597079246875 0.63339460625 0.590951796875 0.6042892156249999 0.5878880718749999 0.5659926468750001 0.58993055625 0.53229166875 0.565420753125 0.54761029375 0.54601715625 0.55986519375 0.521507353125 0.55986519375 0.50925245 0.55526960625 0.49699755 0.54454656875 0.484742646875 0.5307598062500001 0.4796875 0.531301428125 0.4796875 0.631879559375 0.521507353125 0.645649509375 0.53980800625 0.659375 0.721466503125 0.659375 0.714522059375 0.63645833125 0.701245915625 0.6042892156249999 0.6808210781249999 0.599693628125 0.66550245 0.6272671562500001
3 0.740625 0.571875 0.1171875 0.175
3 0.953125 0.4265625 0.0921875 0.28125
3 0.5765625 0.725 0.071875 0.13125
1 0.4875 0.7234375 0.015625 0.090625
0 0.515625 0.7125 0.0421875 0.10625