1 0.009375 0.28125 0.01875 0.0828125
1 0.0484375 0.271875 0.0453125 0.071875
5 0.134375 0.2453125 0.0796875 0.10625
1 0.70625 0.1734375 0.0453125 0.0625
1 0.7328125 0.1625 0.04375 0.1015625
1 0.775 0.16875 0.0359375 0.109375
1 0.8109375 0.18125 0.0328125 0.0984375
1 0.846875 0.18125 0.03125 0.075
1 0.86875 0.0328125 0.0453125 0.065625
1 0.8125 0.021875 0.04375 0.04375
1 0.759375 0.0203125 0.0578125 0.040625
1 0.725 0.0171875 0.0390625 0.034375
1 0.684375 0.0328125 0.0515625 0.0390625
5 0.66875 0.06875 0.0421875 0.0828125
5 0.7125 0.059375 0.0421875 0.084375
5 0.81875 0.0734375 0.046875 0.1
5 0.86875 0.08125 0.0390625 0.10625
1 0.365625 0.6578125 0.084375 0.0859375
2 0.3515625 0.746875 0.1140625 0.0609375
5 0.325 0.815625 0.0734375 0.0671875
5 0.759375 0.45625 0.0609375 0.078125
5 0.728125 0.38125 0.0734375 0.0640625