5 0.90625 0.625 0.0625 0.0671875
5 0.91875 0.55 0.059375 0.1046875
5 0.9203125 0.384375 0.053125 0.071875
5 0.921875 0.471875 0.0515625 0.065625
5 0.503125 0.2875 0.059375 0.0875
1 0.584375 0.153125 0.109375 0.1015625
1 0.6796875 0.14375 0.1140625 0.0828125
1 0.815625 0.178125 0.121875 0.1
1 0.915625 0.2234375 0.08125 0.0890625
3 0.81875 0.1609375 0.1625 0.1609375
3 0.675 0.125 0.1515625 0.1609375
5 0.125 0.7 0.0515625 0.0734375
5 0.2875 0.684375 0.0453125 0.0484375
5 0.190625 0.678125 0.0640625 0.0390625
4 0.21875 0.6828125 0.059375 0.046875