3 0.021875 0.40625 0.0265625 0.090625
3 0.0375 0.39375 0.0203125 0.0984375
0 0.87270220625 0.35424690000000003 0.896304240625 0.323785628125 0.90810525625 0.307829725 0.9090130249999999 0.270115771875 0.887226534375 0.255610403125 0.8509157125 0.23965450000000002 0.82459036875 0.23965450000000002 0.7928184 0.24110503749999998 0.75106095625 0.251258796875 0.716565678125 0.242555575 0.68297816875 0.252709328125 0.661191675 0.267214696875 0.6466673468749999 0.2875222125 0.624880853125 0.32088455625 0.6448518062499999 0.32088455625 0.675716003125 0.303478115625 0.701133578125 0.300577040625 0.72382784375 0.312181334375 0.732905546875 0.33684045625 0.765585284375 0.34264260625 0.77920184375 0.32088455625 0.791002859375 0.312181334375 0.803711646875 0.3266867 0.818235975 0.345543678125 0.8391146968750001 0.3556974375 0.85273125625 0.36875226875 0.87270220625 0.35424690000000003
3 0.7671875 0.540625 0.084375 0.2234375
3 0.984375 0.528125 0.03125 0.1796875
3 0.96875 0.409375 0.0625 0.1703125
3 0.784375 0.390625 0.1015625 0.184375
3 0.5046875 0.5 0.0765625 0.2515625
3 0.4953125 0.359375 0.0765625 0.1578125
3 0.58125 0.378125 0.065625 0.1671875
3 0.625 0.4765625 0.05625 0.115625
1 0.7625 0.634375 0.0515625 0.071875
2 0.378125 0.840625 0.04375 0.0640625