2 0.353125 0.271875 0.0359375 0.0625
2 0.48125 0.26875 0.0296875 0.0453125
1 0.403125 0.28125 0.0890625 0.0328125
3 0.43125 0.2578125 0.0546875 0.0921875
5 0.428125 0.1640625 0.03125 0.05625
2 0.496875 0.1515625 0.0546875 0.0703125
1 0.0625 0.659375 0.028125 0.090625
1 0.090625 0.65 0.01875 0.0796875
1 0.1125 0.63125 0.025 0.0609375
1 0.1359375 0.634375 0.0234375 0.065625
1 0.159375 0.65 0.025 0.0703125
1 0.1875 0.640625 0.021875 0.0703125
1 0.209375 0.625 0.01875 0.053125
0 0.134375 0.6828125 0.1671875 0.059375
3 0.2015625 0.50625 0.04375 0.0546875
3 0.1765625 0.5125 0.046875 0.0671875
3 0.034375 0.63125 0.0359375 0.0984375
4 0.04375 0.50625 0.025 0.0453125
4 0.0734375 0.515625 0.0171875 0.0390625
4 0.15625 0.503125 0.021875 0.046875
0 1 0.737168096875 0.9766135625000001 0.7219669125 0.9796772875 0.7035845593750001 0.9592524499999999 0.6760110312500001 0.945976309375 0.68367034375 0.930657678125 0.711243871875 0.9265727125 0.738817403125 0.9112540843750001 0.75719975625 0.8938929718749999 0.75719975625 0.8836805562500001 0.7495404406249999 0.871425653125 0.738817403125 0.861213234375 0.705116421875 0.8499795750000001 0.67907475625 0.840788396875 0.706648284375 0.8234272875 0.746476715625 0.8030024499999999 0.746476715625 0.784620096875 0.7342218125 0.775428921875 0.7280943625 0.762152778125 0.69745710625 0.75398284375 0.680606615625 0.745812909375 0.669883578125 0.73662173125 0.6989889687499999 0.734579246875 0.7265625 0.732536765625 0.75260416875 0.7090482031249999 0.770986521875 0.691687090625 0.770986521875 0.6794321875 0.76639093125 0.66513480625 0.7495404406249999 0.659007353125 0.7280943625 0.65390114375 0.7035845593750001 0.6344975500000001 0.692861521875 0.5967116 0.76945465625 0.6467524499999999 0.821537990625 0.6998570281250001 0.838388478125 0.74683415 0.7970281875 0.78666258125 0.795496321875 0.8203635625000001 0.8092830875000001 0.894914215625 0.820006128125 0.943933825 0.818474265625 0.9929534312499999 0.818474265625 1 0.8178136500000001 1 0.737168096875