0 0.440907096875 0 0.444940553125 0.020860359375 0.45870044375 0.051994534375 0.470740346875 0.072750646875 0.4750403125 0.10240224375 0.4845002375 0.09943708125 0.49482015312499994 0.0920241875 0.50772005 0.093506765625 0.51631998125 0.11722803749999999 0.526639896875 0.132053834375 0.537819809375 0.13057125625 0.545559746875 0.109815140625 0.5438397625 0.0846112875 0.547279734375 0.049029375 0.550719709375 0.0178952 0.5519653531250001 0 0.440907096875 0
0 0.6386718250000001 0 0.64445895625 0.020860359375 0.649618915625 0.0608900125 0.6573588531250001 0.09795450312500001 0.6685387625 0.114262878125 0.693478565625 0.1246409375 0.704658475 0.111297721875 0.7063784625 0.068302909375 0.72099834375 0.035686159375 0.72873828125 0.00010424375 0.728759878125 0 0.6386718250000001 0
0 0.737851959375 0 0.7373382125 0.001586821875 0.75797805 0.016412621875 0.78291785 0.016412621875 0.801837696875 0.0178952 0.821617540625 0.02382551875 0.8439773625000001 0.038651315625 0.864617196875 0.044581634375 0.902456890625 0.0534771125 0.920516746875 0.09054160624999999 0.9265367 0.11278030312500001 0.9454565468749999 0.103884821875 0.957496453125 0.078680965625 0.966096384375 0.044581634375 0.9772762937499999 0.010482303125 0.97800594375 0 0.737851959375 0
2 0.1125 0.628125 0.071875 0.1046875
3 0.2875 0.88125 0.0515625 0.09375
3 0.3375 0.85625 0.0609375 0.0890625
3 0.371875 0.825 0.015625 0.078125
1 0.3484375 0.9109375 0.059375 0.0640625
1 0.375 0.76875 0.0078125 0.0625
1 0.290625 0.859375 0.05 0.059375
1 0.228125 0.83125 0.0421875 0.059375
1 0.9859375 0.5921875 0.028125 0.071875
1 0.70625 0.78125 0.0296875 0.0640625