1 0.1203125 0.16875 0.0453125 0.078125
1 0.1140625 0.05625 0.0609375 0.0921875
1 0.046875 0.0640625 0.0578125 0.0859375
1 0.078125 0.1671875 0.0453125 0.0734375
1 0.19375 0.04375 0.0359375 0.05625
1 0.0375 0.184375 0.0359375 0.0625
1 0.00625 0.190625 0.0125 0.05625
5 0.734375 0.21875 0.0375 0.0796875
5 0.678125 0.2140625 0.0390625 0.0796875
5 0.6046875 0.234375 0.0359375 0.0953125
5 0.56875 0.325 0.0296875 0.0703125
5 0.5484375 0.203125 0.03125 0.084375
5 0.6125 0.334375 0.034375 0.0828125
5 0.653125 0.334375 0.03125 0.084375
1 0.503125 0.528125 0.084375 0.103125
1 0.45625 0.521875 0.0421875 0.08125
1 0.425 0.534375 0.05 0.096875
1 0.5875 0.60625 0.0515625 0.1171875