1 0.3359375 0.2171875 0.05625 0.1578125
1 0.4 0.25 0.053125 0.1375
1 0.453125 0.25625 0.0546875 0.1453125
1 0.275 0.24375 0.05 0.16875
3 0.2796875 0.2078125 0.0796875 0.253125
3 0.35 0.0625 0.1203125 0.1234375
3 0.434375 0.065625 0.0890625 0.1296875
0 0.902385778125 0 0.90242034375 0.000674021875 0.8993566187500001 0.086458334375 0.926930146875 0.07113970625 0.9453125 0.014460784374999999 0.964593546875 0 0.902385778125 0
0 1 0.38601409375 0.9841196875 0.362193628125 0.956546159375 0.339215684375 0.9371425656250001 0.362193628125 0.9187602125 0.392830884375 0.893229165625 0.409681371875 0.897314134375 0.441850490625 0.9248876625 0.438786765625 0.9667585781250001 0.44950980625000003 0.99943831875 0.46482843125000006 1 0.464538815625 1 0.38601409375
0 0.80540236875 0.38363970625 0.8033598843749999 0.42653186249999997 0.79927491875 0.47248774375 0.8309334156249999 0.47861519374999995 0.87280433125 0.46636029375000004 0.8891441999999999 0.44797794062499996 0.8881229562499999 0.41734068750000003 0.8738255718750001 0.402022059375 0.853400734375 0.38823529375 0.829912171875 0.36832107812500003 0.8105085781250001 0.35759803749999997 0.80540236875 0.38363970625
0 0.557240603125 0.360661765625 0.548049428125 0.39742646875 0.5317095593750001 0.41734068750000003 0.5357945281250001 0.440318628125 0.58072916875 0.44950980625000003 0.623621321875 0.45563725625 0.6603860312500001 0.45257353125 0.6767259 0.44797794062499996 0.678768384375 0.411213234375 0.667534721875 0.363725490625 0.640982434375 0.40508578437500004 0.621578840625 0.42040441250000005 0.585835375 0.40508578437500004 0.5766441999999999 0.328492646875 0.557240603125 0.360661765625
5 0.9859375 0.134375 0.028125 0.15
5 0.571875 0.2875 0.0453125 0.15
5 0.49375 0.28125 0.028125 0.1546875
5 0.790625 0.340625 0.065625 0.1515625
5 0.884375 0.078125 0.0578125 0.15625
4 0.7578125 0.071875 0.0703125 0.115625
4 0.6109375 0.0828125 0.0578125 0.1484375
1 0.490625 0.2953125 0.0234375 0.134375
3 0.725 0.296875 0.121875 0.29375
3 0.98125 0.290625 0.0359375 0.234375
3 0.959375 0.1125 0.0796875 0.225
3 0.675 0.084375 0.1375 0.16875
3 0.5234375 0.290625 0.0875 0.228125