5 0.2125 0.021875 0.0359375 0.04375
3 0.265625 0.0296875 0.1203125 0.059375
1 0.521875 0.2625 0.2828125 0.3953125
0 0.3154406875 0.818885665625 0.31077215625 0.8654531875 0.30221317812500004 0.89699893125 0.288207575 0.92103378125 0.273423884375 0.9300468468749999 0.27809241875 0.955583875 0.305325534375 0.961592590625 0.3146626 0.9375577406250001 0.320109221875 0.9090163562500001 0.325555846875 0.877470615625 0.34889851875 0.8849815031249999 0.366016475 0.89699893125 0.3796875 0.9015234937500001 0.3796875 0.869234296875 0.366016475 0.8549379406250001 0.34734234062499997 0.823392196875 0.324777759375 0.8068682375 0.3154406875 0.818885665625
0 0.27186770625 0.9450686312500001 0.271089615625 0.92103378125 0.257084015625 0.9060119999999999 0.2500812125 0.8879858625000001 0.23529752187500003 0.8564401187499999 0.22985090000000002 0.8309030906249999 0.220513828125 0.84742705 0.218957653125 0.871461903125 0.2111767625 0.9000032875 0.19717115937500002 0.919531603125 0.180831290625 0.922535959375 0.170716134375 0.9450686312500001 0.178497025 0.964596946875 0.19561498125000001 0.9585882343750001 0.21428911875 0.9450686312500001 0.231407075 0.928544671875 0.240744146875 0.93305120625 0.263308725 0.9465708062499999 0.27186770625 0.9450686312500001
0 0.16915995625 0.9480729875 0.173828490625 0.93305120625 0.1598228875 0.8924923937499999 0.14426110625 0.8384139812500001 0.13181168125 0.8369118062500001 0.12558696875 0.874466259375 0.113137546875 0.9000032875 0.103800478125 0.9240381375 0.0835701625 0.925540315625 0.08512634375 0.95107734375 0.1022443 0.95257951875 0.117027990625 0.93905991875 0.13648021875 0.919531603125 0.1458172875 0.92103378125 0.159044796875 0.9405621 0.170716134375 0.961592590625 0.16915995625 0.9480729875
0 0 0.9309997937500001 0.0057612625 0.936055559375 0.027547753125 0.927042490625 0.043887625 0.9165272468750001 0.05633705 0.925540315625 0.068786471875 0.94356645 0.0835701625 0.9600904124999999 0.075789275 0.922535959375 0.074233096875 0.89699893125 0.06645220625 0.871461903125 0.0571151375 0.8384139812500001 0.041553359375 0.8429205156249999 0.029882021874999998 0.874466259375 0.020544953125 0.8909902187500001 0 0.905864246875 0 0.9309997937500001
2 0.2625 0.5203125 0.06875 0.121875
2 0.021875 0.4953125 0.04375 0.078125
0 0.42426470624999996 0.71816789375 0.43754085 0.721231615625 0.452859475 0.708976715625 0.4610294125 0.667616421875 0.475326796875 0.63544730625 0.505964053125 0.643106615625 0.5294526125 0.670680146875 0.539665034375 0.699785540625 0.55702614375 0.702849265625 0.57438725625 0.68293505 0.5978758156249999 0.6522977937500001 0.62238561875 0.630851715625 0.6489379093750001 0.64157475625 0.66323529375 0.672212009375 0.682638890625 0.702849265625 0.696936275 0.733486521875 0.7224673187499999 0.698253678125 0.7265522875 0.670680146875 0.73676470625 0.63697916875 0.76331699375 0.627787990625 0.7847630718749999 0.627787990625 0.801102940625 0.644638478125 0.80212418125 0.6691482843750001 0.8102941187500001 0.6859987750000001 0.8205065375 0.692126225 0.8368464031249999 0.68293505 0.8491013093750001 0.65382965625 0.86237745 0.6339154406249999 0.881781046875 0.63697916875 0.887908496875 0.655361521875 0.890972221875 0.673743871875 0.9011846406249999 0.678339459375 0.9083333343750001 0.672212009375 0.924673203125 0.6522977937500001 0.9389705875000001 0.6522977937500001 0.94918300625 0.65995710625 0.95531045625 0.692126225 0.954289215625 0.71663603125 0.95531045625 0.73808210625 0.9645016343749999 0.7120404406249999 0.9736928125000001 0.708976715625 0.98492646875 0.7074448531249999 0.9920751624999999 0.69518995 0.9941176468749999 0.666084559375 0.9951388874999999 0.632383578125 0.991053921875 0.600214459375 0.9665441187500001 0.5910232843750001 0.9297794125 0.58336396875 0.9032271218749999 0.577236521875 0.8715686281249999 0.57264093125 0.8419526156250001 0.548131128125 0.8051879062499999 0.548131128125 0.791911765625 0.548131128125 0.77761438125 0.542003678125 0.758210784375 0.5343443625 0.737785946875 0.52668505 0.715318628125 0.5282169125 0.70612745 0.545067403125 0.688766340625 0.549662990625 0.674468953125 0.55885416875 0.6591503249999999 0.545067403125 0.638725490625 0.5312806375 0.6172794125000001 0.52668505 0.5968545749999999 0.515962009375 0.561111109375 0.5343443625 0.53762255 0.542003678125 0.51617646875 0.542003678125 0.49370915000000004 0.50523896875 0.46205065312500004 0.49757965625 0.433455884375 0.49145220624999997 0.4140522875 0.500643384375 0.40894607812499995 0.5374080875 0.388521240625 0.546599265625 0.3796875 0.549497834375 0.3796875 0.614890371875 0.389542484375 0.6155330875 0.402818628125 0.6522977937500001 0.404861109375 0.676807596875 0.42426470624999996 0.71816789375
1 0.396875 0.646875 0.0359375 0.165625
1 0.921875 0.9796875 0.06875 0.040625
1 0.940625 0.6703125 0.059375 0.09375
1 0.7703125 0.665625 0.096875 0.128125
1 0.6296875 0.6546875 0.0734375 0.10625
4 0.540625 0.746875 0.0609375 0.1296875
4 0.6203125 0.9125 0.05625 0.1375
4 0.6890625 0.93125 0.05625 0.1359375
4 0.7671875 0.9296875 0.078125 0.140625
4 0.83125 0.953125 0.0609375 0.0921875
4 0.8875 0.9390625 0.0640625 0.121875
4 0.4328125 0.75 0.075 0.1109375
5 0.7921875 0.9015625 0.0625 0.14375
5 0.7046875 0.9296875 0.040625 0.140625
5 0.6265625 0.75625 0.1 0.1984375
5 0.490625 0.7265625 0.10625 0.234375
3 0.8921875 0.9046875 0.06875 0.190625
3 0.865625 0.728125 0.078125 0.2390625
4 0.51875 0.925 0.1078125 0.1484375
4 0.403125 0.925 0.0484375 0.0921875