5 0.2375 0.10625 0.0609375 0.103125
5 0.4984375 0.459375 0.021875 0.0609375
5 0.49375 0.384375 0.03125 0.0734375
5 0.5 0.328125 0.0171875 0.06875
5 0.4953125 0.2359375 0.028125 0.078125
5 0.496875 0.1515625 0.0265625 0.0875
5 0.478125 0.1 0.05625 0.096875
5 0.425 0.0625 0.059375 0.0765625
5 0.334375 0.05 0.05625 0.065625
5 0.275 0.05625 0.0453125 0.08125
5 0.23125 0.196875 0.0484375 0.09375
5 0.225 0.2859375 0.0390625 0.071875
5 0.196875 0.334375 0.078125 0.0828125
5 0.528125 0.275 0.0375 0.0703125
5 0.578125 0.278125 0.0390625 0.065625
5 0.60625 0.2796875 0.0453125 0.0625
5 0.64375 0.2765625 0.0359375 0.05625
1 0.69375 0.2578125 0.03125 0.05
5 0.053125 0.9171875 0.0609375 0.109375
5 0.09375 0.9703125 0.0890625 0.059375