2 0.396875 0.446875 0.040625 0.065625
2 0.746875 0.4375 0.034375 0.0515625
2 0.4109375 0.50625 0.021875 0.04375
5 0.7296875 0.4640625 0.0234375 0.040625
5 0.74375 0.509375 0.065625 0.075
5 0.709375 0.59375 0.03125 0.0328125
5 0.7046875 0.640625 0.0421875 0.0515625
5 0.6734375 0.684375 0.04375 0.05
5 0.6421875 0.725 0.028125 0.0390625
5 0.603125 0.746875 0.0203125 0.0296875
5 0.559375 0.74375 0.0359375 0.0515625
5 0.5203125 0.7375 0.0546875 0.0546875
5 0.4734375 0.684375 0.05 0.065625
5 0.446875 0.628125 0.0421875 0.0640625
5 0.43125 0.571875 0.0578125 0.0671875
5 0.425 0.5171875 0.0578125 0.0828125
5 0.4125 0.4609375 0.05625 0.071875
1 0.528125 0.71875 0.0375 0.046875
1 0.4875 0.6875 0.0390625 0.0625
1 0.553125 0.7296875 0.028125 0.046875
1 0.609375 0.740625 0.034375 0.0375
1 0.64375 0.728125 0.046875 0.0375
1 0.671875 0.69375 0.046875 0.0578125
3 0.5546875 0.75 0.05 0.0734375
3 0.6 0.746875 0.04375 0.0609375