5 0.115625 0.5125 0.0234375 0.071875
5 0.1421875 0.5125 0.015625 0.0546875
5 0.128125 0.625 0.015625 0.0640625
1 0.096875 0.6328125 0.0203125 0.053125
1 0.03125 0.625 0.0140625 0.05625
5 0.9921875 0.1875 0.015625 0.1046875
1 0.59375 0.51875 0.0515625 0.0671875
1 0.6015625 0.6015625 0.065625 0.075
5 0.584375 0.3 0.0296875 0.0828125
5 0.959375 0.0296875 0.071875 0.059375
5 0.2828125 0.78125 0.0171875 0.034375
5 0.3203125 0.7828125 0.0203125 0.0375
5 0.34375 0.78125 0.0171875 0.03125
3 0.29375 0.715625 0.0578125 0.096875
3 0.346875 0.721875 0.04375 0.0953125
3 0.3015625 0.778125 0.03125 0.05
3 0.3296875 0.7796875 0.028125 0.05625
3 0.359375 0.778125 0.028125 0.0484375
3 0.2671875 0.771875 0.034375 0.0421875
5 0.646875 0.728125 0.1359375 0.1390625
5 0.803125 0.73125 0.1453125 0.14375
5 0.9140625 0.71875 0.1 0.1171875
5 0.9890625 0.7203125 0.021875 0.121875
5 0.865625 0.8953125 0.078125 0.190625
5 0.9515625 0.9078125 0.075 0.178125
5 0.7890625 0.9078125 0.0828125 0.171875
5 0.7078125 0.9015625 0.096875 0.196875
5 0.61875 0.9 0.0984375 0.2