2 0.86875 0.246875 0.2625 0.4921875
2 0.5171875 0.29375 0.378125 0.5875
5 0.815625 0.6375 0.01875 0.0296875
5 0.7625 0.640625 0.025 0.04375
5 0.71875 0.6375 0.03125 0.046875
5 0.684375 0.6390625 0.01875 0.0453125
5 0.653125 0.6390625 0.0359375 0.04375
5 0.615625 0.63125 0.015625 0.040625
5 0.6625 0.721875 0.0203125 0.0453125
5 0.6828125 0.728125 0.040625 0.04375
5 0.725 0.73125 0.0328125 0.0390625
5 0.771875 0.73125 0.028125 0.0515625
4 0.80625 0.734375 0.0234375 0.040625
4 0.65625 0.615625 0.021875 0.0296875