3 0.721875 0.259375 0.078125 0.0609375
3 0.771875 0.2453125 0.0515625 0.05625
3 0.65625 0.25625 0.0625 0.0640625
3 0.5875 0.246875 0.0546875 0.075
2 0.146875 0.69375 0.0328125 0.05
2 0.3953125 0.71875 0.028125 0.0625
5 0.403125 0.79375 0.0140625 0.0625
5 0.3703125 0.8125 0.0421875 0.0578125
5 0.315625 0.803125 0.0234375 0.0640625
5 0.278125 0.8109375 0.0265625 0.05
5 0.196875 0.7921875 0.0234375 0.0484375
5 0.1546875 0.771875 0.025 0.040625
5 0.2578125 0.7046875 0.0234375 0.0421875
2 0.7046875 0.6921875 0.590625 0.615625