4 0.471875 0.29375 0.0953125 0.0328125
3 0.3484375 0.2765625 0.065625 0.065625
5 0.9609375 0.0453125 0.078125 0.090625
5 0.865625 0.11875 0.125 0.109375
5 0.753125 0.1390625 0.14375 0.15625
5 0.59375 0.24375 0.1109375 0.09375
5 0.36875 0.5390625 0.1109375 0.0671875
5 0.35 0.49375 0.0375 0.059375
5 0.3375 0.4328125 0.0375 0.0859375
5 0.3609375 0.3796875 0.071875 0.075
5 0.35 0.328125 0.05625 0.0359375
5 0.053125 0.3171875 0.0578125 0.015625
5 0.03125 0.3671875 0.0609375 0.065625
5 0.028125 0.425 0.0546875 0.1015625
5 0.015625 0.5109375 0.0296875 0.0625
2 0.3765625 0.5375 0.0390625 0.0453125
5 0.9109375 0.9265625 0.0546875 0.1125
5 0.978125 0.9125 0.0265625 0.0734375
3 0.965625 0.778125 0.0671875 0.16875
3 0.89375 0.771875 0.103125 0.1078125