5 0.19375 0.428125 0.1078125 0.1671875
5 0.2875 0.465625 0.06875 0.13125
5 0.0375 0.253125 0.0625 0.18125
5 0.059375 0.44375 0.053125 0.1078125
2 0.1046875 0.221875 0.09375 0.234375
2 0.3453125 0.38125 0.028125 0.1359375
2 0.525 0.20625 0.0546875 0.046875
2 0.9796875 0.271875 0.040625 0.0390625
1 0.9265625 0.1875 0.0640625 0.0515625
1 0.925 0.2390625 0.040625 0.046875
3 0.79375 0.584375 0.0953125 0.078125
4 0.028125 0.934375 0.0546875 0.0921875
3 0.315625 0.9609375 0.0859375 0.078125
3 0.215625 0.915625 0.125 0.1296875
3 0.115625 0.9125 0.09375 0.159375
3 0.021875 0.94375 0.0421875 0.1125
5 0.625 0.8859375 0.0546875 0.1125
5 0.559375 0.871875 0.0265625 0.0734375
3 0.428125 0.7515625 0.1296875 0.065625
3 0.5484375 0.7703125 0.10625 0.103125
3 0.640625 0.7515625 0.103125 0.065625