0 0.877320165625 0.05658259375 0.8500870468749999 0.0490717 0.8500870468749999 0.071604375 0.86642691875 0.08211961875 0.888213409375 0.09263486562499999 0.91311225625 0.133193678125 0.9162246125 0.163237240625 0.940345375 0.155726346875 0.9504605312500001 0.14070456874999998 0.967578490625 0.110661003125 0.9792498249999999 0.09263486562499999 0.990143071875 0.0836218 0.9916992468749999 0.061089125 0.970690846875 0.061089125 0.94501390625 0.08662615625 0.9271178593749999 0.091132690625 0.903775190625 0.0776130875 0.877320165625 0.05658259375
2 0.803125 0.225 0.0734375 0.121875
2 0.6203125 0.396875 0.0703125 0.0875
2 0.6 0.1390625 0.0390625 0.1078125
5 0.4375 0.9046875 0.0234375 0.190625
5 0.3171875 0.8984375 0.084375 0.203125
5 0.3921875 0.8984375 0.090625 0.203125
5 0.2625 0.8828125 0.0703125 0.234375
5 0.3546875 0.74375 0.084375 0.1328125
5 0.434375 0.759375 0.03125 0.1421875
3 0.84375 0.64375 0.11875 0.1546875
2 0.5453125 0.8234375 0.0796875 0.071875
2 0.525 0.8890625 0.084375 0.0921875
2 0.965625 0.9671875 0.0671875 0.065625
2 0.925 0.78125 0.075 0.09375
2 0.959375 0.8640625 0.0546875 0.08125