1 0.5484375 0.175 0.0515625 0.0453125
1 0.5390625 0.209375 0.0515625 0.03125
1 0.48125 0.2421875 0.0703125 0.0453125
1 0.44375 0.265625 0.0734375 0.040625
1 0.384375 0.278125 0.0546875 0.04375
1 0.325 0.275 0.0546875 0.0375
1 0.2796875 0.253125 0.0671875 0.0515625
1 0.234375 0.23125 0.0703125 0.0375
1 0.215625 0.2015625 0.0640625 0.0375
1 0.196875 0.15625 0.0625 0.0390625
5 0.2078125 0.225 0.0859375 0.04375
5 0.2375 0.265625 0.075 0.046875
5 0.3875 0.2859375 0.08125 0.03125
5 0.46875 0.271875 0.06875 0.0234375
3 0.56875 0.153125 0.0828125 0.06875
1 0.65625 0.3625 0.0515625 0.1140625
1 0.79375 0.384375 0.0578125 0.08125
1 0.746875 0.40625 0.0578125 0.1078125
2 0.3 0.746875 0.0546875 0.0890625
1 0.228125 0.8546875 0.03125 0.08125
1 0.375 0.8796875 0.028125 0.0859375
3 0.321875 0.840625 0.046875 0.1015625
3 0.284375 0.834375 0.046875 0.0890625
3 0.246875 0.834375 0.05 0.1046875
3 0.2125 0.7453125 0.0375 0.10625