2 0.7390625 0.11875 0.403125 0.2375
4 0.3296875 0.765625 0.040625 0.09375
4 0.2609375 0.9125 0.05625 0.1375
4 0.190625 0.93125 0.05625 0.1359375
4 0.1140625 0.9296875 0.078125 0.140625
4 0.05 0.953125 0.0609375 0.0921875
4 0.0125 0.9390625 0.025 0.121875
5 0.0890625 0.9015625 0.0625 0.14375
5 0.1734375 0.9296875 0.040625 0.140625
5 0.2546875 0.7875 0.1 0.1375
3 0.0109375 0.9046875 0.021875 0.190625
3 0.028125 0.7828125 0.0546875 0.128125
4 0.328125 0.925 0.0421875 0.1484375
0 0.612995603125 0.9362893343750001 0.6322189781249999 0.915732725 0.663937546875 0.915732725 0.696617284375 0.9094076125000001 0.72449118125 0.8935948375 0.721607675 0.86038800625 0.696617284375 0.8698756718749999 0.666821053125 0.865131840625 0.647597678125 0.87461950625 0.61780144375 0.884107171875 0.5908887218750001 0.887269725 0.58992755 0.9378706125 0.612995603125 0.9362893343750001
0 0.796578840625 0.9394518875 0.829258578125 0.9394518875 0.850404290625 0.9236391125000001 0.851365459375 0.8856884468749999 0.843676109375 0.8667131156250001 0.81772455 0.880944615625 0.798501178125 0.892013559375 0.771588453125 0.8793633406250001 0.73025819375 0.8698756718749999 0.7389087125 0.9252203874999999 0.769666115625 0.9521021125000001 0.796578840625 0.9394518875
1 0.96875 0.80625 0.0625 0.175
1 0.8984375 0.840625 0.09375 0.2421875
1 0.8 0.803125 0.09375 0.1671875
1 0.70625 0.796875 0.0953125 0.15625
1 0.621875 0.81875 0.0828125 0.190625