0 0.7734375 0.1640625 0.453125 0.203125
2 0.190625 0.875 0.3796875 0.2484375
0 1 0.8778683562499999 0.99147263125 0.9030797093749999 0.962877859375 0.906099034375 0.95368668125 0.8698671499999999 0.93530433125 0.841183575 0.9281556375 0.832125603125 0.92407066875 0.85175120625 0.915900734375 0.8683574875 0.90568831875 0.8940217374999999 0.8903696875 0.9196859906249999 0.8730085781250001 0.9347826093749999 0.853604984375 0.9227053125 0.842371325 0.9091183562499999 0.836243871875 0.88345410625 0.8239889687499999 0.845712559375 0.8137765531250001 0.833635265625 0.79947916875 0.857789853125 0.79130923125 0.8698671499999999 0.7810968125 0.8502415437499999 0.770884396875 0.842693234375 0.75862949375 0.832125603125 0.748417075 0.857789853125 0.737183415625 0.886473428125 0.7341196875 0.9196859906249999 0.7310559624999999 0.933272946875 0.715737334375 0.9302536218749999 0.702461190625 0.9302536218749999 0.693270015625 0.9136473437499999 0.6810151125 0.8910024156249999 0.67284518125 0.866847825 0.663654003125 0.85477053125 0.6575265531250001 0.848731884375 0.641186684375 0.8698671499999999 0.634037990625 0.8970410624999999 0.62893178125 0.90760869375 0.619740603125 0.9227053125 0.601358253125 0.90760869375 0.590124590625 0.88345410625 0.57889093125 0.872886471875 0.5625510625000001 0.9272343 0.56152981875 0.9408212562499999 0.55846609375 0.9664855093750001 0.542126225 0.9755434781250001 0.51659518125 0.9785628031250001 0.5094464875 0.9695048312500001 0.49617034374999996 0.957427534375 0.492085375 0.9378019312499999 0.479830471875 0.916666665625 0.473703025 0.9498792249999999 0.473703025 0.9785628031250001 0.477607309375 1 0.576421384375 1 0.5768484468749999 0.9996980687500001 0.58195465625 0.9861111125 0.6074857031249999 0.9846014500000001 0.6279105406250001 0.9815821250000001 0.66467524375 0.9815821250000001 0.6953125 0.9815821250000001 0.7514808000000001 0.9830917875 0.75556576875 0.9634661812499999 0.7810968125 0.9634661812499999 0.8127553125 0.9634661812499999 0.840328840625 0.9876207750000001 0.874029821875 0.9996980687500001 0.8761403874999999 1 0.9084116281249999 1 0.926113153125 0.9725241562500001 0.933261846875 0.9649758437499999 0.9383680562500001 0.9559178749999999 0.959814134375 0.960446859375 0.9935151156250001 0.9634661812499999 1 0.9606701624999999 1 0.8778683562499999
2 0.8046875 0.55625 0.0859375 0.13125
4 0.7953125 0.809375 0.0640625 0.1390625
4 0.715625 0.859375 0.1 0.16875
4 0.65 0.6140625 0.1421875 0.253125
4 0.965625 0.853125 0.06875 0.13125
4 0.53125 0.603125 0.1 0.125
4 0.878125 0.86875 0.0984375 0.1765625
3 0.884375 0.828125 0.1046875 0.2515625
3 0.709375 0.825 0.10625 0.23125
3 0.515625 0.8640625 0.128125 0.2578125
3 0.521875 0.621875 0.1171875 0.2265625
0 1 0.440938534375 0.978921125 0.436017959375 0.8993865781249999 0.43118565000000003 0.8601640093749999 0.42957484062500007 0.8002407500000001 0.42474253125 0.762107759375 0.42474253125 0.610665315625 0.447293384375 0.5627267687499999 0.45534725312499996 0.532220346875 0.46501186875 0.488639790625 0.47306573749999997 0.44723822812499997 0.46984417812499996 0.402568178125 0.461790309375 0.3796875 0.461790309375 0.3796875 0.52203244375 0.3807779 0.52299969375 0.402568178125 0.526221253125 0.429806025 0.54555055 0.46249144375 0.57937676875 0.48537121875 0.606759928125 0.4940873625 0.568101403125 0.510430071875 0.551993665625 0.5409364937500001 0.560047534375 0.55074205 0.5970953156250001 0.56708475625 0.62286766875 0.577979896875 0.593873753125 0.59759118125 0.529442809375 0.6150233875 0.50850276875 0.636813665625 0.505281209375 0.6487982999999999 0.505281209375 0.65860394375 0.514945828125 0.68148371875 0.5326643718749999 0.700005503125 0.56165828125 0.7174377093750001 0.587430634375 0.728332846875 0.603538371875 0.73704899375 0.576155271875 0.750123125 0.529442809375 0.768644828125 0.506891959375 0.79697225625 0.485951915625 0.8133149625 0.492395034375 0.8438212999999999 0.503670459375 0.855805940625 0.553604415625 0.869969653125 0.5970953156250001 0.883043784375 0.56971215 0.890670434375 0.53749668125 0.8917600125 0.500448903125 0.9091921375 0.48111960624999994 0.9288034187499999 0.485951915625 0.944056546875 0.50850276875 0.9473251218750001 0.5310535625 0.9691154 0.574544459375 0.98110011875 0.556825978125 0.9930846750000001 0.5310535625 1 0.503790265625 1 0.440938534375
0 1 0.87386141875 0.99526383125 0.8918669843749999 0.9636678312500001 0.901531478125 0.952772690625 0.88381311875 0.9298930000000001 0.84193290625 0.91355029375 0.8693160093750001 0.896118003125 0.917639275 0.8797752937500001 0.945022375 0.848179375 0.9273038937500001 0.835105240625 0.88381311875 0.824210103125 0.85642983125 0.8154939593750001 0.8354899093749999 0.79697225625 0.8580406437500001 0.792614184375 0.866094509375 0.7828085406249999 0.8644837000000001 0.761018265625 0.82904666875 0.7512126218749999 0.85642983125 0.740317484375 0.890256115625 0.733780415625 0.930525390625 0.723974778125 0.935357759375 0.704363575 0.9321362656250001 0.691289359375 0.9273038937500001 0.68148371875 0.91119615625 0.6716781593750001 0.872537565625 0.6520668781250001 0.85481908125 0.6379031625 0.8709268187499999 0.625918525 0.91441765625 0.609575815625 0.9321362656250001 0.596501684375 0.9031422906250001 0.5768904 0.88542374375 0.56724875 0.9286433187500001 0.5572792 0.9772378500000001 0.5932331093750001 0.9901240874999999 0.625918525 0.9949563343750001 0.714169134375 0.998177953125 0.759928765625 0.991734834375 0.8252995999999999 0.9901240874999999 0.875417221875 0.9885133375 0.9320719937499999 0.957908615625 0.98110011875 0.9498547468749999 1 0.932390846875 1 0.87386141875