1 0.275 0.25625 0.05 0.0484375
1 0.31875 0.240625 0.046875 0.04375
1 0.359375 0.253125 0.0515625 0.0390625
1 0.196875 0.25 0.04375 0.05
5 0.7984375 0.159375 0.15625 0.1421875
5 0.64375 0.1625 0.1 0.1484375
5 0.5484375 0.175 0.096875 0.1328125
5 0.959375 0.121875 0.0796875 0.115625
0 0 0.48118974375 0.032380659374999995 0.5625974593749999 0.06272613437499999 0.57014273125 0.079066 0.509780559375 0.112912875 0.49972019687499997 0.153762546875 0.5273861937500001 0.17710521875000002 0.597808728125 0.201615021875 0.597808728125 0.233127628125 0.537446553125 0.2693087625 0.504750375 0.29731996875 0.532416375 0.325331175 0.612899271875 0.34167104375 0.6154143624999999 0.36734798125 0.5349314625 0.394192053125 0.49720510625000003 0.411699053125 0.492174928125 0.428038921875 0.53996164375 0.431540325 0.5751729125 0.452548728125 0.537446553125 0.47238999687499994 0.49972019687499997 0.49223126875 0.4619938375 0.5 0.430604325 0.5 0.33361615312500004 0.47238999687499994 0.326178946875 0.4537158625 0.4091769375 0.411699053125 0.43181275 0.3685151125 0.414207115625 0.340503909375 0.386541121875 0.31249270625 0.336239309375 0.287559815625 0.309375 0.27626399375 0.309375 0.22379055625 0.361390215625 0.1864422875 0.47456929375 0.17010241875 0.399116571875 0.15737762187499998 0.309375 0.15582235625000002 0.309375 0.08490166875 0.3488147625 0.072063203125 0.396601484375 0.03004639375 0.35132985625 0 0.326770321875 0 0.48118974375
3 0.95 0.8 0.0984375 0.384375
3 0.5765625 0.8015625 0.153125 0.325
3 0.715625 0.796875 0.1484375 0.325
3 0.828125 0.7671875 0.18125 0.3359375
3 0.5640625 0.490625 0.128125 0.3640625
3 0.7375 0.478125 0.2046875 0.3390625
3 0.9140625 0.459375 0.171875 0.3