0 0.3703125 0.3765625 0.2375 0.075
4 0.45 0.25625 0.0796875 0.0640625
4 0.36875 0.2671875 0.0734375 0.078125
4 0.303125 0.259375 0.0421875 0.06875
4 0.24375 0.25625 0.034375 0.0578125
4 0.303125 0.35 0.0625 0.1109375
4 0.359375 0.33125 0.0484375 0.05625
4 0.4203125 0.3328125 0.0515625 0.05625
4 0.46875 0.321875 0.0421875 0.0671875
1 0.496875 0.328125 0.0171875 0.071875
1 0.5234375 0.1875 0.034375 0.0953125
1 0.615625 0.1609375 0.0265625 0.0609375
3 0.21875 0.65625 0.0640625 0.103125
3 0.2515625 0.834375 0.0484375 0.065625
3 0.278125 0.8484375 0.046875 0.0390625
3 0.3171875 0.8375 0.0515625 0.0453125
3 0.2203125 0.8375 0.04375 0.0484375
3 0.275 0.659375 0.0703125 0.096875