4 0.1875 0.3234375 0.3671875 0.090625
2 0.4515625 0.01875 0.115625 0.0375
5 0.73125 0.2546875 0.025 0.0359375
5 0.690625 0.265625 0.0171875 0.0265625
5 0.6578125 0.25625 0.01875 0.034375
3 0.634375 0.240625 0.0421875 0.0515625
3 0.709375 0.25 0.0390625 0.046875
3 0.784375 0.240625 0.040625 0.040625
3 0.6734375 0.25 0.04375 0.05
5 0.71875 0.19375 0.0234375 0.0421875
5 0.778125 0.1953125 0.0203125 0.03125
4 0.8 0.18125 0.03125 0.0359375
4 0.828125 0.18125 0.0234375 0.03125
4 0.6484375 0.1875 0.0328125 0.05
0 0.072791715625 0.614799153125 0.096820934375 0.601759453125 0.11316080625 0.60610601875 0.125655996875 0.636531984375 0.142957034375 0.6437762593749999 0.159296903125 0.6249411406250001 0.16218041249999998 0.60610601875 0.14680171250000001 0.571333490625 0.1410347 0.540907525 0.136228853125 0.51193041875 0.119888984375 0.494544153125 0.10162677812500001 0.4901975875 0.07951989375 0.513379271875 0.058374181250000004 0.52497011875 0.04299548125 0.5351121062499999 0.024733278125 0.548151803125 0.007432237499999999 0.56553806875 0.00262639375 0.584373190625 0.01800509375 0.6307365625 0.047801328125 0.632185415625 0.072791715625 0.614799153125
0 0 0.910666896875 0.00839340625 0.910365653125 0.01608275625 0.888632825 0.0343449625 0.91760993125 0.04684015625 0.9263030656250001 0.066063534375 0.93064963125 0.09489859687499999 0.92775191875 0.11412197187499999 0.913263365625 0.127578334375 0.93064963125 0.140073528125 0.942240475 0.150646384375 0.93064963125 0.142957034375 0.8871839687499999 0.141995865625 0.85386029375 0.128539503125 0.82053661875 0.106432621875 0.8190877656250001 0.096820934375 0.8379228843750001 0.078558728125 0.8683488468749999 0.06414119375 0.8973259562499999 0.051646000000000004 0.87414426875 0.040111975 0.856758003125 0.03338379375 0.8393717374999999 0.027616784374999998 0.8031503531249999 0.01608275625 0.8017015000000001 0.00839340625 0.81329234375 0.00262639375 0.833576315625 0 0.8438697062499999 0 0.910666896875
4 0.5078125 0.6125 0.078125 0.1203125
4 0.425 0.634375 0.090625 0.1296875
4 0.50625 0.7328125 0.078125 0.109375
4 0.1328125 0.703125 0.065625 0.1078125
2 0.3375 0.878125 0.0390625 0.084375
0 1 0.37651083750000003 0.977925175 0.36875 0.93035085 0.36875 0.9250844875 0.42901116562499997 0.939293065625 0.4393984625 0.9570537937499999 0.4512696625 0.972683234375 0.46165695937500006 0.9876022437499999 0.480947653125 0.9947065343749999 0.492818853125 1 0.507034553125 1 0.37651083750000003
0 0.8526530093750001 0.518045146875 0.855494725 0.48688325312499997 0.8718345968750001 0.454237459375 0.88462231875 0.436430665625 0.905935190625 0.43197896562500004 0.925116778125 0.42752726562500004 0.9267370375 0.36875 0.89416460625 0.36875 0.8805212062500001 0.377344478125 0.8456132999999999 0.39906337187499996 0.8107054 0.374241778125 0.80484938125 0.36875 0.7733980125000001 0.36875 0.77166409375 0.42307556875 0.782320528125 0.43197896562500004 0.794397821875 0.4512696625 0.8043438281249999 0.47204425624999996 0.811448121875 0.48985105625 0.8213941281249999 0.5135934468750001 0.831340134375 0.53288414375 0.843417428125 0.55069094375 0.854073865625 0.5477231406249999 0.8526530093750001 0.518045146875
0 0.7254862 0.519529046875 0.7233549125 0.47649595624999996 0.741115640625 0.42901116562499997 0.77166409375 0.43197896562500004 0.77095460625 0.36875 0.56875 0.36875 0.56875 0.372725553125 0.58126909375 0.42901116562499997 0.5990298187499999 0.463140859375 0.612527971875 0.5002383499999999 0.6103966875 0.42901116562499997 0.621053121875 0.37559077812499997 0.653732859375 0.405268771875 0.675045734375 0.4453340625 0.69991075 0.497270553125 0.7254862 0.519529046875
5 0.9796875 0.6703125 0.040625 0.253125
5 0.840625 0.640625 0.065625 0.2203125
5 0.9625 0.9 0.0734375 0.2
5 0.61875 0.61875 0.0703125 0.2046875
2 0.578125 0.734375 0.01875 0.2078125
4 0.7203125 0.6 0.065625 0.2203125