1 0.346875 0.0953125 0.0765625 0.0859375
1 0.2890625 0.1015625 0.0796875 0.09375
1 0.20625 0.0953125 0.071875 0.0984375
1 0.146875 0.103125 0.0640625 0.0890625
1 0.0734375 0.1125 0.0671875 0.0875
1 0.0265625 0.1125 0.0515625 0.0640625
0 0.196875 0.13125 0.39375 0.04375
0 0.459375 0.103125 0.06875 0.0390625
0 0.809194096875 0.20213585625000002 0.8302025000000001 0.21088935625 0.8418738343750001 0.19338235312500002 0.8582137031249999 0.17762605 0.880389240625 0.188130253125 0.90023050625 0.15836835 0.880389240625 0.13911064374999998 0.82086543125 0.12335434062499999 0.77301295625 0.114600840625 0.729829015625 0.0988445375 0.697149278125 0.074334734375 0.632956934375 0.053326331250000004 0.58627159375 0.06032913125 0.559375 0.058888240625 0.559375 0.180539403125 0.560594653125 0.181127453125 0.57109885625 0.147864146875 0.608447128125 0.121603640625 0.65163106875 0.119852940625 0.6796422718749999 0.154866946875 0.704152078125 0.17412465 0.733330415625 0.161869746875 0.7601744874999999 0.15836835 0.784684290625 0.17587535 0.809194096875 0.20213585625000002
1 0.6328125 0.2375 0.146875 0.2671875
1 0.7625 0.25 0.1203125 0.2171875
1 0.8578125 0.265625 0.08125 0.2328125
1 0.915625 0.278125 0.0609375 0.140625
1 0.971875 0.246875 0.0546875 0.10625
1 0.771875 0.475 0.0734375 0.1515625
1 0.684375 0.475 0.0796875 0.15
1 0.59375 0.4796875 0.0671875 0.140625
3 0.9453125 0.453125 0.0875 0.1921875
3 0.921875 0.278125 0.071875 0.2234375
5 0.7390625 0.4625 0.0875 0.1734375
5 0.571875 0.471875 0.0265625 0.15625
5 0.6375 0.4640625 0.0796875 0.171875
5 0.46875 0.775 0.0703125 0.03125
5 0.425 0.76875 0.090625 0.0265625
5 0.35625 0.7546875 0.0796875 0.0296875
5 0.28125 0.7734375 0.0875 0.0484375
5 0.20625 0.81875 0.096875 0.0359375
5 0.15625 0.865625 0.1078125 0.040625
5 0.178125 0.925 0.0578125 0.0328125
5 0.171875 0.903125 0.09375 0.0390625
5 0.521875 0.7859375 0.0609375 0.03125
3 0.3625 0.75625 0.0921875 0.0640625
5 0.590625 0.959375 0.040625 0.040625