0 0.932388953125 0 0.9484068625000001 0.053707106250000004 0.959640525 0.0705576 0.9780228781250001 0.06443014687500001 1 0.06443014687500001 1 0.017655412500000002 0.978421159375 0 0.932388953125 0
0 0.7707216781249999 0 0.7860294125 0.024601715625 0.806454246875 0.075153184375 0.8217728781250001 0.11651348125000001 0.83811274375 0.114981615625 0.8524101312499999 0.073621321875 0.86875 0.018474265625 0.8838031031250001 0 0.8449720875000001 0 0.843218953125 0.0031556375 0.837538809375 0 0.7707216781249999 0
0 0.738031046875 0.409099265625 0.771732028125 0.398376225 0.7982843125 0.41522671562499996 0.803390525 0.3953125 0.7819444437499999 0.35701593125 0.776838234375 0.314123775 0.759477125 0.3279105375 0.7502859468749999 0.36620710624999997 0.738031046875 0.409099265625
3 0.971875 0.121875 0.0546875 0.1140625
3 0.9703125 0.3078125 0.059375 0.196875
3 0.66875 0.1375 0.0640625 0.153125
3 0.584375 0.090625 0.0828125 0.18125
2 0.4640625 0.659375 0.109375 0.2421875
2 0.303125 0.6328125 0.2109375 0.328125
2 0.096875 0.6171875 0.19375 0.296875
3 0.76875 0.7609375 0.0609375 0.0875