5 0.325 0.4328125 0.059375 0.071875
5 0.3859375 0.428125 0.059375 0.075
5 0.465625 0.4375 0.06875 0.075
5 0.56875 0.440625 0.0890625 0.06875
5 0.65 0.4375 0.0515625 0.078125
5 0.7046875 0.434375 0.0484375 0.0609375
5 0.753125 0.434375 0.034375 0.05
5 0.73125 0.478125 0.03125 0.028125
5 0.7125 0.484375 0.0390625 0.0359375
5 0.690625 0.496875 0.0390625 0.0296875
5 0.646875 0.5 0.04375 0.046875
5 0.590625 0.496875 0.0546875 0.040625
5 0.5390625 0.4984375 0.059375 0.040625
5 0.4875 0.50625 0.0484375 0.046875
5 0.4328125 0.4921875 0.0453125 0.0359375
5 0.3875 0.50625 0.0484375 0.040625
5 0.35 0.490625 0.03125 0.028125
5 0.31875 0.478125 0.040625 0.03125