5 0.628125 0.1625 0.0609375 0.103125
5 0.3625 0.515625 0.03125 0.0609375
5 0.3640625 0.440625 0.0453125 0.0734375
5 0.359375 0.384375 0.0265625 0.06875
5 0.3625 0.2921875 0.04375 0.078125
5 0.3625 0.2078125 0.040625 0.0875
5 0.3875 0.15625 0.05625 0.096875
5 0.440625 0.11875 0.059375 0.0765625
5 0.53125 0.10625 0.05625 0.065625
5 0.590625 0.1125 0.0453125 0.08125
5 0.634375 0.253125 0.0484375 0.09375
5 0.640625 0.3421875 0.0390625 0.071875
5 0.66875 0.390625 0.078125 0.0828125
2 0.31875 0.4796875 0.0375 0.0734375
2 0.334375 0.771875 0.0359375 0.059375