5 0.4375 0.3875 0.0546875 0.0453125
5 0.95 0.375 0.0484375 0.0703125
2 0.26875 0.56875 0.0578125 0.0421875
0 0.61875 0.60415090625 0.626266340625 0.61062521875 0.648441878125 0.607106571875 0.6671160125 0.59127265 0.7021300187499999 0.5560861625 0.733642621875 0.54201156875 0.726639821875 0.49802845625 0.6566118125 0.527936971875 0.63210200625 0.50330643125 0.61875 0.493413659375 0.61875 0.60415090625
4 0.7125 0.6859375 0.159375 0.253125
4 0.8703125 0.675 0.146875 0.29375
4 0.971875 0.6734375 0.05625 0.26875
4 0.6625 0.9578125 0.0859375 0.084375
4 0.775 0.946875 0.1140625 0.1046875
3 0.971875 0.9328125 0.05625 0.134375
3 0.896875 0.93125 0.103125 0.1375
3 0.971875 0.68125 0.0546875 0.34375