5 0.3375 0.4296875 0.053125 0.071875
1 0.028125 0.2 0.0546875 0.1015625
1 0.096875 0.190625 0.1140625 0.0828125
1 0.234375 0.2234375 0.121875 0.1
1 0.3328125 0.26875 0.08125 0.0890625
3 0.234375 0.20625 0.1625 0.1609375
3 0.0921875 0.16875 0.1515625 0.1609375
2 0.8734375 0.446875 0.171875 0.0453125
2 0.35625 0.684375 0.0734375 0.0765625
3 0.484375 0.84375 0.0296875 0.1484375
3 0.453125 0.8078125 0.09375 0.115625
3 0.3625 0.853125 0.115625 0.128125
3 0.26875 0.8375 0.096875 0.1328125
3 0.11875 0.6953125 0.1375 0.1515625
3 0.18125 0.8109375 0.0890625 0.15
1 0.9703125 0.49375 0.03125 0.0484375
1 0.7125 0.5234375 0.0484375 0.0671875
1 0.984375 0.59375 0.03125 0.08125