5 0.228125 0.15625 0.15625 0.1640625
5 0.15625 0.221875 0.1296875 0.1234375
5 0.153125 0.8484375 0.1046875 0.1265625
5 0.43125 0.8484375 0.109375 0.1328125
5 0.234375 0.8984375 0.14375 0.153125
5 0.503125 0.7921875 0.0984375 0.140625
5 0.665625 0.721875 0.1015625 0.10625
5 0.575 0.765625 0.121875 0.1015625
5 0.725 0.6375 0.125 0.1375
5 0.7484375 0.4375 0.1078125 0.121875
5 0.7 0.3375 0.084375 0.0984375
5 0.60625 0.265625 0.1 0.0953125
5 0.51875 0.2125 0.103125 0.1234375
1 0.1875 0.8296875 0.1078125 0.10625
1 0.259375 0.890625 0.1453125 0.1515625
1 0.153125 0.25625 0.1046875 0.071875