1 0.025 0.20625 0.0484375 0.1046875
1 0.0875 0.20625 0.0515625 0.09375
1 0.153125 0.215625 0.040625 0.090625
3 0.0375 0.08125 0.0734375 0.1125
3 0.103125 0.06875 0.071875 0.121875
3 0.053125 0.18125 0.0890625 0.11875
3 0.1140625 0.1703125 0.075 0.121875
3 0.165625 0.184375 0.078125 0.10625
4 0.5890625 0.4890625 0.025 0.025
4 0.66875 0.4875 0.0203125 0.0265625
1 0.259375 0.990625 0.0765625 0.01875
1 0.9890625 0.796875 0.021875 0.0671875
1 0.9796875 0.75625 0.040625 0.06875
1 0.665625 0.871875 0.084375 0.0859375
2 0.6515625 0.9609375 0.1140625 0.0609375