3 0.13125 0.2875 0.0890625 0.1171875
1 0.103125 0.23125 0.0703125 0.0734375
0 0.7140625 0.19375 0.571875 0.3875
0 0.204226809375 0.43807205312499997 0.23509100312500003 0.42066561562500004 0.260508578125 0.417764540625 0.28320284375 0.42936883750000004 0.292280546875 0.454027959375 0.324960284375 0.45983010625 0.33857684374999997 0.43807205312499997 0.350377859375 0.42936883750000004 0.363086646875 0.44387420312500003 0.37761097499999996 0.46273118125 0.39848969375 0.47288493750000005 0.409375 0.483321184375 0.409375 0.3890625 0.2172335375 0.3890625 0.20604234687499998 0.40470970937499995 0.18425585625000002 0.43807205312499997 0.204226809375 0.43807205312499997
3 0.3265625 0.65625 0.084375 0.2234375
3 0.34375 0.509375 0.1015625 0.184375
3 0.0640625 0.6171875 0.0765625 0.2515625
3 0.0546875 0.478125 0.0765625 0.1578125
3 0.140625 0.496875 0.065625 0.1671875
3 0.184375 0.59375 0.05625 0.115625
1 0.321875 0.7515625 0.0515625 0.071875
2 0.484375 0.8171875 0.1484375 0.35625
2 0.665625 0.771875 0.2125 0.384375
2 0.865625 0.78125 0.23125 0.3546875
2 0.9734375 0.7296875 0.053125 0.334375