0 0.510375815625 0.323958334375 0.518545753125 0.331617646875 0.521609475 0.30098039375 0.5328431375 0.274938725 0.550204246875 0.250428921875 0.580841503125 0.24123774375 0.60637255 0.247365196875 0.62883986875 0.268811275 0.63496731875 0.290257353125 0.64926470625 0.343872546875 0.6533496750000001 0.36991421562500004 0.666625815625 0.362254903125 0.67581699375 0.33008578437499997 0.6839869281250001 0.304044115625 0.696241828125 0.279534315625 0.7156454250000001 0.255024509375 0.7462826812500001 0.24123774375 0.7830473875 0.250428921875 0.7953022875 0.274938725 0.8044934625 0.30710784375 0.80857843125 0.32242646875 0.833088234375 0.317830884375 0.8443218937499999 0.293321078125 0.862704246875 0.2703431375 0.8780228781250001 0.24430146874999997 0.9035539218749999 0.24123774375 0.91478758125 0.262683825 0.91478758125 0.284129903125 0.921936275 0.30863970625000003 0.928063725 0.305575978125 0.921936275 0.279534315625 0.9362336593749999 0.271875 0.946446078125 0.279534315625 0.9515522875 0.29178921562500004 0.9413398687500001 0.31017156875 0.953594771875 0.317830884375 0.96482843125 0.28872549062499997 0.9770833343750001 0.25196078437499997 0.992401959375 0.248897059375 0.98831699375 0.21366421562500001 0.9770833343750001 0.186090684375 0.947467321875 0.19375 0.919893790625 0.190686275 0.9076388874999999 0.164644609375 0.871895425 0.17230392187500002 0.8443218937499999 0.186090684375 0.826960784375 0.201409315625 0.8147058812499999 0.216727940625 0.803472221875 0.216727940625 0.79121731875 0.1922181375 0.772834965625 0.164644609375 0.7483251656250001 0.15851715625 0.71156045625 0.166176471875 0.688071896875 0.176899509375 0.67888071875 0.1922181375 0.657434640625 0.22438725625 0.650285946875 0.199877453125 0.61862745 0.16770833125 0.5859477125 0.15851715625 0.565522875 0.16770833125 0.537949346875 0.183026959375 0.517524509375 0.1983455875 0.511397059375 0.22745097812499998 0.497099675 0.255024509375 0.46952614375 0.24583333437500002 0.43684640625000004 0.23511029374999998 0.41875 0.24346248125 0.41875 0.32523284375 0.443995096875 0.30251225625 0.46850490312500004 0.285661765625 0.49607843125000006 0.29944853125000004 0.510375815625 0.323958334375
0 0.8790441187500001 0.599693628125 0.863725490625 0.596629903125 0.8484068625000001 0.5859068625 0.837173203125 0.55833333125 0.815727121875 0.55680146875 0.8044934625 0.5920343124999999 0.7830473875 0.61348039375 0.7667075156250001 0.595098040625 0.7585375812499999 0.55986519375 0.74117646875 0.53382353125 0.72585784375 0.5430147062499999 0.71156045625 0.5767156875 0.703390525 0.61194853125 0.69113561875 0.598161765625 0.66968954375 0.5659926468750001 0.6533496750000001 0.55986519375 0.6319035937499999 0.581311275 0.623733659375 0.61348039375 0.608415034375 0.61194853125 0.5982026125 0.5920343124999999 0.5900326812500001 0.570588234375 0.578799021875 0.562928921875 0.564501634375 0.562928921875 0.54918300625 0.57824755 0.54918300625 0.61041666875 0.536928103125 0.6272671562500001 0.5277369281250001 0.62573529375 0.502205884375 0.595098040625 0.4919934625 0.570588234375 0.47565359375 0.570588234375 0.452165034375 0.59050245 0.44297385624999996 0.61501225625 0.41875 0.62663970625 0.41875 0.65 0.47015003125000004 0.65 0.46952614375 0.648713234375 0.4797385625 0.63799019375 0.4886347125 0.65 0.572307065625 0.65 0.5736928125 0.648713234375 0.580841503125 0.645649509375 0.5913551874999999 0.65 0.642519971875 0.65 0.6513071874999999 0.642585784375 0.659477125 0.647181371875 0.660914071875 0.65 0.8986928125 0.65 0.9229575156250001 0.62573529375 0.921936275 0.596629903125 0.9066176468749999 0.5889705875 0.8790441187500001 0.599693628125
4 0.971875 0.28125 0.0546875 0.0953125
4 0.884375 0.559375 0.05625 0.090625
0 0 0.782397003125 0.010078196875 0.77349420625 0.045092203125 0.7619468625 0.07777194062500001 0.770194965625 0.1011146125 0.803187375 0.11395308125 0.832880546875 0.13612861874999999 0.798238515625 0.157137021875 0.785041553125 0.181646825 0.776793446875 0.218995096875 0.7800926875 0.19798669375 0.7339033125000001 0.18748249374999998 0.7339033125000001 0.127958684375 0.7339033125000001 0.07310340625 0.72730483125 0.033420865625000004 0.722355965625 0 0.7274170625 0 0.782397003125
0 0.28668884375000003 0.7619468625 0.244672034375 0.745450653125 0.217827965625 0.74050179375 0.230666434375 0.803187375 0.25284196875 0.859274475 0.26801470625 0.8477271312499999 0.27618464062500003 0.803187375 0.3205357125 0.79164003125 0.343878384375 0.7899904125 0.37188959062500004 0.8229828250000001 0.373056721875 0.8543256156249999 0.398733659375 0.8081362375 0.39990079375 0.7784430687499999 0.373056721875 0.76359648125 0.33570845 0.75039951875 0.3100315125 0.75864761875 0.28668884375000003 0.7619468625
4 0.3984375 0.9734375 0.040625 0.053125
4 0.340625 0.975 0.0671875 0.05
4 0.25 0.9765625 0.09375 0.046875
4 0.153125 0.9765625 0.0875 0.046875
4 0.075 0.9796875 0.0875 0.040625
4 0.3953125 0.865625 0.046875 0.15
4 0.3359375 0.8390625 0.0984375 0.13125
1 0.6359375 0.70625 0.0671875 0.0625
1 0.55625 0.7625 0.0375 0.096875
1 0.690625 0.775 0.021875 0.0734375
1 0.6390625 0.8578125 0.0265625 0.0734375
1 0.6125 0.859375 0.028125 0.0546875
1 0.5890625 0.85 0.028125 0.0578125
1 0.565625 0.85625 0.0359375 0.0546875
4 0.5390625 0.85 0.0203125 0.059375
4 0.665625 0.83125 0.0171875 0.084375
4 0.55625 0.771875 0.0359375 0.0984375
4 0.70625 0.775 0.0140625 0.05625
4 0.64375 0.821875 0.0265625 0.059375
4 0.61875 0.828125 0.03125 0.0640625
4 0.590625 0.821875 0.034375 0.05625
4 0.5625 0.846875 0.03125 0.053125
4 0.528125 0.79375 0.0234375 0.0546875
5 0.6390625 0.75625 0.053125 0.1078125
5 0.6875 0.7921875 0.034375 0.05
0 0.6359375 0.721875 0.1546875 0.0859375
0 0.584375 0.878125 0.0703125 0.0359375