2 0.36875 0.021875 0.05 0.04375
3 0.940625 0.1828125 0.04375 0.08125
2 0.309375 0.89375 0.0546875 0.0890625
1 0.2359375 0.98125 0.03125 0.0375
3 0.328125 0.96875 0.046875 0.0625
3 0.290625 0.96875 0.046875 0.0609375
3 0.2546875 0.965625 0.05 0.06875
3 0.221875 0.89375 0.0375 0.10625
0 0.5757790625 0.8551164218749999 0.5594391937500001 0.90413603125 0.5419321874999999 0.926895134375 0.5302608531249999 0.9093881312500001 0.506918184375 0.860368521875 0.4890625 0.8687383750000001 0.4890625 0.977849203125 0.48941118125000005 0.9776654406249999 0.5349293875 0.9794161406249999 0.5967874656250001 0.9759147406249999 0.645807075 0.9479035375 0.651642740625 0.8953825249999999 0.62946720625 0.881376925 0.610793065625 0.849864321875 0.59912173125 0.821853115625 0.5897846625 0.821853115625 0.5757790625 0.8551164218749999
0 0.717002215625 0.972413340625 0.7508490906249999 0.972413340625 0.82321136875 0.981166840625 0.84071836875 0.9794161406249999 0.85238970625 0.92164303125 0.8185428343750001 0.902385328125 0.8010358312499999 0.849864321875 0.77886029375 0.806096815625 0.7625204250000001 0.802595415625 0.74968195625 0.84636291875 0.733342084375 0.872623421875 0.717002215625 0.886629028125 0.69832808125 0.8743741249999999 0.67265114375 0.860368521875 0.65047560625 0.893631828125 0.63997140625 0.9619091375 0.677319678125 0.9514049375000001 0.717002215625 0.972413340625
0 0.9585988562500001 0.9671612406250001 0.9702701906250001 0.9093881312500001 0.946927521875 0.869122025 0.91424778125 0.867371325 0.901409315625 0.862119225 0.88156804375 0.818351715625 0.861726775 0.820102415625 0.8453869062500001 0.869122025 0.8477211718750001 0.898883928125 0.853556840625 0.9461528375 0.857058240625 0.98291754375 0.876899509375 0.972413340625 0.8990750468750001 0.9706626406250001 0.9352561843749999 0.9706626406250001 0.9585988562500001 0.9671612406250001
0 1 0.8354482781250001 0.990111459375 0.8288559187500001 0.9702701906250001 0.8095982125000001 0.9539303218749999 0.881376925 0.9714373249999999 0.930396534375 0.9877771937500001 0.9321472312499999 1 0.934843440625 1 0.8354482781250001
3 0.540625 0.790625 0.08125 0.23125
3 0.91875 0.7671875 0.09375 0.2125
3 0.8984375 0.5703125 0.0875 0.203125
1 0.765625 0.5125 0.1296875 0.0875