1 0.39375 0.015625 0.0671875 0.03125
1 0.475 0.05625 0.0375 0.096875
1 0.340625 0.071875 0.021875 0.0734375
1 0.3921875 0.153125 0.0265625 0.0734375
1 0.41875 0.1546875 0.028125 0.0546875
1 0.4421875 0.1453125 0.028125 0.0578125
1 0.465625 0.153125 0.0359375 0.0546875
4 0.4921875 0.14375 0.0203125 0.059375
4 0.365625 0.128125 0.0171875 0.084375
4 0.475 0.0671875 0.0359375 0.0984375
4 0.325 0.06875 0.0140625 0.05625
4 0.3875 0.115625 0.0265625 0.059375
4 0.4125 0.125 0.03125 0.0640625
4 0.440625 0.1171875 0.034375 0.05625
4 0.46875 0.140625 0.03125 0.053125
4 0.503125 0.090625 0.0234375 0.0546875
5 0.3921875 0.053125 0.053125 0.10625
5 0.34375 0.0875 0.034375 0.05
0 0.39375 0.0296875 0.1546875 0.059375
0 0.446875 0.175 0.0703125 0.0359375
1 0.953125 0.009375 0.0421875 0.0171875
4 0.3484375 0.865625 0.2703125 0.153125
3 0.73125 0.9875 0.0609375 0.0234375