5 0.4390625 0.090625 0.0171875 0.034375
5 0.4015625 0.0921875 0.0203125 0.0375
5 0.378125 0.090625 0.0171875 0.03125
3 0.428125 0.0375 0.0578125 0.0734375
3 0.375 0.0390625 0.04375 0.078125
3 0.4203125 0.0875 0.03125 0.05
3 0.3921875 0.0890625 0.028125 0.05625
3 0.3625 0.0875 0.028125 0.0484375
3 0.4546875 0.08125 0.034375 0.0421875
0 0.22929942812499998 0.58072916875 0.22623570312500002 0.545496321875 0.21602328437499999 0.51179534375 0.210917075 0.48575367812500003 0.198662171875 0.48268995 0.196619690625 0.522518384375 0.199683415625 0.5623468125 0.2017259 0.5822610312500001 0.209895834375 0.60370710625 0.228278184375 0.617493871875 0.242575571875 0.6251531875 0.258915440625 0.629748775 0.27627655 0.614430146875 0.2796875 0.6041973031250001 0.2796875 0.4986111125 0.27117034375000004 0.52558210625 0.2578942 0.5531556375 0.245639296875 0.58072916875 0.22929942812499998 0.58072916875
3 0.2375 0.490625 0.0828125 0.14375