5 0.1859375 0.19375 0.065625 0.0875
5 0.309375 0.1984375 0.0609375 0.08125
5 0.4375 0.1875 0.0546875 0.078125
1 0.203125 0.328125 0.0765625 0.0609375
1 0.284375 0.325 0.065625 0.0828125
1 0.35625 0.309375 0.059375 0.084375
2 0.5125 0.153125 0.0609375 0.059375
3 0.1 0.1796875 0.078125 0.1234375
5 0.990625 0.334375 0.01875 0.0453125
5 0.9890625 0.3859375 0.021875 0.034375
5 0.984375 0.440625 0.03125 0.0328125
1 0.45625 0.971875 0.0671875 0.05625
1 0.396875 0.959375 0.0671875 0.08125
1 0.334375 0.9625 0.0734375 0.0734375
1 0.26875 0.959375 0.0546875 0.08125
1 0.525 0.96875 0.053125 0.0625
1 0.5828125 0.953125 0.046875 0.09375
1 0.4671875 0.8765625 0.09375 0.06875
1 0.3609375 0.884375 0.096875 0.05625
3 0.934375 0.675 0.13125 0.0890625
3 0.9625 0.83125 0.075 0.2734375