5 0.096875 0.40625 0.0453125 0.0953125
5 0.090625 0.3 0.0609375 0.153125
5 0.0890625 0.1921875 0.025 0.0640625
5 0.06875 0.096875 0.025 0.0828125
5 0.05 0.04375 0.03125 0.0875
4 0.08125 0.3921875 0.0296875 0.09375
4 0.075 0.25 0.0265625 0.059375
1 0.740625 0.0125 0.0515625 0.025
0 0.343695934375 0.542431265625 0.336967753125 0.580042215625 0.320627884375 0.572520028125 0.294676328125 0.564997834375 0.25142373125 0.55446676875 0.22643334375 0.575528903125 0.18798659375 0.5935821625 0.16587970937500002 0.617653171875 0.11878243749999999 0.6642907499999999 0.11397659375 0.7034061406250001 0.123588284375 0.754557034375 0.139928153125 0.777123609375 0.15819035937499998 0.80420349375 0.179336071875 0.7981857406249999 0.192792434375 0.8072123687499999 0.2197051625 0.8418144468750001 0.2504625625 0.83278781875 0.274491784375 0.826770065625 0.29179281874999996 0.8102212468750001 0.3158220375 0.7921679875 0.343695934375 0.765088103125 0.382142684375 0.7530526 0.4090554125 0.754557034375 0.4296875 0.75849529375 0.4296875 0.525322984375 0.42155060625 0.519864696875 0.393676709375 0.510838065625 0.355229959375 0.52136913125 0.343695934375 0.542431265625
1 0.3328125 0.55 0.184375 0.0796875
1 0.140625 0.578125 0.1828125 0.1359375
1 0.0859375 0.7875 0.171875 0.3609375
0 0.021875 0.5625 0.04375 0.1046875
0 0.7625 0.865625 0.0890625 0.071875
0 0.5546875 0.8890625 0.25 0.075
4 0.690625 0.7546875 0.0671875 0.084375
4 0.603125 0.76875 0.0828125 0.0640625
4 0.51875 0.7796875 0.0734375 0.078125
4 0.453125 0.771875 0.0421875 0.06875
4 0.45625 0.8625 0.0546875 0.1109375
4 0.509375 0.84375 0.0484375 0.05625
4 0.571875 0.8453125 0.0515625 0.05625
4 0.63125 0.8359375 0.0640625 0.0671875
4 0.6984375 0.859375 0.0734375 0.0921875
4 0.759375 0.834375 0.05625 0.0671875