5 0.2578125 0.3078125 0.0515625 0.05625
5 0.3078125 0.309375 0.0421875 0.0984375
5 0.36875 0.340625 0.046875 0.1421875
5 0.49375 0.3375 0.046875 0.153125
5 0.60625 0.34375 0.0515625 0.1453125
5 0.6875 0.334375 0.034375 0.1390625
5 0.753125 0.321875 0.0453125 0.13125
5 0.75 0.4671875 0.0484375 0.1234375
5 0.71875 0.490625 0.053125 0.146875
5 0.6625 0.51875 0.0859375 0.1734375
5 0.6 0.528125 0.0828125 0.1984375
5 0.528125 0.5109375 0.059375 0.196875
5 0.415625 0.5046875 0.0828125 0.203125
5 0.35 0.4890625 0.0734375 0.1671875
5 0.3 0.4578125 0.0625 0.146875
5 0.2578125 0.434375 0.05 0.1359375