5 0.603125 0.228125 0.0296875 0.1109375
5 0.26875 0.2 0.0890625 0.09375
5 0.234375 0.278125 0.0765625 0.084375
5 0.2 0.375 0.0921875 0.0984375
5 0.16875 0.459375 0.08125 0.090625
5 0.15625 0.5 0.0640625 0.0359375
3 0.5375 0.059375 0.1171875 0.11875
2 0.828125 0.2921875 0.046875 0.071875
2 0.821875 0.11875 0.0328125 0.065625
2 0.8296875 0.2125 0.0421875 0.053125
2 0.23125 0.684375 0.0578125 0.0859375
2 0.34375 0.884375 0.0703125 0.128125
5 0.578125 0.684375 0.078125 0.1140625
3 0.6515625 0.759375 0.065625 0.259375
3 0.78125 0.690625 0.0859375 0.1703125