4 0.3546875 0.06875 0.0375 0.1359375
4 0.30625 0.0765625 0.0546875 0.153125
4 0.225 0.0890625 0.0671875 0.178125
4 0.1171875 0.0703125 0.06875 0.140625
4 0.040625 0.071875 0.0484375 0.1375
1 0.10625 0.246875 0.0546875 0.103125
1 0.1609375 0.240625 0.053125 0.1171875
1 0.209375 0.246875 0.0546875 0.1203125
1 0.259375 0.21875 0.0453125 0.09375
1 0.046875 0.23125 0.0515625 0.1109375
1 0.3078125 0.209375 0.0453125 0.0984375
4 0.978125 0.2671875 0.04375 0.3875
4 0.8484375 0.2703125 0.18125 0.4
4 0.696875 0.2953125 0.1109375 0.2984375
4 0.584375 0.26875 0.0859375 0.3421875
4 0.528125 0.303125 0.0171875 0.3359375
4 0.6046875 0.475 0.090625 0.0703125
4 0.709375 0.471875 0.128125 0.075
4 0.8140625 0.475 0.103125 0.06875
4 0.9265625 0.465625 0.121875 0.0875
0 0.3631350625 0.509375 0.34729370937500004 0.52429534375 0.323805146875 0.585569853125 0.29010416562499997 0.5579963218749999 0.27621236250000003 0.509375 0.20964298750000002 0.509375 0.21963847812499998 0.53655024375 0.248233253125 0.5579963218749999 0.2655943625 0.61620710625 0.27682802500000003 0.633057596875 0.295210375 0.626930146875 0.32891135625 0.626930146875 0.357506128125 0.5671875 0.37895220625000003 0.53042279375 0.40701593125 0.509375 0.3631350625 0.509375
0 0.15530024375 0.677481615625 0.16959763125 0.6361213218749999 0.1859375 0.580974265625 0.21963847812499998 0.53961396875 0.20772615625 0.509375 0.187344625 0.509375 0.17572508125 0.53808210625 0.16040645625 0.5656556375 0.132832925 0.550337009375 0.10934436249999999 0.510508578125 0.080749590625 0.51510416875 0.074622140625 0.5411458312499999 0.10321691250000001 0.587101715625 0.123641746875 0.6376531875 0.138960375 0.679013478125 0.15530024375 0.677481615625
0 0.055218546874999996 0.971599265625 0.088919525 0.960876225 0.115471815625 0.977726715625 0.120578021875 0.9578125 0.09913194374999999 0.91951593125 0.094025734375 0.876623775 0.076664625 0.890410540625 0.06747345 0.9287071093750001 0.055218546874999996 0.971599265625
3 0.453125 0.846875 0.0984375 0.221875
3 0.4578125 0.675 0.05625 0.1734375
3 0.2984375 0.684375 0.0703125 0.1140625
3 0.30625 0.871875 0.09375 0.1953125
3 0.009375 0.6984375 0.01875 0.153125