5 0.41875 0.48125 0.0640625 0.0953125
0 0.42639695 0.789043965625 0.41607703437500004 0.800904603125 0.416937028125 0.836486515625 0.42897693124999997 0.8350039375 0.45 0.8479477187500001 0.45 0.744826690625 0.44617679375 0.7401188375000001 0.43929685 0.7549446343749999 0.42983692500000004 0.762357534375 0.42639695 0.789043965625
1 0.43125 0.7296875 0.0375 0.2
1 0.365625 0.7375 0.1046875 0.25625
1 0.2875 0.80625 0.0984375 0.2046875
5 0.390625 0.721875 0.096875 0.234375
0 0.92237103125 0.6479779406249999 0.923538165625 0.58670343125 0.875685690625 0.579700628125 0.811493346875 0.5674457281249999 0.7402982031249999 0.541185221875 0.7484681375 0.58670343125 0.7519695375000001 0.6252188375000001 0.753136671875 0.6409751375 0.785816409375 0.66548494375 0.800989146875 0.646227240625 0.8348360187500001 0.6374737406250001 0.8511758875 0.68649335 0.872184290625 0.70400035 0.894359828125 0.67073704375 0.92237103125 0.6479779406249999
0 0.5874037125 0.675989146875 0.624751984375 0.682991946875 0.62708625 0.646227240625 0.637590453125 0.58670343125 0.666768790625 0.5534401250000001 0.69127859375 0.546437328125 0.720456934375 0.542935925 0.7379639375 0.539434525 0.731826921875 0.5296875 0.52699118125 0.5296875 0.50803863125 0.539434525 0.51620856875 0.59895833125 0.568729575 0.6304709374999999 0.5874037125 0.675989146875
0 0.5068715 0.532431725 0.45 0.5418061468750001 0.45 0.6410661125 0.46718895937499993 0.6392244375 0.4916987625 0.6287202375 0.509205765625 0.593706234375 0.5068715 0.532431725
2 0.765625 0.8125 0.034375 0.1375
3 0.675 0.7578125 0.18125 0.30625
3 0.6921875 0.9609375 0.096875 0.078125
3 0.8 0.7625 0.1296875 0.28125
3 0.5203125 0.759375 0.140625 0.3265625