5 0.2734375 0.4328125 0.06875 0.071875
5 0.259375 0.375 0.0609375 0.0640625
5 0.2515625 0.309375 0.0546875 0.0828125
5 0.2296875 0.225 0.05625 0.0671875
5 0.19375 0.146875 0.0484375 0.0671875
5 0.096875 0.134375 0.0515625 0.078125
5 0.015625 0.1609375 0.03125 0.084375
5 0.959375 0.059375 0.0796875 0.1171875
5 0.8796875 0.040625 0.071875 0.08125
2 0.2046875 0.725 0.409375 0.1875
2 0.2046875 0.9578125 0.409375 0.084375
5 0.846875 0.9578125 0.1046875 0.084375
5 0.5703125 0.95625 0.109375 0.0875
5 0.7671875 0.9765625 0.14375 0.046875
5 0.5 0.9234375 0.0984375 0.140625
5 0.446875 0.896875 0.0765625 0.1015625
1 0.815625 0.953125 0.1078125 0.0921875
1 0.740625 0.971875 0.1453125 0.0546875