3 0.515625 0.45 0.0734375 0.140625
3 0.446875 0.43125 0.08125 0.15
3 0.36875 0.403125 0.0796875 0.1671875
3 0.6046875 0.4203125 0.084375 0.153125
5 0.940625 0.5265625 0.0609375 0.11875
5 0.85 0.5453125 0.0359375 0.0984375
5 0.778125 0.2875 0.05625 0.1421875
5 0.909375 0.25 0.0625 0.140625
0 1 0.9918935375 0.987211134375 0.9790732500000001 0.9615342 0.921158190625 0.9486957281249999 0.87377314375 0.9323558593750001 0.9088731781250001 0.919517390625 0.9474832187500001 0.910180321875 0.98609325625 0.8681635125 0.989603259375 0.8401523125000001 0.9790732500000001 0.8203110406249999 0.928178196875 0.803971171875 0.8790381500000001 0.7958012375 0.933443203125 0.81018653125 1 0.9361500375 1 0.9498628625000001 0.9773182468750001 0.9650356 0.98433825625 0.9754511718750001 1 1 1 1 0.9918935375
4 0.94375 0.853125 0.0625 0.1328125
4 0.8671875 0.696875 0.059375 0.0953125
4 0.74375 0.709375 0.04375 0.11875
4 0.809375 0.8609375 0.0546875 0.1140625