2 0.35 0.1296875 0.0734375 0.0765625
3 0.490625 0.2875 0.0546875 0.1484375
3 0.4546875 0.253125 0.109375 0.115625
3 0.35625 0.296875 0.115625 0.128125
3 0.2625 0.28125 0.096875 0.1328125
3 0.1125 0.140625 0.1375 0.1515625
3 0.175 0.25625 0.0890625 0.15
3 0.8734375 0.134375 0.084375 0.2234375
3 0.640625 0.121875 0.059375 0.1796875
3 0.665625 0.0453125 0.0734375 0.090625
3 0.85625 0.0390625 0.1015625 0.078125
3 0.9921875 0.0703125 0.015625 0.115625
1 0.878125 0.2296875 0.0515625 0.071875
2 0.1921875 0.8875 0.384375 0.2234375
2 0.275 0.565625 0.2109375 0.253125
5 0.8609375 0.465625 0.040625 0.053125