3 0.1171875 0.021875 0.065625 0.04375
3 0.059375 0.015625 0.053125 0.0296875
3 0.171875 0.01875 0.05 0.0359375
4 0.2734375 0.021875 0.034375 0.0421875
4 0.209375 0.0203125 0.0375 0.040625
3 0.76875 0.109375 0.2140625 0.1875
0 0 0.43422489375 0.026879084375 0.40435924375 0.0478874875 0.39035364375000003 0.078232959375 0.42186624687499996 0.10507703125000001 0.456880253125 0.14009103750000002 0.50239845625 0.17043650625 0.48489145625 0.18210784375 0.41836484687500003 0.20238057812500002 0.36875 0 0.36875 0 0.43422489375
0 0.416074346875 0.36875 0.29042029375 0.36875 0.2941526625 0.3763480375 0.311659665625 0.41661414687500004 0.3303338 0.446376053125 0.342005134375 0.49014355624999995 0.35134220625 0.525157565625 0.38052054062499996 0.511151959375 0.39102474374999996 0.48664215625 0.40152894375 0.42011554687499997 0.414367415625 0.3728466375 0.416074346875 0.36875
0 0.52991363125 0.44462535000000003 0.557924834375 0.470885853125 0.588270309375 0.465633753125 0.5890625 0.46481680625 0.5890625 0.36875 0.5138597093749999 0.36875 0.5159080281249999 0.3728466375 0.52991363125 0.44462535000000003
0 0.11897930625 1 0.1144141 0.9820903375000001 0.103909896875 0.934821428125 0.074731559375 0.9330707281249999 0.050221753125000004 0.9645833343750001 0.029213353125 0.9943452374999999 0 0.9858639437500001 0 1 0.06274176249999999 1 0.074731559375 0.9925945374999999 0.09807423125 0.9995973375 0.098131753125 1 0.11897930625 1
0 0.21059056874999998 1 0.22412464999999998 0.9960959375 0.25096871875 0.9925945374999999 0.2498015875 0.94357493125 0.21945611562499998 0.917314425 0.19611344375 0.94007353125 0.165767975 0.9908438374999999 0.167204234375 1 0.21059056874999998 1
0 0.4874138375 1 0.49489962812500005 0.95758053125 0.535749296875 0.9943452374999999 0.556757703125 0.9925945374999999 0.517075165625 0.917314425 0.49723389375 0.859541315625 0.48206115625 0.86129201875 0.473891225 0.9155637249999999 0.463387021875 0.9645833343750001 0.44967734375 1 0.4874138375 1
0 0.38922481875 1 0.385189075 0.9873424375000001 0.374684871875 0.9278186281249999 0.364180671875 0.896306021875 0.35484360625 0.8717962187499999 0.340838003125 0.87354691875 0.33500233437500004 0.9033088250000001 0.31399393125 0.934821428125 0.303489728125 0.9645833343750001 0.303489728125 1 0.38922481875 1
5 0.1421875 0.603125 0.075 0.2265625
2 0.775 0.6765625 0.265625 0.6015625