2 0.025 0.1609375 0.05 0.140625
5 0.628125 0.090625 0.0375 0.06875
5 0.66875 0.0890625 0.0390625 0.075
5 0.7109375 0.08125 0.0421875 0.0703125
5 0.7625 0.084375 0.0390625 0.065625
5 0.790625 0.0859375 0.0453125 0.0625
5 0.828125 0.0828125 0.0359375 0.05625
5 0.59375 0.084375 0.0359375 0.0484375
5 0.546875 0.0890625 0.04375 0.06875
1 0.878125 0.0640625 0.03125 0.05
0 0.037095856249999996 1 0.037602725 0.999796253125 0.06547661875 0.9867565562499999 0.080855321875 0.9548817375 0.11065155 0.951984025 0.145253628125 0.9548817375 0.176011028125 0.970819146875 0.21061310625 0.9751657125 0.25098219374999997 0.9722680031250001 0.286545440625 0.965023725 0.326914528125 0.938944328125 0.319225178125 0.97661456875 0.34517673437499996 0.9795122781250001 0.40573036875 0.965023725 0.41875 0.9634661343750001 0.41875 0.8133680906249999 0.41245855000000003 0.81289390625 0.395157509375 0.7998542093750001 0.38266231875 0.78536565625 0.36632245 0.7621839687499999 0.34806024375 0.73900228125 0.336526215625 0.721616015625 0.309613490625 0.7274114375 0.299040634375 0.743348846875 0.299040634375 0.7810190875 0.3000018 0.8259336062499999 0.299040634375 0.8751946875 0.286545440625 0.891132096875 0.271166740625 0.9027229437500001 0.25867154375 0.905620653125 0.24809868750000003 0.9085183656250001 0.24137050625 0.927353484375 0.22599180625 0.930251196875 0.205807259375 0.9157626406249999 0.180816871875 0.9012740875 0.17408869062500001 0.857808425 0.176011028125 0.8186893312500001 0.1827392125 0.795507640625 0.1827392125 0.7737748125 0.1712051875 0.763632825 0.156787653125 0.757837403125 0.127952590625 0.7621839687499999 0.09335051562499999 0.7940587875 0.077010646875 0.827382459375 0.067398959375 0.8534618593750001 0.056826100000000004 0.895478665625 0.047214412500000004 0.927353484375 0.01934051875 0.96357486875 0 0.971592134375 0 1 0.037095856249999996 1
1 0.240625 0.828125 0.146875 0.1984375
1 0.021875 0.8359375 0.04375 0.25
1 0.1 0.7859375 0.0953125 0.2109375
1 0.309375 0.715625 0.0796875 0.1359375
3 0.034375 0.60625 0.06875 0.48125
3 0.25 0.634375 0.146875 0.434375
3 0.1171875 0.5921875 0.13125 0.44375
2 0.5296875 0.703125 0.221875 0.59375
2 0.9046875 0.8859375 0.184375 0.228125