1 0.0453125 0.025 0.040625 0.05
3 0.153125 0.35625 0.0796875 0.096875
3 0.215625 0.3375 0.0796875 0.1234375
3 0.090625 0.353125 0.0734375 0.1359375
2 0.49375 0.2625 0.3203125 0.29375
0 0.1046875 0.7078125 0.0796875 0.090625
1 0.034375 0.6984375 0.0484375 0.1171875
0 1 0.609962103125 0.969141475 0.60198439375 0.941000590625 0.598997534375 0.8738255718750001 0.5855566750000001 0.835699209375 0.578089534375 0.796665078125 0.5691289562499999 0.7794174375 0.563155240625 0.761262028125 0.5482209499999999 0.740006584375 0.5390625 0.6426906031249999 0.5390625 0.6178342875 0.560168384375 0.604217728125 0.60198439375 0.59332448125 0.6273726875000001 0.55519811875 0.631852971875 0.5370427125 0.63035954375 0.49982411875 0.624385828125 0.47440654374999996 0.610944965625 0.442634578125 0.613931825 0.41540146250000004 0.6184121124999999 0.39633828125 0.65574783125 0.385445034375 0.7005507 0.379090640625 0.7348995656249999 0.370012934375 0.75879443125 0.359119690625 0.787169578125 0.35367306875 0.805090725 0.342779821875 0.834959303125 0.3373332 0.84541330625 0.355488609375 0.846906734375 0.37092070625 0.834959303125 0.38362949375 0.81703815625 0.3927072 0.7797024375 0.3927072 0.75879443125 0.41721700312500004 0.7513272843750001 0.426294709375 0.739379853125 0.42901801875 0.709511275 0.422663628125 0.685616415625 0.4253869375 0.667695265625 0.42901801875 0.65425440625 0.458066675 0.65873469375 0.47168323437500004 0.666201834375 0.493469725 0.687109840625 0.5143484468749999 0.70204413125 0.522518384375 0.7050309875 0.54793595625 0.711004703125 0.57607684375 0.71697841875 0.59332448125 0.715484990625 0.613295434375 0.7005507 0.620557596875 0.6826295531250001 0.6314508437499999 0.652760975 0.6332663843749999 0.6333464 0.641436321875 0.6079581093749999 0.657776190625 0.584063246875 0.665038353125 0.5706223875 0.68954815625 0.5691289562499999 0.71042688125 0.582569815625 0.720412353125 0.6004909656249999 0.734936684375 0.62587925625 0.7458299312500001 0.643800403125 0.760354259375 0.6467872625 0.777601896875 0.6288661125 0.793941765625 0.6169186843750001 0.8184515687499999 0.610944965625 0.835699209375 0.612438396875 0.8547623906249999 0.6228924 0.86928671875 0.640813546875 0.8883499 0.664708409375 0.9028742281250001 0.684122984375 0.917398559375 0.7035375593750001 0.929199571875 0.71847185 0.9364617375 0.7244455624999999 0.9491705250000001 0.71847185 0.96823370625 0.7139915625000001 0.982758034375 0.71847185 0.987296884375 0.72593899375 1 0.7363883312499999 1 0.609962103125
1 0.953125 0.8265625 0.09375 0.225
1 0.83125 0.790625 0.159375 0.3171875
1 0.6890625 0.76875 0.1421875 0.3640625
1 0.5703125 0.825 0.0984375 0.246875
1 0.478125 0.7890625 0.09375 0.3046875
1 0.4 0.859375 0.0578125 0.240625
1 0.603125 0.971875 0.1015625 0.0546875
3 0.478125 0.796875 0.1140625 0.359375