5 0.18125 0.4015625 0.128125 0.0921875
5 0.21875 0.3125 0.1140625 0.128125
5 0.2515625 0.190625 0.1046875 0.0890625
5 0.33125 0.13125 0.1125 0.0703125
5 0.45625 0.0953125 0.0921875 0.096875
5 0.578125 0.109375 0.10625 0.0828125
5 0.703125 0.140625 0.1109375 0.075
5 0.7734375 0.209375 0.096875 0.090625
5 0.8125 0.33125 0.1390625 0.109375
5 0.8375 0.39375 0.121875 0.0890625
5 0.2015625 0.6375 0.0671875 0.0828125
5 0.190625 0.5625 0.078125 0.0765625
2 0.896875 0.5828125 0.05625 0.0828125
2 0.1328125 0.5671875 0.0671875 0.090625