5 0.575 0.509375 0.0265625 0.0578125
5 0.6078125 0.525 0.0265625 0.05625
5 0.6828125 0.525 0.0328125 0.071875
5 0.71875 0.4203125 0.03125 0.09375
5 0.6359375 0.36875 0.05 0.046875
5 0.565625 0.36875 0.0546875 0.06875
5 0.4375 0.39375 0.0265625 0.0515625
5 0.45625 0.478125 0.025 0.0625
5 0.490625 0.4875 0.0234375 0.08125
5 0.721875 0.5328125 0.025 0.0515625
1 0.4609375 0.346875 0.034375 0.05
1 0.53125 0.503125 0.034375 0.059375
5 0.53125 0.4203125 0.0359375 0.05625
5 0.6015625 0.4140625 0.0265625 0.0515625
5 0.6875 0.421875 0.0390625 0.065625
3 0.671875 0.49375 0.04375 0.084375
3 0.64375 0.509375 0.05 0.0859375
3 0.5984375 0.5015625 0.0546875 0.075
3 0.55 0.5 0.0609375 0.0859375
3 0.5125 0.484375 0.0484375 0.0953125
3 0.50625 0.4078125 0.046875 0.1171875
3 0.5625 0.4046875 0.0671875 0.103125
3 0.6390625 0.409375 0.0671875 0.1109375
3 0.690625 0.421875 0.0453125 0.0921875
0 0.4859375 0.3625 0.134375 0.0796875
0 0.575 0.546875 0.2640625 0.0671875
0 0.696875 0.515625 0.04375 0.1046875