1 0.0125 0.4375 0.0234375 0.025
1 0.05625 0.428125 0.04375 0.0421875
1 0.15 0.41875 0.05625 0.0609375
3 0.1484375 0.4 0.046875 0.1
0 0.5232843125 0 0.5078635625000001 0.023131128125 0.5170547375 0.0736826 0.519097221875 0.078278184375 0.535437090625 0.076746321875 0.54769199375 0.046109068749999996 0.5640318625 0.041513478124999996 0.576286765625 0.04917279375 0.582414215625 0.070618871875 0.586499184375 0.07981005 0.5967116 0.095128678125 0.6048815375000001 0.0966605375 0.608966503125 0.09206495 0.6171364374999999 0.067555146875 0.6263276125 0.05683210625 0.640625 0.052236521875 0.651858659375 0.052236521875 0.66309231875 0.064491421875 0.6794321875 0.076746321875 0.68351715625 0.08440563749999999 0.691687090625 0.08746936250000001 0.698835784375 0.08746936250000001 0.70394199375 0.08440563749999999 0.7100694437499999 0.0736826 0.7264093125 0.041513478124999996 0.735600490625 0.026194853125 0.743770425 0.015471815625 0.75704656875 0.0078125 0.7713439531249999 0.004748775 0.78359885625 0.004748775 0.798917484375 0.018535540625 0.81015114375 0.03691789375 0.8224060468750001 0.05530024375 0.831597221875 0.0752144625 0.8428308812499999 0.0905330875 0.8499795750000001 0.095128678125 0.8663194437499999 0.0813419125 0.882659315625 0.059895834375 0.89287173125 0.04917279375 0.9112540843750001 0.039981618749999996 0.9357638875 0.035386028125 0.955167484375 0.041513478124999996 0.9612949343749999 0.064491421875 0.968443628125 0.0859375 0.975592321875 0.093596815625 0.98988970625 0.0905330875 1 0.0845752375 1 0.014112284375 0.9827410125 0.010876225 0.9634055 0 0.9010124875000001 0 0.894914215625 0.001685046875 0.862234475 0.020067403125 0.855085784375 0.020067403125 0.837724671875 0.0093443625 0.8301408406249999 0 0.705780228125 0 0.702920753125 0.013939950000000001 0.70087826875 0.026194853125 0.672283496875 0.017003678124999998 0.65083741875 0.010876225 0.6344975500000001 0.0093443625 0.60386029375 0.004748775 0.582414215625 0.0062806375 0.567236009375 0 0.5232843125 0
0 1 0.28336396875 0.99601715625 0.288143384375 0.9909109468749999 0.3095894625 0.987847221875 0.32337622499999996 0.97763480625 0.335631128125 0.9592524499999999 0.337162990625 0.9490400343750001 0.3310355375 0.9357638875 0.308057596875 0.92861519375 0.28354779375 0.921466503125 0.260569853125 0.9071691187500001 0.262101715625 0.90308415 0.28507965625 0.8959354562499999 0.314185046875 0.89287173125 0.338694853125 0.8704044124999999 0.33409926562500003 0.8540645437500001 0.3187806375 0.8387459156249999 0.30652573437499997 0.83363970625 0.295802696875 0.8009599656249999 0.3157169125 0.787683821875 0.33409926562500003 0.779513890625 0.3218443625 0.7703227125 0.30652573437499997 0.75704656875 0.27742034375 0.74479166875 0.266697303125 0.7233455875 0.28201593125 0.705984475 0.3157169125 0.698835784375 0.311121325 0.688623365625 0.29120710625 0.6763684624999999 0.26976103125 0.662071078125 0.2529105375 0.642667484375 0.266697303125 0.635518790625 0.28507965625 0.625306371875 0.300398284375 0.60998774375 0.312653184375 0.60079656875 0.3203125 0.589562909375 0.3157169125 0.5854779406249999 0.28354779375 0.5854779406249999 0.268229165625 0.5834354562499999 0.251378675 0.568116828125 0.262101715625 0.5609681375 0.28967524375 0.5548406875 0.301930146875 0.546670753125 0.301930146875 0.537479575 0.298866421875 0.5201184624999999 0.31724877500000004 0.52420343125 0.340226715625 0.5395220593750001 0.36167279375 0.549734475 0.37086396875 0.5640318625 0.373927696875 0.5967116 0.386182596875 0.606924021875 0.386182596875 0.63041258125 0.35094975625 0.648794934375 0.332567403125 0.669219771875 0.329503675 0.686580884375 0.344822303125 0.69270833125 0.364736521875 0.7090482031249999 0.381587009375 0.7233455875 0.380055146875 0.732536765625 0.352481615625 0.748876634375 0.341758578125 0.7713439531249999 0.352481615625 0.7703227125 0.381587009375 0.789726309375 0.386182596875 0.8050449343749999 0.381587009375 0.81321486875 0.373927696875 0.825469771875 0.36167279375 0.8367034312499999 0.34941789375 0.85100081875 0.37086396875 0.861213234375 0.386182596875 0.8683619281249999 0.3877144625 0.8795955875000001 0.3877144625 0.887765525 0.383118871875 0.90206290625 0.364736521875 0.9132965687500001 0.35707720625 0.9327001625 0.35707720625 0.953125 0.366268384375 0.97763480625 0.373927696875 0.997038396875 0.376991421875 1 0.3876531875 1 0.28336396875
4 0.4984375 0.103125 0.075 0.1171875
4 0.559375 0.09375 0.075 0.15
4 0.4375 0.046875 0.0671875 0.09375
4 0.68125 0.15 0.090625 0.134375
4 0.834375 0.278125 0.0625 0.10625
4 0.7421875 0.271875 0.0625 0.078125
1 0.071875 0.45625 0.0734375 0.0109375
1 0.01875 0.4625 0.0375 0.025
5 0.0265625 0.4640625 0.053125 0.028125
5 0.09375 0.4546875 0.06875 0.009375
3 0.84375 0.840625 0.0890625 0.1125
3 0.9796875 0.7796875 0.040625 0.134375
3 0.928125 0.7984375 0.103125 0.11875