1 0.04375 0.4859375 0.0640625 0.028125
2 0.3703125 0.15 0.078125 0.096875
2 0.80625 0.20625 0.0515625 0.0984375
3 0.9921875 0.4328125 0.015625 0.128125
3 0.9484375 0.4203125 0.078125 0.1125
3 0.903125 0.39375 0.0671875 0.1265625
2 0.3265625 0.6875 0.0515625 0.06875
0 0.61826418125 0.50332201875 0.60642360625 0.5 0.5247038374999999 0.5 0.5564061031249999 0.5225326375 0.5785816406250001 0.60286795 0.586751575 0.643035603125 0.6054257125 0.588896590625 0.6100942468749999 0.543489675 0.65094391875 0.510307696875 0.6952949937499999 0.505068440625 0.6952949937499999 0.5 0.62159434375 0.5 0.61826418125 0.50332201875
0 0.41635008124999995 0.98074954375 0.46536968749999996 0.992974478125 0.47237249062500003 0.9423283031249999 0.42802141875000005 0.9335962062500001 0.42802141875000005 0.874217928125 0.42685428124999997 0.835796696875 0.41284868125 0.835796696875 0.409375 0.846592090625 0.409375 0.98038964375 0.41635008124999995 0.98074954375
0 0.48188652187500003 1 0.5062193625 0.987080315625 0.5564061031249999 0.992319571875 0.575080240625 0.987080315625 0.5564061031249999 0.941673396875 0.5342305656249999 0.9119842625000001 0.523726365625 0.82466326875 0.5050522281250001 0.8316489468749999 0.491046628125 0.901505740625 0.473539625 0.959137596875 0.470505359375 1 0.48188652187500003 1
0 0.85154070625 1 0.890206290625 0.9940659937499999 0.873866421875 0.971362534375 0.838852415625 0.922462778125 0.8248468156250001 0.8788022812499999 0.809674078125 0.82291685 0.793334209375 0.82117043125 0.78633140625 0.8770558625 0.7781614718750001 0.9277020374999999 0.752484534375 0.96437685625 0.73614466875 0.9364341375 0.718637665625 0.8788022812499999 0.70579919375 0.83339536875 0.69179359375 0.828156109375 0.68362365625 0.8875343843750001 0.6637823875 0.9364341375 0.63343691875 0.93119488125 0.6194313124999999 0.8805487031249999 0.614762778125 0.83339536875 0.60309144375 0.819424009375 0.594921509375 0.8857879625 0.586751575 0.918969940625 0.571578840625 0.941673396875 0.57391310625 0.9800946343750001 0.613595646875 0.992319571875 0.638105453125 0.987080315625 0.69179359375 0.974855375 0.7548188 0.9975588312499999 0.81762900625 1 0.85154070625 1
0 0.8621950843749999 0.63430350625 0.877367821875 0.6150928875 0.88903915625 0.581910909375 0.908880428125 0.560953871875 0.9240531656250001 0.53650399375 0.9298888312500001 0.50681485625 0.9202107843749999 0.5 0.7059211750000001 0.5 0.712801996875 0.53650399375 0.7338104000000001 0.58540375 0.745481734375 0.6238249875 0.757153071875 0.60112153125 0.773492940625 0.55746103125 0.806172678125 0.534757575 0.8190111468750001 0.527771896875 0.8493566187500001 0.560953871875 0.861027953125 0.58540375 0.8621950843749999 0.63430350625