0 0.81865620625 0 0.8251370625 0.002394134375 0.835456978125 0.01721993125 0.85179685 0.043906362500000004 0.862116765625 0.08838375625 0.8810366125 0.12693083125 0.8810366125 0.14916952187500002 0.9033964343750001 0.138791465625 0.917156325 0.09134891875 0.940376140625 0.063179903125 0.9653159375 0.040941209374999996 0.9850957812500001 0.043906362500000004 1 0.07204745 1 0 0.81865620625 0
1 0.5546875 0.0765625 0.05 0.153125
1 0.6640625 0.090625 0.121875 0.18125
1 0.809375 0.09375 0.121875 0.1859375
1 0.946875 0.103125 0.10625 0.184375
1 0.8640625 0.40625 0.078125 0.1078125
1 0.778125 0.3953125 0.1046875 0.128125
5 0.9109375 0.4 0.084375 0.11875
5 0.8015625 0.3921875 0.096875 0.134375
5 0.8796875 0.259375 0.059375 0.140625
2 0.328125 0.7 0.203125 0.48125
2 0.06875 0.64375 0.1375 0.3703125
2 0.9375 0.721875 0.06875 0.1625
1 0.8421875 0.7796875 0.053125 0.1765625
2 0.790625 0.55 0.0421875 0.140625
5 0.8859375 0.58125 0.059375 0.1328125