3 0.2953125 0.14375 0.046875 0.0765625
3 0.14375 0.1578125 0.0703125 0.05
3 0.140625 0.1 0.0484375 0.0515625
5 0.609375 0.30625 0.03125 0.040625
5 0.478125 0.3265625 0.0234375 0.0453125
5 0.4765625 0.246875 0.0234375 0.0578125
5 0.71875 0.2875 0.0234375 0.0421875
5 0.678125 0.290625 0.025 0.0390625
5 0.65 0.3015625 0.0296875 0.046875
1 0.759375 0.2203125 0.0234375 0.046875
4 0.625 0.2328125 0.0203125 0.046875
4 0.559375 0.228125 0.040625 0.06875
4 0.4625 0.23125 0.0078125 0.0453125
4 0.559375 0.3015625 0.034375 0.04375
4 0.6828125 0.2375 0.0203125 0.0515625
0 0.149897875 0.62604166875 0.165216503125 0.60612745 0.178492646875 0.6045955875 0.20402369375 0.622977940625 0.2264910125 0.644424021875 0.244873365625 0.667401959375 0.248958334375 0.645955884375 0.244873365625 0.612254903125 0.243852125 0.578553921875 0.243852125 0.532598040625 0.242830884375 0.505024509375 0.256107028125 0.489705884375 0.26938316875 0.500428921875 0.287765525 0.5295343124999999 0.301041665625 0.555575978125 0.3204452625 0.5770220593750001 0.335763890625 0.5954044125 0.359252453125 0.621446078125 0.36946486875 0.6245098062500001 0.375592321875 0.6015318625 0.3766135625 0.5647671562500001 0.38682597812499997 0.55098039375 0.39499591562499997 0.540257353125 0.41031454375000004 0.535661765625 0.428696896875 0.5417892156249999 0.447079246875 0.56936274375 0.45933415 0.6015318625 0.459375 0.60165998125 0.459375 0.451854946875 0.427675653125 0.44375 0.407883984375 0.4390625 0.23742851250000002 0.4390625 0.190747546875 0.459068628125 0.158067809375 0.5034926468750001 0.128451796875 0.535661765625 0.109048203125 0.554044115625 0.0967933 0.6045955875 0.099857025 0.62604166875 0.1141544125 0.6428921562500001 0.13049428125 0.65055146875 0.149897875 0.664338234375 0.149897875 0.62604166875
0 0.459375 1 0.459375 0.952941175 0.43584558749999996 0.9676470593750001 0.40418709062499997 0.96611519375 0.388868465625 0.94313725625 0.37967728749999996 0.923223040625 0.368443628125 0.8971813718750001 0.364358659375 0.878799021875 0.353125 0.8864583343750001 0.34801879062499996 0.901776959375 0.34189134062500004 0.9109681374999999 0.3296364375 0.94007353125 0.314317809375 0.94007353125 0.29899918125 0.973774509375 0.28061683125000003 0.9477328437500001 0.2765318625 0.9324142156249999 0.26631944375 0.898713234375 0.2642769625 0.868075978125 0.26938316875 0.8542892156249999 0.26019199375 0.8251838250000001 0.244873365625 0.84050245 0.228533496875 0.86194853125 0.216278596875 0.8711397062499999 0.19483251562499998 0.878799021875 0.1733864375 0.88492646875 0.16828022812500001 0.86194853125 0.15908905 0.8527573531250001 0.141727940625 0.8466298999999999 0.12028186249999999 0.86501225625 0.10394199374999999 0.88186274375 0.08351715625 0.8895220593750001 0.051858659375000005 0.8711397062499999 0.025306371875 0.8588848062500001 0.011008987500000001 0.86194853125 0.005902778125 0.9079044125 0.006924018749999999 0.935477940625 0.015093953125 0.96611519375 0.034497546875 0.970710784375 0.061049834375 0.96305146875 0.10394199374999999 0.9645833343750001 0.134579246875 0.96611519375 0.165216503125 0.972242646875 0.21015114375000002 0.990625 0.22890114375 1 0.459375 1
5 0.4359375 0.678125 0.046875 0.1296875
3 0.40625 0.8484375 0.10625 0.20625
0 0.7550857843750001 0.570121246875 0.738745915625 0.6134237875 0.7152573531249999 0.655282909375 0.7152573531249999 0.69858545 0.75406454375 0.720236721875 0.81023284375 0.7375577375 0.8408701000000001 0.720236721875 0.8725285968750001 0.688481525 0.88376225625 0.6740473437500001 0.8888684625 0.6119803687500001 0.8725285968750001 0.5744515 0.852103759375 0.557130484375 0.851082515625 0.5888856812500001 0.853125 0.61775404375 0.8408701000000001 0.6495092375 0.8327001624999999 0.66394341875 0.815339053125 0.668273671875 0.79593545625 0.6480658218750001 0.78368055625 0.61486720625 0.768361928125 0.57589491875 0.7550857843750001 0.570121246875
5 0.5984375 0.475 0.059375 0.071875
3 0.775 0.4625 0.10625 0.046875
3 0.80625 0.5578125 0.1109375 0.2375
0 0.58125 0.6625 0.2171875 0.2546875