1 0.065625 0.1046875 0.0375 0.0515625
1 0.19375 0.3015625 0.028125 0.090625
1 0.165625 0.29375 0.01875 0.0796875
1 0.14375 0.2734375 0.025 0.0609375
1 0.1203125 0.2765625 0.0234375 0.065625
1 0.096875 0.29375 0.025 0.0703125
1 0.06875 0.2828125 0.021875 0.0703125
1 0.046875 0.2671875 0.01875 0.053125
0 0.121875 0.325 0.1671875 0.059375
3 0.0546875 0.125 0.04375 0.10625
3 0.078125 0.146875 0.046875 0.084375
3 0.221875 0.271875 0.0359375 0.0984375
4 0.2125 0.146875 0.025 0.0453125
4 0.1828125 0.159375 0.0171875 0.0390625
4 0.1 0.1453125 0.021875 0.046875
1 0.9796875 0.5796875 0.040625 0.071875