3 0.1375 0.2 0.11875 0.1546875
2 0.4359375 0.3796875 0.0796875 0.071875
2 0.45625 0.4453125 0.084375 0.0921875
2 0.0234375 0.525 0.046875 0.06875
2 0.05625 0.3375 0.075 0.09375
2 0.025 0.4203125 0.05 0.08125
2 0.803125 0.14375 0.059375 0.08125
1 0.734375 0.403125 0.03125 0.0875
1 0.4515625 0.91875 0.0671875 0.0625
1 0.371875 0.9625 0.0375 0.0734375
1 0.5046875 0.9765625 0.021875 0.046875
4 0.3703125 0.9671875 0.034375 0.065625
4 0.521875 0.9796875 0.0140625 0.040625
4 0.34375 0.990625 0.0234375 0.01875
5 0.4546875 0.9578125 0.053125 0.084375
5 0.5015625 0.990625 0.034375 0.01875
0 0.4515625 0.934375 0.1546875 0.0859375