2 0.659375 0.421875 0.0234375 0.0375
1 0.4875 0.434375 0.0265625 0.0421875
3 0.6484375 0.5375 0.034375 0.0796875
3 0.6203125 0.528125 0.034375 0.0703125
3 0.5953125 0.534375 0.0359375 0.0671875
3 0.56875 0.540625 0.034375 0.065625
3 0.54375 0.53125 0.0421875 0.0734375
3 0.509375 0.5375 0.034375 0.0734375
4 0.6609375 0.55 0.028125 0.0359375
4 0.61875 0.55 0.03125 0.0359375
4 0.5328125 0.4328125 0.0203125 0.040625
5 0.58125 0.4375 0.0234375 0.0484375
5 0.48125 0.5390625 0.0296875 0.0421875
5 0.5390625 0.534375 0.0328125 0.05625