5 0.028125 0.275 0.0359375 0.0546875
5 0.0046875 0.271875 0.009375 0.034375
5 0.13125 0.26875 0.03125 0.0515625
4 0.1625 0.2 0.0203125 0.040625
4 0.103125 0.2078125 0.03125 0.0515625
4 0.084375 0.2625 0.0328125 0.053125
4 0.1625 0.278125 0.0203125 0.0421875
4 0.19375 0.284375 0.01875 0.0421875
0 0.0875 0.278125 0.025 0.040625
0 0.5329452625 0.216819853125 0.5554125812499999 0.222947303125 0.568688725 0.23826593125 0.577879903125 0.267371325 0.584007353125 0.282689953125 0.5891135625 0.30566789375000003 0.59319853125 0.31945465624999997 0.5983047375 0.31945465624999997 0.6054534312500001 0.279626225 0.611580884375 0.2658394625 0.613623365625 0.253584559375 0.619750815625 0.24745710625 0.629963234375 0.23520220625000002 0.641196896875 0.22601103125000002 0.654473040625 0.219883578125 0.673876634375 0.213756128125 0.6820465687499999 0.213756128125 0.6983864375 0.22907475625 0.7096200968749999 0.24745710625 0.714726309375 0.270435046875 0.718811275 0.273498775 0.73208741875 0.2719669125 0.73821486875 0.250520834375 0.74434231875 0.24132965624999997 0.7433210781249999 0.22447916562499998 0.7361723875 0.216819853125 0.7075776125 0.20150122499999998 0.654473040625 0.173927696875 0.624857028125 0.166268384375 0.5952410125 0.16473651875 0.5574550656249999 0.173927696875 0.54111519375 0.173927696875 0.510477940625 0.17239583125 0.4890625 0.1850956875 0.4890625 0.266490503125 0.49618055625 0.23979779375 0.507414215625 0.222947303125 0.520690359375 0.216819853125 0.5329452625 0.216819853125
3 0.540625 0.309375 0.103125 0.2015625
3 0.7765625 0.3140625 0.109375 0.190625
3 0.859375 0.2671875 0.103125 0.2234375
2 0.4671875 0.78125 0.04375 0.0734375
2 0.10625 0.5265625 0.046875 0.0546875
2 0.065625 0.60625 0.046875 0.065625
2 0.075 0.71875 0.0609375 0.059375
2 0.4734375 0.45 0.03125 0.0515625
4 0.134375 0.465625 0.075 0.0765625
4 0.428125 0.45 0.0546875 0.05625
4 0.4453125 0.5296875 0.0875 0.0859375
4 0.084375 0.7046875 0.059375 0.1015625
4 0.1 0.609375 0.04375 0.0671875
4 0.125 0.53125 0.0484375 0.071875
3 0.15 0.41875 0.0984375 0.0203125
3 0.41875 0.421875 0.0671875 0.025
3 0.0359375 0.76875 0.0703125 0.0828125
3 0.03125 0.81875 0.0578125 0.06875
2 0.440625 0.71875 0.059375 0.071875
4 0.4453125 0.61875 0.0875 0.0921875
2 0.596875 0.73125 0.103125 0.240625
2 0.9234375 0.64375 0.1515625 0.2078125
2 0.74375 0.725 0.1265625 0.1890625