3 0.490625 0.88125 0.0375 0.2375
3 0.4421875 0.8640625 0.103125 0.271875
5 0.846875 0.5828125 0.025 0.0359375
5 0.809375 0.59375 0.0171875 0.0265625
5 0.775 0.584375 0.01875 0.034375
3 0.753125 0.56875 0.0421875 0.0515625
3 0.828125 0.578125 0.0390625 0.046875
3 0.9 0.56875 0.040625 0.040625
3 0.790625 0.578125 0.04375 0.05
5 0.834375 0.521875 0.0234375 0.0421875
5 0.89375 0.5234375 0.0203125 0.03125
4 0.9171875 0.509375 0.03125 0.0359375
4 0.9453125 0.509375 0.0234375 0.03125
4 0.765625 0.515625 0.0328125 0.05