4 0.4125 0.2 0.0390625 0.046875
4 0.3828125 0.2046875 0.0359375 0.0375
4 0.44375 0.2078125 0.0328125 0.0390625
4 0.4828125 0.196875 0.028125 0.0390625
3 0.484375 0.184375 0.04375 0.0609375
3 0.4484375 0.1875 0.0421875 0.059375
3 0.4125 0.190625 0.0484375 0.0703125
3 0.371875 0.1875 0.0484375 0.0609375
3 0.5125 0.175 0.04375 0.071875
3 0.5390625 0.1640625 0.021875 0.065625
3 0.803125 0.275 0.0828125 0.1421875
3 0.5625 0.40625 0.0265625 0.0953125
3 0.75625 0.4125 0.059375 0.096875
3 0.703125 0.4171875 0.0546875 0.109375
3 0.5828125 0.303125 0.065625 0.14375
5 0.60625 0.871875 0.1125 0.1421875
5 0.7390625 0.875 0.1 0.1484375
5 0.94375 0.88125 0.1125 0.1375
5 0.8375 0.8890625 0.103125 0.1328125