1 0.3140625 0.428125 0.0671875 0.0984375
1 0.375 0.40625 0.0671875 0.10625
1 0.434375 0.4125 0.06875 0.1015625
1 0.246875 0.4078125 0.053125 0.071875
1 0.1890625 0.390625 0.046875 0.1
1 0.3046875 0.3109375 0.09375 0.06875
1 0.4109375 0.31875 0.096875 0.05625
5 0.0203125 0.528125 0.040625 0.078125
5 0.015625 0.609375 0.0296875 0.06875
5 0.01875 0.6578125 0.0375 0.090625
2 0.76875 0.684375 0.05625 0.08125
3 0.8265625 0.684375 0.109375 0.140625
3 0.83125 0.790625 0.0640625 0.0671875
3 0.78125 0.759375 0.0671875 0.053125
3 0.68125 0.675 0.065625 0.125