2 0.18125 0.61875 0.0953125 0.1109375
2 0.871875 0.5953125 0.08125 0.0953125
5 0.76875 0.26875 0.071875 0.1109375
5 0.6 0.1375 0.065625 0.0875
5 0.30625 0.2265625 0.0765625 0.06875
5 0.2828125 0.3109375 0.0703125 0.075
5 0.278125 0.40625 0.0609375 0.06875
5 0.259375 0.49375 0.06875 0.0984375
5 0.803125 0.54375 0.06875 0.1
5 0.784375 0.4375 0.0515625 0.0953125
5 0.771875 0.309375 0.078125 0.084375
5 0.80625 0.6734375 0.05 0.0734375
1 0.184375 0.49375 0.1 0.140625
1 0.228125 0.325 0.115625 0.121875