5 0.253125 0.2796875 0.059375 0.034375
0 0.686616625 0 0.687316178125 0.0041973062499999995 0.693443628125 0.036366421875 0.695486109375 0.051685049999999996 0.7046772875 0.08844975625 0.7220384 0.065471815625 0.753696896875 0.067003678125 0.78229166875 0.08844975625 0.7904616 0.09457720625 0.799652778125 0.08691789375 0.8139501625 0.091513478125 0.8180351312499999 0.056280637499999994 0.841523690625 0.036366421875 0.8823733656250001 0.036366421875 0.9079044125 0.040962009375000004 0.9211805562500001 0.05015318437500001 0.931392971875 0.0685355375 0.937520425 0.08844975625 0.9426266343749999 0.10836397187499999 0.9497753281250001 0.128278184375 0.96305146875 0.151256128125 0.9640727124999999 0.14972426249999998 0.9773488562500001 0.11295955937499999 0.9804125812500001 0.0578125 0.9957312093749999 0.037898284375 1 0.034239321875 1 0 0.686616625 0
2 0.5875 0.1390625 0.0484375 0.09375
4 0.9375 0.2828125 0.0671875 0.071875
4 0.84375 0.2875 0.059375 0.0609375
2 0.33125 0.3703125 0.2453125 0.103125
2 0.2 0.7125 0.3 0.1546875
2 0.140625 0.9703125 0.1625 0.059375
2 0.284375 0.484375 0.2625 0.18125
0 1 0.553852303125 0.980055146875 0.6058823531249999 0.946354165625 0.578308821875 0.9279718156250001 0.5139705875 0.891207109375 0.50324755 0.8595486125 0.512438725 0.875888478125 0.55686274375 0.904483253125 0.578308821875 0.9218443625000001 0.63651960625 0.933078025 0.653370096875 0.9514603781250001 0.647242646875 0.9851613562500001 0.647242646875 1 0.61624048125 1 0.553852303125
0 0.7655943625 0.530821078125 0.736999590625 0.53541666875 0.730872140625 0.56145833125 0.7594669125 0.607414215625 0.779891746875 0.6579656875000001 0.795210375 0.699325978125 0.81155024375 0.697794115625 0.8258476312499999 0.656433821875 0.8421875 0.601286765625 0.875888478125 0.55992646875 0.8626123375000001 0.526225490625 0.849336190625 0.51550245 0.8319750812500001 0.55839460625 0.816656453125 0.5859681375 0.789082925 0.570649509375 0.7655943625 0.530821078125
0 0.711468546875 0.991911765625 0.745169528125 0.981188725 0.7717218124999999 0.998039215625 0.776828025 0.978125 0.75538194375 0.9398284312499999 0.750275734375 0.8969362750000001 0.732914625 0.910723040625 0.723723446875 0.9490196093750001 0.711468546875 0.991911765625
3 0.9546875 0.703125 0.0703125 0.1140625
3 0.9578125 0.890625 0.084375 0.1953125
3 0.64375 0.71875 0.0640625 0.153125
3 0.559375 0.665625 0.0796875 0.196875