4 0.028125 0.140625 0.028125 0.04375
4 0.0046875 0.065625 0.009375 0.046875
2 0.93125 0.1703125 0.071875 0.0546875
2 0.11875 0.678125 0.2375 0.2875
0 1 0.697737021875 0.9795138874999999 0.6879595593750001 0.9866625812500001 0.689491421875 0.93662173125 0.646599265625 0.8630923218750001 0.629748775 0.8140727125 0.6389399499999999 0.766074346875 0.6389399499999999 0.712969771875 0.629748775 0.64761029375 0.6220894593749999 0.5985906875 0.6374080875 0.57101715625 0.6389399499999999 0.543443628125 0.645067403125 0.5362949343750001 0.66191789375 0.55876225625 0.664981615625 0.57101715625 0.6879595593750001 0.579187090625 0.730851715625 0.587357028125 0.74617034375 0.59450571875 0.743106615625 0.608803103125 0.7170649499999999 0.62105800625 0.697150734375 0.6333129093750001 0.698682596875 0.65373774375 0.707873775 0.6629289218750001 0.7216605406250001 0.67416258125 0.75382965625 0.689481209375 0.770680146875 0.691523690625 0.770680146875 0.699693628125 0.74617034375 0.7078635625 0.732383578125 0.7201184625 0.714001225 0.72726715625 0.7002144593749999 0.742585784375 0.698682596875 0.7609681375 0.7002144593749999 0.772201796875 0.7170649499999999 0.785477940625 0.7385110312500001 0.79160539375 0.769148284375 0.80079656875 0.7814031875 0.8048815375 0.7829350500000001 0.81611519375 0.773743871875 0.818157678125 0.75229779375 0.8334763093750001 0.730851715625 0.841646240625 0.7170649499999999 0.84675245 0.7032781875 0.8579861125000001 0.694087009375 0.866156046875 0.691023284375 0.88045343125 0.7032781875 0.8876021218749999 0.7063419125 0.8947508187500001 0.7170649499999999 0.901899509375 0.727787990625 0.90700571875 0.7385110312500001 0.91006944375 0.74770220625 0.9151756531249999 0.75995710625 0.9213031062500001 0.772212009375 0.925388071875 0.785998775 0.93049428125 0.7890625 0.935600490625 0.785998775 0.9468341499999999 0.776807596875 0.9580678125000001 0.7660845593750001 0.9672589875 0.74617034375 0.97236519375 0.729319853125 0.9764501624999999 0.7385110312500001 0.9805351312499999 0.75076593125 0.9897263093750001 0.76455269375 0.992790034375 0.7997855406250001 1 0.797081803125 1 0.697737021875
3 0.5875 0.93125 0.0859375 0.1375
3 0.6484375 0.9359375 0.053125 0.128125
2 0.4203125 0.8 0.065625 0.0859375
4 0.9375 0.84375 0.0734375 0.1375
4 0.59375 0.7828125 0.0484375 0.1046875
5 0.803125 0.828125 0.0671875 0.1140625