5 0.76875 0.40625 0.0375 0.0703125
5 0.825 0.415625 0.0515625 0.103125
5 0.684375 0.478125 0.0453125 0.0421875
0 0.41875 1 0.41875 0.9889561812500001 0.41482002187499994 0.9927065562499999 0.404247165625 0.9882614562500001 0.41482002187499994 0.95121893125 0.41875 0.949314890625 0.41875 0.723694490625 0.41866469375 0.723036978125 0.40520833125 0.730445484375 0.392713140625 0.771933109375 0.39175196875 0.80749393125 0.36676158124999997 0.8237926468750001 0.355227559375 0.8578717656249999 0.35138288125 0.8978776937499999 0.34177119375 0.94973723125 0.3235089875 0.9704810437500001 0.30909145625 0.954182334375 0.31581963750000003 0.9082496000000001 0.311013790625 0.853426665625 0.290829246875 0.834164553125 0.27160587187499996 0.8000854281249999 0.254304834375 0.791195221875 0.240848471875 0.80156713125 0.22643093749999998 0.837127953125 0.212974578125 0.87417048125 0.199518215625 0.890469190625 0.192790034375 0.9275117125 0.1802948375 0.9660359406250001 0.176622796875 1 0.27133524375 1 0.278334053125 0.983816353125 0.29211296249999996 1 0.41875 1
2 0.05625 0.678125 0.1125 0.25625
2 0.20625 0.653125 0.146875 0.146875
0 0.165625 0.9125 0.0984375 0.1625
0 0.3375 0.896875 0.0734375 0.1109375
5 0.3390625 0.6359375 0.1375 0.23125
0 0.549631996875 0.92871254375 0.596929296875 0.9389945656249999 0.625886825 0.931650265625 0.633608834375 0.896397621875 0.6567748531250001 0.872895859375 0.705037403125 0.89052218125 0.728203425 0.9037419218749999 0.7523347 0.859676115625 0.7455779437500001 0.815610309375 0.734960184375 0.762731346875 0.7156551624999999 0.748042746875 0.7011764 0.795046271875 0.697315396875 0.8302989125 0.678975628125 0.8626138375 0.6500181 0.861144978125 0.642296090625 0.822954615625 0.630713078125 0.795046271875 0.61913006875 0.759793625 0.606581803125 0.774482228125 0.585346284375 0.80385943125 0.56990226875 0.8170791718749999 0.548666746875 0.81854803125 0.5380489875000001 0.8009217124999999 0.5187439687500001 0.7730133625 0.49943894687499996 0.7186655375 0.489786440625 0.6981015 0.47627292499999996 0.749511603125 0.4646899125 0.7906396906250001 0.44345439375 0.806797153125 0.42704512499999997 0.787701965625 0.41875 0.7696690875 0.41875 0.8519023125 0.430906128125 0.8743647187500001 0.46372466250000005 0.880240159375 0.5081262093750001 0.9052107812499999 0.549631996875 0.92871254375
1 0.7875 0.8765625 0.0796875 0.140625
1 0.903125 0.88125 0.06875 0.15625
1 0.66875 0.878125 0.0828125 0.11875
5 0.7203125 0.696875 0.0515625 0.121875
5 0.85 0.7125 0.04375 0.1421875