0 1 0.1155625375 0.998034678125 0.11605996249999999 0.988049203125 0.11605996249999999 0.968986021875 0.11157967499999999 0.9453839875 0.10560595937499999 0.92359749375 0.10859281875 0.9172431 0.13099425 0.91361201875 0.160862828125 0.9027187718749999 0.1937182625 0.89545660625 0.19819855 0.8818400499999999 0.21014598437499998 0.8745778874999999 0.21462626875000002 0.8627768687499999 0.20267884062500002 0.850068084375 0.1728102625 0.844621459375 0.150408825 0.8246505093750001 0.129500821875 0.815572803125 0.11157967499999999 0.8028640156250001 0.1070993875 0.7847086062499999 0.1070993875 0.770184278125 0.1070993875 0.760198803125 0.098138815625 0.75565995 0.0876848125 0.73659676875 0.0697636625 0.7238879781249999 0.0697636625 0.70664034375 0.08619138125 0.696654865625 0.102619103125 0.68848493125 0.11456653125 0.683946078125 0.12203367812499999 0.6676062093749999 0.123527103125 0.6676062093749999 0.102619103125 0.6676062093749999 0.08917824375 0.6657906687499999 0.07125709375 0.654897421875 0.062296521875 0.6467274875 0.0697636625 0.63583424375 0.081711096875 0.628572078125 0.093658525 0.621309915625 0.102619103125 0.60950889375 0.11157967499999999 0.604062271875 0.07424395 0.604062271875 0.05184251875 0.5958923375 0.060803090625 0.591353484375 0.06677680625 0.58318355 0.072750521875 0.56412036875 0.078724240625 0.5604892875 0.07424395 0.5650281406250001 0.0503490875 0.5632126000000001 0.023467368750000002 0.558673746875 0.029441084375 0.5477805 0.039895087499999995 0.537795025 0.05184251875 0.5250862374999999 0.063789946875 0.51237745 0.06677680625 0.509375 0.081595359375 0.509375 0.092021825 0.5151007625 0.102619103125 0.522362928125 0.10859281875 0.539610565625 0.119046821875 0.5577659781250001 0.129500821875 0.570474765625 0.139954821875 0.58227578125 0.150408825 0.591353484375 0.160862828125 0.5986156499999999 0.162356259375 0.6267565375 0.15190225625 0.644911946875 0.1638496875 0.6657906687499999 0.1728102625 0.68576161875 0.184757690625 0.70119371875 0.1937182625 0.712086965625 0.180277403125 0.72661129375 0.162356259375 0.744766703125 0.1728102625 0.771092046875 0.178783978125 0.7974173906249999 0.189237978125 0.8237427374999999 0.21163940937499998 0.8391748375000001 0.220599984375 0.851327159375 0.2296875 0.904022559375 0.2296875 0.9108887093750001 0.21462626875000002 0.9154275625 0.189237978125 0.92087418125 0.18625111875 0.9453839875 0.196705121875 0.9508306093750001 0.20267884062500002 0.972617103125 0.1937182625 0.994403596875 0.17729054375 1 0.175124196875 1 0.1155625375
1 0.703125 0.06875 0.0890625 0.1359375
1 0.790625 0.0625 0.1015625 0.125
1 0.8796875 0.084375 0.1125 0.1671875
1 0.9640625 0.071875 0.071875 0.14375
0 0.478894534375 0.780990109375 0.455826484375 0.780990109375 0.43564194062499995 0.7636038468749999 0.43179726562500004 0.7447687281250001 0.42122440625 0.720138184375 0.414496225 0.717240475 0.4048845375 0.752013003125 0.39815635625 0.780990109375 0.38854466875 0.807069509375 0.37701064375 0.8172114968749999 0.360670775 0.8201092062500001 0.347214415625 0.8027229437500001 0.33375805000000003 0.767950415625 0.33375805000000003 0.73607559375 0.3126123375 0.72883131875 0.291466621875 0.7549107125 0.279932596875 0.76939926875 0.270320909375 0.773745834375 0.25878688437499997 0.75635956875 0.24917519999999999 0.72883131875 0.239563509375 0.727382459375 0.222262471875 0.747666440625 0.21168961562500002 0.77664354375 0.1924662375 0.8085183656250001 0.18285455 0.8259046281250001 0.16747585 0.8374954750000001 0.15113598125 0.841842040625 0.13383494375 0.81286493125 0.12230091875 0.811416071875 0.12230091875 0.8505351687499999 0.1347961125 0.883858846875 0.15305831875 0.892551978125 0.1924662375 0.889654265625 0.21265078124999998 0.8751657125 0.224184809375 0.84039318125 0.237641171875 0.841842040625 0.270320909375 0.8621260124999999 0.303000646875 0.85343288125 0.33471921875 0.8461886062499999 0.36259311250000004 0.841842040625 0.399117525 0.8317000531250001 0.41545739687500005 0.8215580625 0.425069084375 0.8331489062499999 0.451981809375 0.8461886062499999 0.480816871875 0.844739746875 0.5058072625000001 0.8374954750000001 0.509375 0.8376875437500001 0.509375 0.725393365625 0.506768428125 0.723035896875 0.50100141875 0.72593360625 0.488506221875 0.757808425 0.478894534375 0.780990109375
0 0.402001034375 0.302867828125 0.37604947499999997 0.292725840625 0.35009791875 0.272441865625 0.31549584375 0.25940216562499996 0.283777275 0.26374873125 0.247252859375 0.288379275 0.23571883124999998 0.33474265000000003 0.23571883124999998 0.372412884375 0.23668000312499998 0.411531984375 0.253981040625 0.41877625937499996 0.25686454687500004 0.38835030000000004 0.268398571875 0.357924334375 0.28473844062500003 0.33474265000000003 0.30780649375 0.314458671875 0.33375805000000003 0.31735638125 0.35874843749999996 0.339089215625 0.38277765625 0.357924334375 0.40007869375 0.39124800937500004 0.409690384375 0.395594575 0.418340903125 0.36661746562499997 0.434680771875 0.336191503125 0.45390414687499997 0.31735638125 0.476972196875 0.301418971875 0.491389728125 0.29997011875 0.509375 0.309652546875 0.509375 0.260354553125 0.49907908125 0.25360674375 0.46255466875 0.25360674375 0.41545739687500005 0.27389071875000004 0.402001034375 0.302867828125
3 0.459375 0.4625 0.1 0.290625
3 0.184375 0.71875 0.1109375 0.2578125
5 0.796875 0.378125 0.0421875 0.0546875
5 0.828125 0.4703125 0.0546875 0.075
5 0.8515625 0.5453125 0.040625 0.0546875
5 0.7625 0.309375 0.046875 0.0859375