2 0.590625 0.659375 0.0375 0.065625
2 0.24375 0.653125 0.034375 0.0515625
2 0.5796875 0.721875 0.021875 0.04375
5 0.2609375 0.678125 0.0234375 0.040625
5 0.246875 0.721875 0.065625 0.075
5 0.28125 0.80625 0.03125 0.0328125
5 0.2859375 0.853125 0.0421875 0.0515625
5 0.3171875 0.9 0.04375 0.05
5 0.3484375 0.940625 0.028125 0.0390625
5 0.3875 0.959375 0.0203125 0.0296875
5 0.43125 0.959375 0.0359375 0.0515625
5 0.4703125 0.95 0.0546875 0.0546875
5 0.5171875 0.8984375 0.05 0.065625
5 0.54375 0.840625 0.0421875 0.0640625
5 0.559375 0.7859375 0.0578125 0.0671875
5 0.565625 0.73125 0.0578125 0.0828125
5 0.578125 0.675 0.05625 0.071875
1 0.4625 0.934375 0.0375 0.046875
1 0.503125 0.9015625 0.0390625 0.0625
1 0.4375 0.94375 0.028125 0.046875
1 0.38125 0.9546875 0.034375 0.0375
1 0.346875 0.940625 0.046875 0.0375
1 0.31875 0.90625 0.046875 0.0578125
3 0.4359375 0.9625 0.05 0.0734375
3 0.390625 0.9609375 0.04375 0.0609375