5 0.1015625 0.0171875 0.028125 0.034375
1 0.171875 0.14375 0.059375 0.0734375
5 0.2015625 0.0171875 0.028125 0.034375
5 0.2515625 0.034375 0.046875 0.0671875
5 0.065625 0.125 0.046875 0.1203125
0 0.59139755625 0 0.5952614374999999 0.0317697 0.5996187374999999 0.0666280875 0.607244009375 0.134892428125 0.62685185 0.174108115625 0.64537036875 0.174108115625 0.6627995624999999 0.17120325 0.6693355125 0.142154590625 0.6736928125 0.09422430937500001 0.6769607843750001 0.057913490624999994 0.698747278125 0.033222131249999995 0.7194444437499999 0.02160266875 0.7379629624999999 0.014340503125000001 0.75974945625 0.014340503125000001 0.7760893249999999 0.023055103125 0.7793573 0.065175653125 0.78916121875 0.0898670125 0.8000544656249999 0.1131059375 0.8087690656250001 0.1407021625 0.8153050125 0.16539351875 0.8240196093750001 0.18572757812500001 0.8349128562500001 0.18863244375 0.854520696875 0.1871800125 0.868681915625 0.161036221875 0.8817538125000001 0.13779729375 0.895915034375 0.12472539687499999 0.9111655781250001 0.116010803125 0.922058825 0.1203681 0.93513071875 0.12472539687499999 0.947113290625 0.15667892187500002 0.9492919375 0.190084875 0.968899784375 0.191537309375 0.9874183000000001 0.16684595 1 0.15882283749999998 1 0.031087053125000003 0.9863289749999999 0.020150234375 0.9530810875 0 0.59139755625 0
5 0.971875 0.271875 0.0546875 0.2546875
1 0.6578125 0.221875 0.0609375 0.1765625
5 0.26875 0.8453125 0.040625 0.059375
5 0.26875 0.79375 0.0359375 0.0734375
5 0.259375 0.728125 0.03125 0.0546875
5 0.39375 0.409375 0.0703125 0.01875
5 0.3171875 0.415625 0.090625 0.0328125