3 0.2 0.453125 0.0890625 0.1109375
1 0.228125 0.4 0.0703125 0.0734375
4 0.715625 0.1859375 0.0859375 0.10625
4 0.790625 0.178125 0.0765625 0.0890625
5 0.671875 0.26875 0.0359375 0.0671875
5 0.634375 0.2625 0.0328125 0.053125
5 0.7 0.26875 0.04375 0.0703125
1 0.7203125 0.275 0.0390625 0.0671875
1 0.771875 0.2765625 0.05 0.0734375
1 0.81875 0.275 0.05625 0.059375
0 0.6765625 0.14375 0.040625 0.05
0 0.753125 0.1484375 0.05625 0.046875
0 0.8375 0.1546875 0.040625 0.0328125
0 0.23905650937499998 1 0.238863725 0.99110054375 0.2242651875 0.91656638125 0.19611085625 0.890168865625 0.17838405625 0.91656638125 0.157529 0.9600446406250001 0.14188770625 0.986442159375 0.11894714375 0.980230978125 0.08557905625 0.963150234375 0.06993775937499999 0.9569390562500001 0.055339218749999995 0.9817837718750001 0.021971128125 0.99110054375 0.021971128125 1 0.23905650937499998 1
1 0.090625 0.89375 0.08125 0.1484375