2 0.0484375 0.103125 0.078125 0.1125
2 0.065625 0.225 0.1078125 0.1140625
5 0.603125 0.065625 0.0640625 0.1
5 0.55 0.2875 0.040625 0.1578125
5 0.446875 0.06875 0.0453125 0.1375
5 0.671875 0.11875 0.075 0.1546875
3 0.490625 0.10625 0.1140625 0.2125
5 0.74375 0.1578125 0.0515625 0.153125
5 0.23125 0.9671875 0.06875 0.065625
5 0.221875 0.8828125 0.078125 0.1046875
5 0.215625 0.79375 0.096875 0.084375
5 0.203125 0.7078125 0.0984375 0.1109375
3 0.103125 0.5484375 0.1171875 0.096875
4 0.2640625 0.653125 0.059375 0.071875
5 0.290625 0.8171875 0.053125 0.0671875
3 0.5125 0.8484375 0.078125 0.0796875
3 0.5625 0.825 0.0515625 0.05625
3 0.446875 0.846875 0.0625 0.084375
3 0.4390625 0.8921875 0.0453125 0.0609375