0 0.275 0.215625 0.0984375 0.059375
3 0.4734375 0.1546875 0.128125 0.159375
3 0.6953125 0.1 0.165625 0.1984375
3 0.534375 0.1125 0.1328125 0.196875
3 0.8375 0.1125 0.18125 0.2046875
3 0.9296875 0.14375 0.140625 0.18125
3 0.959375 0.2125 0.0796875 0.14375
3 0.246875 0.53125 0.04375 0.04375
1 0.296875 0.6 0.11875 0.034375
1 0.396875 0.615625 0.0234375 0.0390625
0 0.9828125 0.828125 0.034375 0.096875
0 0.790625 0.484375 0.0546875 0.0890625
0 0.9 0.49375 0.0671875 0.109375
3 0.7875 0.5828125 0.071875 0.2390625
3 0.790625 0.8109375 0.071875 0.2859375
3 0.9859375 0.703125 0.028125 0.1859375
1 0.896875 0.8859375 0.05 0.090625
0 0.8515625 0.85625 0.0421875 0.14375