3 0.6203125 0.134375 0.05 0.1421875
3 0.5234375 0.115625 0.0671875 0.1015625
3 0.64375 0.1375 0.0125 0.1453125
3 0.6421875 0.040625 0.015625 0.08125
3 0.615625 0.04375 0.06875 0.0875
3 0.5328125 0.0375 0.090625 0.075
3 0.465625 0.034375 0.0359375 0.0671875
3 0.4734375 0.125 0.05 0.0703125
5 0.65625 0.1 0.0140625 0.0734375
2 0.534375 0.809375 0.05 0.0625
5 0.5234375 0.884375 0.0421875 0.0625
5 0.5703125 0.903125 0.0421875 0.0578125
5 0.625 0.89375 0.0234375 0.0640625
2 0.8953125 0.9015625 0.209375 0.190625