1 0.5265625 0.0953125 0.05625 0.1578125
1 0.4625 0.128125 0.053125 0.1375
1 0.403125 0.134375 0.0671875 0.1453125
1 0.35 0.14375 0.0390625 0.1578125
1 0.5875 0.121875 0.05 0.16875
3 0.58125 0.10625 0.0796875 0.2125
0 0.3296875 1 0.3296875 0.9634608531250001 0.318618696875 0.9480435937499999 0.30811449375 0.939290090625 0.29060749375 0.9620491937500001 0.266097690625 0.9830576000000001 0.23575221562499998 0.9883096968749999 0.21240954687500002 0.96905199375 0.193735409375 0.95329569375 0.171559875 0.939290090625 0.155220003125 0.9848083000000001 0.134289215625 1 0.3296875 1
0 0.15405286875 0.685438553125 0.18089694375 0.664430146875 0.225248015625 0.671432946875 0.253259221875 0.72220325625 0.26493055625 0.771222865625 0.28243755937500004 0.7519651625 0.30811449375 0.72395395625 0.3296875 0.715864078125 0.3296875 0.676244090625 0.322120096875 0.67493435 0.292941759375 0.66618085 0.269599090625 0.653925946875 0.24158788437499998 0.63992034375 0.221746615625 0.63291754375 0.17272700937500002 0.627665440625 0.143548671875 0.627665440625 0.113203196875 0.629416140625 0.13304446875 0.7204525562499999 0.15405286875 0.685438553125
5 0.4296875 0.7421875 0.0515625 0.05625
5 0.4796875 0.74375 0.0421875 0.0984375
5 0.540625 0.775 0.046875 0.1421875
5 0.665625 0.771875 0.046875 0.153125
5 0.778125 0.778125 0.0515625 0.1453125
5 0.859375 0.76875 0.034375 0.1390625
5 0.925 0.75625 0.0453125 0.13125
5 0.921875 0.9015625 0.0484375 0.1234375
5 0.890625 0.925 0.053125 0.146875
5 0.834375 0.9328125 0.0859375 0.134375
5 0.771875 0.93125 0.0828125 0.1375
5 0.7 0.9234375 0.059375 0.153125
5 0.5875 0.91875 0.0828125 0.1625
5 0.521875 0.91875 0.0734375 0.1609375
5 0.471875 0.8921875 0.0625 0.146875
5 0.4296875 0.86875 0.05 0.1359375