1 0.334375 0.0125 0.0578125 0.025
1 0.23125 0.025 0.0421875 0.0421875
1 0.209375 0.0515625 0.0359375 0.0390625
1 0.190625 0.1125 0.05 0.0390625
1 0.2015625 0.078125 0.0515625 0.0328125
1 0.190625 0.14375 0.04375 0.046875
1 0.24375 0.19375 0.0453125 0.04375
3 0.23125 0.0125 0.0625 0.025
2 0.7703125 0.30625 0.278125 0.30625
1 0.428125 0.94375 0.0203125 0.09375
1 0.378125 0.9375 0.071875 0.0984375
1 0.315625 0.9453125 0.0640625 0.0890625
1 0.24375 0.953125 0.0671875 0.0875
1 0.196875 0.9546875 0.0515625 0.0640625
0 0.296875 0.975 0.2859375 0.04375
3 0.7375 0.85 0.0546875 0.078125
3 0.778125 0.85 0.046875 0.0765625