5 0.425 0.271875 0.040625 0.1265625
5 0.478125 0.24375 0.028125 0.103125
5 0.3140625 0.0625 0.046875 0.125
5 0.35 0.2578125 0.0328125 0.096875
5 0.5046875 0.06875 0.028125 0.109375
1 0.4125 0.265625 0.046875 0.0703125
3 0.428125 0.08125 0.1125 0.1359375
5 0.4078125 0.1 0.0453125 0.0953125
4 0.671875 0.159375 0.0828125 0.1015625
4 0.615625 0.20625 0.06875 0.1015625
4 0.559375 0.20625 0.0484375 0.075
4 0.765625 0.171875 0.0703125 0.1234375
4 0.690625 0.31875 0.05 0.0953125
4 0.74375 0.2875 0.0421875 0.0625
4 0.8 0.309375 0.04375 0.0734375
4 0.64375 0.29375 0.0515625 0.078125
4 0.59375 0.3140625 0.05 0.071875
0 0.2696365375 0.719794715625 0.24162532812499998 0.71078165 0.225285459375 0.718292540625 0.2058332375 0.7303099625 0.18482483125 0.75885135 0.16381643125 0.7528426406250001 0.144364203125 0.73181214375 0.130358603125 0.712283828125 0.10001313125 0.69726204375 0.10079121875 0.7423273906250001 0.11868726562500001 0.749838284375 0.15058891875 0.7693666 0.174709675 0.7888949125 0.2003866125 0.78589055625 0.22139501562500002 0.7513404593749999 0.23306635 0.749838284375 0.2501843125 0.7513404593749999 0.26107755625 0.7648600625 0.28597640625 0.797907984375 0.29842582812499996 0.797907984375 0.317099965625 0.7693666 0.3287713 0.7363186749999999 0.35756059375000004 0.7032707593749999 0.37078810624999997 0.68975115625 0.356782503125 0.659707590625 0.324880853125 0.67773373125 0.313209521875 0.7167903625000001 0.29842582812499996 0.7408252125 0.2696365375 0.719794715625
0 0.391796509375 0.713786003125 0.40891446875000004 0.7438295687500001 0.419029628125 0.75885135 0.443150384375 0.766362240625 0.44626274375 0.7363186749999999 0.47116159062499996 0.695759865625 0.49294808124999995 0.68524461875 0.5092879531250001 0.674729371875 0.5092879531250001 0.652196703125 0.48205483437499996 0.659707590625 0.45559980937500005 0.6807380875 0.4322571375 0.694257690625 0.41436109375 0.68975115625 0.388684153125 0.664214125 0.36767574999999997 0.664214125 0.369231928125 0.6867468 0.380125175 0.695759865625 0.391796509375 0.713786003125
2 0.303125 0.8640625 0.06875 0.1375
5 0.9375 0.775 0.01875 0.065625
5 0.9046875 0.753125 0.0140625 0.040625
3 0.959375 0.7625 0.0546875 0.1140625
3 0.9875 0.76875 0.0234375 0.13125
3 0.984375 0.840625 0.03125 0.0640625
3 0.95 0.8453125 0.034375 0.059375
3 0.91875 0.771875 0.04375 0.096875