2 0.0296875 0.109375 0.0390625 0.1109375
1 0.4625 0.1125 0.1078125 0.2234375
1 0.3625 0.0640625 0.0828125 0.128125
1 0.321875 0.0515625 0.025 0.103125
1 0.63125 0.0859375 0.1171875 0.171875
1 0.728125 0.0609375 0.08125 0.121875
1 0.8265625 0.059375 0.103125 0.11875
1 0.953125 0.053125 0.0921875 0.10625
0 0.8859375 0.140625 0.228125 0.1796875
0 0.5375 0.1921875 0.4546875 0.221875
3 0.0421875 0.44375 0.084375 0.2109375
3 0.059375 0.8828125 0.11875 0.234375
3 0.040625 0.559375 0.0796875 0.1703125
3 0.053125 0.7625 0.10625 0.23125
2 0.540625 0.5046875 0.090625 0.10625
2 0.725 0.415625 0.1609375 0.1140625
2 0.9484375 0.3796875 0.103125 0.08125
2 0.3890625 0.50625 0.075 0.1484375