5 0.253125 0.0390625 0.01875 0.065625
5 0.2875 0.01875 0.0140625 0.0375
5 0.159375 0.0328125 0.0203125 0.05625
5 0.1328125 0.028125 0.0140625 0.04375
3 0.2328125 0.040625 0.053125 0.08125
3 0.184375 0.05 0.059375 0.0984375
3 0.14375 0.0390625 0.0359375 0.078125
3 0.1515625 0.103125 0.0328125 0.0640625
3 0.178125 0.10625 0.034375 0.071875
3 0.20625 0.10625 0.03125 0.0640625
3 0.2421875 0.109375 0.034375 0.059375
3 0.2734375 0.0421875 0.04375 0.084375
0 0.750929328125 0.33569240312500004 0.775439134375 0.329564953125 0.789736521875 0.3127144625 0.7999489375 0.298927696875 0.8101613562500001 0.309650734375 0.8019914218749999 0.326501225 0.818331290625 0.337224265625 0.8397773687500001 0.346415440625 0.85407475625 0.346415440625 0.8724571093750001 0.338756128125 0.887775734375 0.32803308750000004 0.9000306374999999 0.306587009375 0.8990093937499999 0.27594975625 0.89288194375 0.25756740312500004 0.88062704375 0.26675857812500003 0.8622446874999999 0.28820465624999997 0.8367136437499999 0.27594975625 0.827522465625 0.251439953125 0.8040339031249999 0.231525734375 0.7876940375 0.231525734375 0.777481615625 0.25603553749999997 0.7519505718749999 0.28667279375 0.742759396875 0.28820465624999997 0.73050449375 0.271354165625 0.73050449375 0.239185046875 0.715185865625 0.223866421875 0.700888478125 0.223866421875 0.68965481875 0.231525734375 0.6814848875 0.252971815625 0.671272465625 0.27288603125 0.655953840625 0.27441789375000003 0.64778390625 0.24224877500000003 0.626337825 0.220802696875 0.60999795625 0.22693014687500002 0.58855188125 0.259099265625 0.5796875 0.269071690625 0.5796875 0.33223805 0.58038194375 0.332628675 0.60693423125 0.33416053749999997 0.620210375 0.308118871875 0.6283803125 0.303523284375 0.6447201812500001 0.317310046875 0.669229984375 0.3188419125 0.698845996875 0.306587009375 0.7059946874999999 0.309650734375 0.72744076875 0.329564953125 0.750929328125 0.33569240312500004
4 0.925 0.0203125 0.0703125 0.040625
4 0.9234375 0.028125 0.053125 0.0546875
4 0.225 0.590625 0.04375 0.08125
4 0.290625 0.6 0.05 0.0984375
4 0.35625 0.6078125 0.0515625 0.1078125
4 0.44375 0.609375 0.0375 0.109375
4 0.5203125 0.6 0.05625 0.0984375
2 0.725 0.775 0.290625 0.45