0 0.710795984375 0.11140958125 0.720133053125 0.1847592125 0.7446428593750001 0.13585945625 0.7831582625 0.109663159375 0.8298436062500001 0.1428451375 0.852019140625 0.22318045 0.8601890750000001 0.26334810625 0.8788632125 0.209209090625 0.883531746875 0.163802175 0.92438141875 0.13062019687499998 0.9687324937499999 0.125380940625 0.9687324937499999 0.092198959375 0.923214284375 0.092198959375 0.89170168125 0.12363451875 0.8730275437499999 0.11839525937499999 0.8601890750000001 0.10093105937499999 0.8391806718750001 0.081720440625 0.7994981343750001 0.067749084375 0.764484128125 0.06425624375 0.7318043875 0.10093105937499999 0.710795984375 0.11140958125
0 0.70145891875 0.49453043125 0.70029178125 0.45610919375 0.6862861812500001 0.45610919375 0.671113446875 0.50326253125 0.662214053125 0.5154874687500001 0.644269375 0.53644450625 0.6045868343749999 0.55390870625 0.610422503125 0.6237655 0.655940709375 0.599315621875 0.68978758125 0.60106204375 0.7388071875 0.61328698125 0.745809990625 0.56264080625 0.70145891875 0.55390870625 0.70145891875 0.49453043125
0 0.746977125 0.57945009375 0.743475721875 0.626603434375 0.7796568625 0.607392815625 0.8298436062500001 0.612632071875 0.848517740625 0.607392815625 0.8298436062500001 0.561985896875 0.8076680656249999 0.532296759375 0.797163865625 0.44497576875 0.7784897281250001 0.45196144687500006 0.764484128125 0.5218182437500001 0.746977125 0.57945009375
0 1 0.5252028 0.9920751624999999 0.499114784375 0.9792366937500001 0.45370786875 0.9652310937499999 0.448468609375 0.95706115625 0.50784688125 0.9372198875000001 0.5567466375000001 0.90687441875 0.551507378125 0.8928688156250001 0.500861203125 0.888200278125 0.45370786875 0.87652894375 0.43973650937500003 0.868359009375 0.5061004625 0.8601890750000001 0.539282440625 0.8450163406250001 0.561985896875 0.84735060625 0.6004071343749999 0.8870331468750001 0.612632071875 0.91154295 0.607392815625 0.9652310937499999 0.595167875 1 0.607692615625 1 0.5252028
1 0.228125 0.678125 0.215625 0.0546875
4 0.3671875 0.7375 0.08125 0.1765625
4 0.3109375 0.95 0.096875 0.0984375
4 0.18125 0.975 0.1015625 0.05
5 0.125 0.9640625 0.1234375 0.071875
5 0.240625 0.9625 0.1125 0.075
5 0.225 0.784375 0.2015625 0.2703125
5 0.059375 0.8046875 0.11875 0.296875
2 0.690625 0.7625 0.221875 0.2234375