4 0.1921875 0.296875 0.2 0.090625
5 0.3640625 0.265625 0.0359375 0.0375
0 0.636885334375 0.5665556625 0.739467284375 0.545716234375 0.717027465625 0.5136556437500001 0.686573553125 0.50564049375 0.664133734375 0.483198059375 0.64329673125 0.465564759375 0.6288711250000001 0.471976840625 0.6288711250000001 0.49602234375 0.6112398812500001 0.54090709375 0.588800059375 0.537701084375 0.5775802125 0.49121320625 0.5503319375 0.47357990625 0.529494934375 0.47999198749999994 0.49904089999999995 0.5280829312499999 0.5006437218750001 0.5809828312499999 0.481409659375 0.6290737125 0.438132834375 0.6242647 0.43973577812500003 0.592204109375 0.43973577812500003 0.537701084375 0.425961575 0.498958334375 0.409375 0.516367246875 0.409375 0.648107790625 0.46057277812499997 0.662737428125 0.515069325 0.632279846875 0.5615517875 0.600219259375 0.636885334375 0.5665556625
0 0.842049234375 0.395031440625 0.8205929875000001 0.372756409375 0.77793553125 0.390222484375 0.779538346875 0.43190110312499996 0.795566771875 0.46877083124999996 0.8196094125 0.5232737937499999 0.832432203125 0.548922240625 0.864489053125 0.545716234375 0.869297509375 0.47838910625000003 0.858077659375 0.435107175 0.842049234375 0.395031440625
0 1 0.47282085937499996 0.9798936656249999 0.46075568437500003 0.9558510281249999 0.452740534375 0.930205571875 0.459152615625 0.9253969968750001 0.4896102 0.928602753125 0.5232737937499999 0.930205571875 0.556937390625 0.983099425 0.582585959375 1 0.59103723125 1 0.47282085937499996
1 0.453125 0.028125 0.0859375 0.0546875
1 0.565625 0.0375 0.0671875 0.0734375
1 0.9734375 0.0171875 0.053125 0.034375
1 0.471875 0.58125 0.109375 0.140625
1 0.5859375 0.434375 0.125 0.2234375
1 0.671875 0.390625 0.1078125 0.2578125
1 0.7546875 0.40625 0.1078125 0.2890625
1 0.871875 0.4390625 0.115625 0.2484375
1 0.978125 0.4359375 0.04375 0.115625
3 0.9171875 0.059375 0.134375 0.11875
3 0.8203125 0.0625 0.178125 0.1234375
3 0.584375 0.4 0.1109375 0.309375
3 0.6671875 0.3875 0.115625 0.2765625
3 0.76875 0.378125 0.1265625 0.3203125
3 0.859375 0.3875 0.1171875 0.2734375
3 0.134375 0.9453125 0.1296875 0.109375
3 0.0796875 0.771875 0.159375 0.1859375
4 0.665625 0.803125 0.5109375 0.1890625