5 0.38125 0.8625 0.0453125 0.0953125
5 0.3875 0.753125 0.0609375 0.153125
5 0.65625 0.8671875 0.0453125 0.090625
5 0.6421875 0.76875 0.0578125 0.1375
5 0.3890625 0.646875 0.025 0.0640625
5 0.409375 0.5515625 0.025 0.0828125
5 0.4265625 0.49375 0.03125 0.0984375
5 0.45 0.43125 0.0390625 0.0609375
5 0.4875 0.40625 0.0421875 0.078125
5 0.5375 0.4046875 0.0390625 0.0796875
5 0.578125 0.4390625 0.028125 0.071875
5 0.6328125 0.6703125 0.034375 0.0890625
4 0.5875 0.475 0.028125 0.053125
4 0.396875 0.846875 0.0296875 0.09375
4 0.403125 0.70625 0.0265625 0.059375
4 0.471875 0.4109375 0.021875 0.046875
4 0.5390625 0.4359375 0.0375 0.0734375