5 0.421875 0.146875 0.0515625 0.065625
5 0.440625 0.046875 0.0375 0.0515625
5 0.30625 0.2625 0.0515625 0.0578125
5 0.671875 0.2859375 0.03125 0.0609375
5 0.6734375 0.2109375 0.0453125 0.0734375
5 0.66875 0.1546875 0.0265625 0.06875
5 0.671875 0.0625 0.04375 0.078125
5 0.6703125 0.0109375 0.040625 0.021875
5 0.9421875 0.034375 0.046875 0.06875
5 0.95 0.1125 0.0390625 0.071875
5 0.96875 0.159375 0.0609375 0.0828125
2 0.628125 0.25 0.0375 0.0734375
0 0.39375 0.909375 0.0625 0.0546875
1 0.1953125 0.89375 0.0546875 0.0625
1 0.321875 0.9171875 0.0828125 0.059375
5 0.2421875 0.865625 0.04375 0.071875
5 0.2875 0.8703125 0.04375 0.0703125
4 0.653125 0.934375 0.1265625 0.13125
4 0.9609375 0.934375 0.078125 0.13125