3 0.5578125 0.215625 0.11875 0.1546875
2 0.259375 0.3953125 0.0796875 0.071875
2 0.240625 0.4609375 0.084375 0.0921875
2 0.63125 0.353125 0.0578125 0.09375
2 0.653125 0.4359375 0.0140625 0.08125
5 0.790625 0.353125 0.025 0.0359375
5 0.75 0.3625 0.0171875 0.0265625
5 0.7171875 0.353125 0.01875 0.034375
3 0.69375 0.3390625 0.0421875 0.0515625
3 0.76875 0.346875 0.0390625 0.046875
3 0.84375 0.340625 0.040625 0.040625
3 0.7328125 0.35 0.04375 0.05
5 0.778125 0.2921875 0.0234375 0.0421875
5 0.8375 0.29375 0.0203125 0.03125
4 0.859375 0.2796875 0.03125 0.0359375
4 0.8875 0.2796875 0.0234375 0.03125
4 0.7078125 0.2875 0.0328125 0.05
5 0.209375 0.89375 0.01875 0.025
5 0.2875 0.903125 0.01875 0.028125
3 0.95 0.603125 0.09375 0.1046875