5 0.590625 0.040625 0.0171875 0.071875
5 0.5515625 0.0375 0.059375 0.0734375
5 0.471875 0.046875 0.06875 0.075
5 0.36875 0.046875 0.0890625 0.06875
5 0.2875 0.0453125 0.0515625 0.078125
5 0.2328125 0.04375 0.0484375 0.0609375
5 0.184375 0.0421875 0.034375 0.05
5 0.20625 0.0875 0.03125 0.028125
5 0.225 0.09375 0.0390625 0.0359375
5 0.246875 0.103125 0.0390625 0.0296875
5 0.290625 0.109375 0.04375 0.046875
5 0.346875 0.10625 0.0546875 0.040625
5 0.3984375 0.10625 0.059375 0.040625
5 0.45 0.1125 0.0484375 0.046875
5 0.5046875 0.1 0.0453125 0.0359375
5 0.55 0.1125 0.0484375 0.040625
5 0.5859375 0.096875 0.028125 0.028125
3 0.928125 0.209375 0.1421875 0.365625
3 0.63125 0.496875 0.0609375 0.2046875
3 0.68125 0.2875 0.1609375 0.35625
3 0.859375 0.509375 0.1578125 0.18125
3 0.784375 0.4765625 0.109375 0.178125
3 0.3265625 0.7671875 0.1265625 0.25
3 0.24375 0.790625 0.1328125 0.1859375