5 0.140625 0.046875 0.03125 0.040625
5 0.2734375 0.0671875 0.0234375 0.0453125
5 0.275 0.009375 0.0234375 0.0171875
5 0.03125 0.028125 0.0234375 0.0421875
5 0.0734375 0.03125 0.025 0.0390625
5 0.103125 0.0421875 0.0296875 0.046875
4 0.1921875 0.0421875 0.034375 0.04375
4 0.665625 0.03125 0.0265625 0.0609375
4 0.70625 0.03125 0.028125 0.04375
4 0.63125 0.01875 0.0390625 0.0359375
2 0.4375 0.871875 0.2453125 0.2546875
2 0.1375 0.6890625 0.2296875 0.3328125
1 0.23125 0.7578125 0.33125 0.4078125
0 0.3375 0.6625 0.4140625 0.4484375
2 0.8375 0.9375 0.0765625 0.05