5 0.21875 0.3109375 0.0578125 0.096875
5 0.48125 0.246875 0.0625 0.0625
5 0.49375 0.321875 0.0484375 0.075
5 0.278125 0.153125 0.0296875 0.0765625
5 0.378125 0.14375 0.0265625 0.090625
5 0.653125 0.146875 0.01875 0.065625
5 0.746875 0.140625 0.0203125 0.05625
5 0.7734375 0.1359375 0.0140625 0.04375
3 0.671875 0.134375 0.0546875 0.1140625
3 0.721875 0.140625 0.059375 0.13125
3 0.7625 0.1375 0.0359375 0.0953125
3 0.7546875 0.2109375 0.0328125 0.0640625
3 0.728125 0.2140625 0.034375 0.071875
3 0.7 0.2125 0.03125 0.0640625
3 0.6640625 0.2171875 0.034375 0.059375
3 0.646875 0.14375 0.015625 0.096875
0 0.45202205937500006 0.5719669125 0.4234272875 0.590349265625 0.399938725 0.588817403125 0.36930146875 0.587285540625 0.34785539375 0.590349265625 0.32334558750000003 0.5765625 0.26819853125000004 0.5780943625 0.246752453125 0.61179534375 0.272283496875 0.640900734375 0.29883578437499997 0.63017769375 0.3641952625 0.6546875 0.393811275 0.699111521875 0.40708741875000004 0.729748775 0.41934231874999994 0.7404718124999999 0.428533496875 0.7282169125 0.437724675 0.712898284375 0.465298203125 0.665410540625 0.4734681375 0.645496321875 0.49593545624999996 0.62711396875 0.51636029375 0.62558210625 0.54291258125 0.62558210625 0.568443628125 0.60719975625 0.561294934375 0.5719669125 0.527593953125 0.5535845593750001 0.49185049062499997 0.5535845593750001 0.45202205937500006 0.5719669125
0 0.59797155625 1 0.5878472218749999 0.977910540625 0.561294934375 0.92889093125 0.544955065625 0.9135723062500001 0.537806371875 0.9671875 0.5235089875 0.9794423999999999 0.500020425 0.9855698531250001 0.490829246875 0.977910540625 0.47448938125 0.9411458343750001 0.458149509375 0.91969975625 0.4407884 0.91969975625 0.42240604687500005 0.938082109375 0.40708741875000004 0.945741421875 0.38359885625 0.947273284375 0.36930146875 0.953400734375 0.347690215625 1 0.4653836125 1 0.46631944374999995 0.99935661875 0.4668913375 1 0.59797155625 1
4 0.60625 0.721875 0.0640625 0.165625
4 0.146875 0.775 0.146875 0.2203125
4 0.034375 0.790625 0.06875 0.225
4 0.196875 0.9453125 0.075 0.109375
4 0.3234375 0.9578125 0.078125 0.084375
4 0.5046875 0.9484375 0.078125 0.103125
4 0.4859375 0.753125 0.171875 0.2765625