1 0.40625 0.3515625 0.0265625 0.0421875
3 0.503125 0.45 0.0140625 0.0671875
3 0.4875 0.4578125 0.034375 0.065625
3 0.4625 0.45 0.0421875 0.0734375
3 0.428125 0.45625 0.034375 0.0734375
4 0.4515625 0.35 0.0203125 0.040625
5 0.5 0.35625 0.0203125 0.0484375
5 0.4 0.45625 0.0296875 0.0421875
5 0.4578125 0.45 0.0328125 0.05625
3 0.1046875 0.9828125 0.121875 0.034375
2 0.03125 0.7984375 0.0625 0.140625
5 0.6421875 0.6140625 0.10625 0.15
5 0.7640625 0.6328125 0.075 0.1875
5 0.8765625 0.6625 0.1140625 0.121875
5 0.53125 0.925 0.0421875 0.0984375
5 0.6703125 0.89375 0.059375 0.090625
5 0.759375 0.921875 0.0359375 0.15625
5 0.865625 0.9375 0.0984375 0.1171875
5 0.9546875 0.9484375 0.0671875 0.0515625
5 0.9828125 0.6390625 0.034375 0.121875