1 0.2265625 0.2625 0.1125 0.05
3 0.125 0.2296875 0.0625 0.0875
5 0.890625 0.2 0.0421875 0.0546875
5 0.925 0.2921875 0.0546875 0.075
5 0.946875 0.3671875 0.040625 0.0546875
5 0.85625 0.13125 0.046875 0.0859375
1 0.315625 0.6890625 0.0421875 0.075
1 0.2421875 0.696875 0.05 0.1046875
1 0.178125 0.696875 0.0515625 0.09375
1 0.1125 0.70625 0.040625 0.090625
3 0.371875 0.58125 0.1328125 0.1328125
3 0.253125 0.571875 0.125 0.1125
3 0.1625 0.559375 0.071875 0.121875
3 0.290625 0.690625 0.0765625 0.1359375
3 0.2125 0.671875 0.0890625 0.11875
3 0.1515625 0.6609375 0.075 0.121875
3 0.1 0.675 0.078125 0.10625
5 0.465625 0.715625 0.0546875 0.0640625
5 0.3921875 0.71875 0.040625 0.0703125
2 0.7046875 0.590625 0.209375 0.3828125