1 0.609375 0.196875 0.06875 0.19375
1 0.715625 0.196875 0.078125 0.2078125
1 0.503125 0.196875 0.071875 0.215625
1 0.5078125 0.053125 0.078125 0.1046875
0 0 0.816475184375 0.00560661875 0.826286765625 0.043392565625000004 0.809436275 0.06790236875 0.821691175 0.10568831875 0.803308825 0.13836805624999998 0.766544115625 0.162877859375 0.78339460625 0.19453635625000001 0.797181371875 0.22415236875 0.8186274499999999 0.26806576875 0.791053921875 0.23538603125000002 0.720588234375 0.22108864375 0.714460784375 0.19760008125 0.712928921875 0.18228145625 0.70526960625 0.163899103125 0.68688725625 0.146537990625 0.68688725625 0.13019811875 0.70833333125 0.113858253125 0.7450980406250001 0.10466707500000001 0.752757353125 0.0811785125 0.746629903125 0.066881128125 0.734375 0.059732434375 0.68075980625 0.043392565625000004 0.69607843125 0.016840278125 0.7450980406250001 0.00560661875 0.76960784375 0 0.77708333125 0 0.816475184375
4 0.015625 0.50625 0.0296875 0.1328125
4 0.4171875 0.5453125 0.065625 0.2125
4 0.40625 0.7171875 0.075 0.1140625
4 0.28125 0.746875 0.078125 0.125
4 0.0984375 0.71875 0.078125 0.10625
4 0.11875 0.55 0.171875 0.2203125
5 0.85625 0.784375 0.0375 0.0703125
5 0.796875 0.790625 0.0515625 0.103125
5 0.5609375 0.80625 0.0421875 0.084375
5 0.621875 0.915625 0.04375 0.0828125
5 0.5703125 0.9046875 0.040625 0.0609375
5 0.66875 0.915625 0.0609375 0.0734375
5 0.75 0.9171875 0.0515625 0.0953125
5 0.903125 0.90625 0.040625 0.090625
5 0.8484375 0.9125 0.0515625 0.0953125
5 0.790625 0.9125 0.0328125 0.0875
5 0.940625 0.85625 0.0453125 0.0421875
1 0.74375 0.9390625 0.046875 0.0703125
1 0.6828125 0.940625 0.065625 0.0796875