5 0.115625 0.10625 0.0390625 0.0578125
5 0.15 0.103125 0.0375 0.0546875
5 0.1859375 0.096875 0.0375 0.0546875
5 0.23125 0.0875 0.0234375 0.05625
5 0.275 0.084375 0.03125 0.046875
5 0.0671875 0.1046875 0.03125 0.0734375
5 0.034375 0.0125 0.025 0.025
3 0.0453125 0.090625 0.059375 0.0890625
3 0.1015625 0.0890625 0.04375 0.06875
3 0.15 0.084375 0.0515625 0.075
3 0.2 0.08125 0.053125 0.075
3 0.246875 0.075 0.05625 0.0671875
3 0.9 0.1546875 0.16875 0.28125
3 0.6 0.13125 0.08125 0.146875
3 0.578125 0.2125 0.0359375 0.1671875
3 0.421875 0.8765625 0.06875 0.1203125
3 0.3171875 0.6671875 0.0828125 0.115625
3 0.3125 0.90625 0.0796875 0.125
3 0.3703125 0.8625 0.0671875 0.125
3 0.46875 0.8375 0.0734375 0.1125
3 0.528125 0.85625 0.0609375 0.1296875
3 0.490625 0.66875 0.0984375 0.1328125
3 0.740625 0.625 0.1921875 0.2125
3 0.7015625 0.9609375 0.115625 0.078125
3 0.7671875 0.840625 0.1109375 0.1828125
3 0.88125 0.790625 0.2171875 0.2546875