5 0.4453125 0.65 0.0265625 0.025
5 0.4765625 0.64375 0.01875 0.028125
5 0.515625 0.65 0.0203125 0.03125
5 0.5453125 0.653125 0.0203125 0.0234375
5 0.58125 0.6578125 0.01875 0.01875
5 0.6171875 0.646875 0.0203125 0.028125
5 0.40625 0.6453125 0.0171875 0.015625
5 0.6125 0.60625 0.0125 0.0234375
5 0.421875 0.596875 0.0234375 0.015625
5 0.4625 0.6 0.0125 0.015625
5 0.3890625 0.596875 0.01875 0.0171875
3 0.571875 0.64375 0.04375 0.0390625
3 0.534375 0.64375 0.04375 0.0421875
3 0.496875 0.640625 0.0390625 0.0390625
3 0.4625 0.6359375 0.0359375 0.034375
3 0.43125 0.6421875 0.040625 0.0359375
3 0.5984375 0.646875 0.034375 0.0328125