3 0.0109375 0.0953125 0.021875 0.06875
2 0.60625 0.259375 0.3546875 0.51875
0 0.769505115625 0.59253436875 0.80218485625 0.618549690625 0.80795186875 0.638783828125 0.822369403125 0.63155735 0.8300587531250001 0.6214402812500001 0.8483209593750001 0.609877915625 0.872350178125 0.614213803125 0.879078359375 0.647455603125 0.888690046875 0.660463259375 0.895418228125 0.65468208125 0.9079134218749999 0.6358932375 0.9271368000000001 0.624330871875 0.93770965625 0.618549690625 0.958855365625 0.6286667593749999 0.9828845875000001 0.61710439375 0.977117575 0.572300234375 0.9521271875 0.579526709375 0.9309814718749999 0.5939796687500001 0.911758096875 0.5939796687500001 0.9002240718750001 0.56073786875 0.868505503125 0.5549566875 0.843515115625 0.5665190499999999 0.835825765625 0.579526709375 0.812757715625 0.5462849125 0.7973790125 0.5303866625 0.7839651625 0.51875 0.6707555125 0.51875 0.6512813562499999 0.534722546875 0.6434130125 0.51875 0.603721215625 0.51875 0.6051452562499999 0.5217148875000001 0.613795775 0.56507375625 0.620523959375 0.59687025625 0.6234074625 0.60120614375 0.644553175 0.606987325 0.657048371875 0.5954249625 0.680116421875 0.567964346875 0.709912653125 0.575190825 0.7397088843749999 0.582417303125 0.769505115625 0.59253436875
0 0.5897665562500001 0.835344028125 0.57246551875 0.87436700625 0.565737334375 0.89171055 0.55131980625 0.91049939375 0.539785778125 0.91483528125 0.524407078125 0.9032729156249999 0.510950715625 0.8758123 0.504222534375 0.835344028125 0.489805003125 0.8324534343750001 0.478270978125 0.85413286875 0.466736953125 0.872921709375 0.451358253125 0.8787028937500001 0.45039708437500003 0.91049939375 0.46481461562500004 0.913389984375 0.503261365625 0.913389984375 0.509989546875 0.9249523500000001 0.533057596875 0.93940530625 0.556125646875 0.9451864875 0.58592188125 0.9451864875 0.6118734375 0.9321788312500001 0.621485125 0.9191711687499999 0.643592009375 0.9292882375 0.676271746875 0.9365147125 0.696456290625 0.926397646875 0.710873821875 0.9119446874999999 0.7012621343750001 0.8772575937499999 0.683961096875 0.8888199625000001 0.6637765531250001 0.89026525625 0.63782499375 0.8787028937500001 0.6195627874999999 0.8642499375 0.60226175 0.826672253125 0.5897665562500001 0.835344028125
3 0.721875 0.6734375 0.1546875 0.225
3 0.553125 0.6125 0.125 0.1890625
3 0.4421875 0.615625 0.025 0.19375
3 0.4671875 0.7625 0.075 0.209375
3 0.5453125 0.778125 0.10625 0.2234375
3 0.64375 0.76875 0.1 0.23125
3 0.74375 0.79375 0.10625 0.1828125