3 0.034375 0.3671875 0.04375 0.04375
5 0.2296875 0.371875 0.078125 0.040625
1 0.084375 0.4359375 0.11875 0.034375
1 0.20625 0.453125 0.065625 0.0390625
2 0.94375 0.2265625 0.0515625 0.06875
2 0.565625 0.2359375 0.05 0.0609375
2 0.196875 0.690625 0.0515625 0.06875
5 0.7734375 0.7703125 0.0375 0.090625
5 0.74375 0.740625 0.05625 0.09375
5 0.78125 0.8625 0.0265625 0.0671875
5 0.740625 0.878125 0.0375 0.0828125
5 0.6421875 0.890625 0.04375 0.0890625
5 0.59375 0.8875 0.0546875 0.0828125
5 0.5375 0.89375 0.04375 0.0828125
5 0.490625 0.8875 0.0234375 0.0890625
5 0.490625 0.7625 0.0203125 0.078125
1 0.7875 0.88125 0.0421875 0.046875
1 0.5328125 0.9125 0.046875 0.053125
1 0.4921875 0.9078125 0.025 0.046875