5 0.128125 0.209375 0.078125 0.0859375
5 0.090625 0.2796875 0.0546875 0.075
5 0.140625 0.146875 0.0546875 0.078125
3 0.509375 0.0875 0.0390625 0.1625
2 0.76875 0.43125 0.0625 0.025
1 0.8140625 0.403125 0.0609375 0.04375
1 0.815625 0.3875 0.0640625 0.0234375
1 0.753125 0.503125 0.0703125 0.025
5 0.9375 0.371875 0.0875 0.04375
5 0.784375 0.446875 0.0703125 0.025
4 0.3671875 0.8390625 0.0765625 0.11875
2 0.41875 0.890625 0.128125 0.1375
2 0.7078125 0.88125 0.303125 0.2375
2 0.684375 0.59375 0.1765625 0.109375