5 0.340625 0.0484375 0.1234375 0.096875
5 0.2171875 0.03125 0.109375 0.0625
5 0.34375 0.1703125 0.0671875 0.14375
5 0.2546875 0.175 0.0671875 0.1609375
5 0.1796875 0.171875 0.046875 0.1546875
5 0.11875 0.1765625 0.0515625 0.125
5 0.3875 0.18125 0.0578125 0.134375
5 0.5375 0.1 0.040625 0.090625
5 0.4890625 0.15625 0.0328125 0.0890625
5 0.45625 0.1625 0.0046875 0.0125
3 0.296875 0.44375 0.1796875 0.1484375
3 0.1375 0.5 0.1484375 0.2609375
3 0.459375 0.4390625 0.209375 0.140625
3 0.6484375 0.446875 0.18125 0.1578125