1 0.2109375 0.1953125 0.0625 0.1109375
3 0.025 0.0484375 0.05 0.096875
3 0.159375 0.090625 0.0671875 0.1796875
1 0.109375 0.2171875 0.046875 0.0671875
1 0.040625 0.2 0.053125 0.0890625
2 0.896875 0.2234375 0.06875 0.0625
5 0.9875 0.203125 0.025 0.075
1 0.96875 0.26875 0.046875 0.0609375
0 0 0.45915032499999997 0.014409721875 0.47356005 0.03381331875 0.48121936249999997 0.067514296875 0.496537990625 0.091002859375 0.51492034375 0.10530024375 0.544025734375 0.1236826 0.5501531875000001 0.151256128125 0.5593443625 0.17882965625 0.571599265625 0.21355188125 0.59457720625 0.23193423124999998 0.6313419125 0.253380309375 0.648192403125 0.25542279375 0.632873775 0.263592728125 0.59917279375 0.2717626625 0.580790440625 0.289123775 0.55168505 0.30546364375 0.534834559375 0.326909721875 0.5057291687500001 0.34222834999999996 0.49194240312500004 0.38205678125000003 0.488878678125 0.40860906874999997 0.499601715625 0.42903390625000004 0.52104779375 0.446395015625 0.5455575968749999 0.482138478125 0.5501531875000001 0.50562704375 0.5455575968749999 0.5296875 0.53499446875 0.5296875 0.362292346875 0.5046058 0.36020220625 0.40350285937499997 0.338756128125 0.34222834999999996 0.34181985312499996 0.3064848875 0.35407475625 0.247252859375 0.36326593125 0.182914625 0.35101103125 0.14921364374999999 0.35101103125 0.089685459375 0.3296875 0 0.3296875 0 0.45915032499999997
1 0.065625 0.621875 0.13125 0.3515625
1 0.1921875 0.690625 0.1171875 0.2890625
1 0.490625 0.6 0.078125 0.1953125
3 0.190625 0.70625 0.1625 0.328125
2 0.609375 0.5890625 0.1609375 0.51875