4 0.328125 0.35 0.028125 0.01875
5 0.31875 0.2984375 0.03125 0.0578125
2 0.234375 0.290625 0.04375 0.0671875
2 0.375 0.29375 0.028125 0.05
2 0.2 0.3 0.0296875 0.053125
4 0.2609375 0.34375 0.034375 0.03125
4 0.29375 0.3484375 0.0296875 0.021875
4 0.35625 0.346875 0.0296875 0.0265625
3 0.7578125 0.253125 0.059375 0.2140625
1 0.5359375 0.315625 0.0625 0.0875
1 0.6625 0.2875 0.0421875 0.1421875
1 0.609375 0.3 0.0390625 0.10625
3 0.5703125 0.265625 0.0734375 0.178125
3 0.8 0.253125 0.0453125 0.2109375
0 0 0.7676558124999999 0.011499184375 0.77751225625 0.026817809375 0.8096813718750001 0.0452001625 0.835723040625 0.06868872499999999 0.858700978125 0.09626225625 0.83112745 0.11566585 0.779044115625 0.130984478125 0.7453431375 0.14323938125 0.71011029375 0.163664215625 0.6672181375 0.18204656875 0.622794115625 0.193280228125 0.5921568625 0.20349264687500002 0.61973039375 0.220853759375 0.648835784375 0.24127859687500003 0.6733455875 0.26476715624999997 0.69785539375 0.27497957500000003 0.743811275 0.281107028125 0.792830884375 0.290298203125 0.8403186281249999 0.312765525 0.858700978125 0.3342116 0.8326593156250001 0.37097630625 0.79742646875 0.40059231874999995 0.7545343124999999 0.42714460625 0.71930146875 0.445526959375 0.687132353125 0.47105800625 0.6427083312499999 0.4796875 0.64486570625 0.4796875 0.48789992499999996 0.45165441250000005 0.48339460624999997 0.4077410125 0.45888480625000005 0.3638276125 0.4359068625 0.315829246875 0.42212009687499996 0.262724671875 0.42212009687499996 0.23106617499999998 0.42671568750000005 0.215747546875 0.457352940625 0.20145016249999997 0.457352940625 0.176940359375 0.419056371875 0.1422181375 0.39761029375 0.094219771875 0.39301470625 0.051327615625 0.39301470625 0.01558415 0.39301470625 0 0.385851025 0 0.7676558124999999
4 0.303125 0.88125 0.0890625 0.1609375
4 0.7484375 0.409375 0.06875 0.0984375