5 0.396875 0.309375 0.0390625 0.0734375
5 0.3609375 0.30625 0.0359375 0.0640625
5 0.31875 0.296875 0.0375 0.0671875
5 0.428125 0.3109375 0.034375 0.071875
0 0.947063203125 0.20057335625 0.950564603125 0.165559346875 0.9178848625 0.17081145 0.8910407906250001 0.179564953125 0.85369251875 0.17606355 0.84785685 0.20057335625 0.88287085625 0.21808035625 0.900377859375 0.24959296250000002 0.9225533968749999 0.267099965625 0.9330576 0.2355873625 0.947063203125 0.20057335625
0 0.8443554499999999 0.228584559375 0.84202118125 0.179564953125 0.812842846875 0.17606355 0.793001575 0.158556546875 0.75915470625 0.167310046875 0.7521519 0.197071953125 0.7638232375 0.22683385625 0.796502975 0.24259016249999998 0.8186785125 0.282856265625 0.830349846875 0.2565957625 0.8443554499999999 0.228584559375
0 1 0.471548434375 0.98557860625 0.435167190625 0.9750744062500001 0.44216999062499995 0.9575674 0.477183996875 0.944728934375 0.494691003125 0.9143834625 0.498192403125 0.9038792593749999 0.46843049687500005 0.89804359375 0.43866859375 0.8863722562499999 0.46142769375 0.8711995218749999 0.4929403 0.865363853125 0.529705009375 0.881703725 0.5332064062499999 0.92021913125 0.5332064062499999 0.979742940625 0.53495710625 1 0.533357865625 1 0.471548434375
4 0.6625 0.24375 0.059375 0.0875
4 0.728125 0.284375 0.05625 0.0828125
4 0.78125 0.2859375 0.0671875 0.146875
4 0.8703125 0.29375 0.0984375 0.1953125
4 0.9609375 0.2890625 0.078125 0.221875
0 1 0.6796875 0.98669611875 0.6796875 0.9115341718750001 0.693574034375 0.81780038125 0.7326593531250001 0.7834312531250001 0.815520153125 0.774057896875 0.8702395562499999 0.779592240625 1 1 1 1 0.887178325 0.9521521249999999 0.82802743125 1 0.79748066875 1 0.6796875