1 0.4125 0.36875 0.046875 0.0515625
1 0.459375 0.35625 0.0390625 0.065625
1 0.3828125 0.375 0.0390625 0.04375
3 0.4 0.3328125 0.05625 0.1265625
3 0.459375 0.328125 0.05 0.09375
3 0.490625 0.2 0.0828125 0.1796875
3 0.36875 0.340625 0.05625 0.0890625
1 0.24375 0.3046875 0.0453125 0.0515625
1 0.5375 0.33125 0.0390625 0.0515625
1 0.59375 0.309375 0.0375 0.0546875
1 0.9609375 0.453125 0.078125 0.1265625
1 0.9296875 0.5328125 0.140625 0.121875
1 0.9734375 0.371875 0.053125 0.125
1 0.9125 0.584375 0.1640625 0.0921875
2 0.175 0.9609375 0.0984375 0.078125
2 0.690625 0.775 0.0625 0.109375
2 0.7125 0.9140625 0.0390625 0.0515625