1 0.60625 0.328125 0.0375 0.0515625
1 0.478125 0.525 0.028125 0.090625
1 0.50625 0.515625 0.01875 0.0796875
1 0.528125 0.496875 0.025 0.0609375
1 0.5515625 0.5 0.0234375 0.065625
1 0.575 0.515625 0.025 0.0703125
1 0.603125 0.50625 0.021875 0.0703125
1 0.625 0.490625 0.01875 0.053125
0 0.55 0.5484375 0.1671875 0.059375
3 0.6171875 0.346875 0.04375 0.10625
3 0.59375 0.3703125 0.046875 0.084375
3 0.45 0.496875 0.0359375 0.0984375
4 0.459375 0.371875 0.025 0.0453125
4 0.4890625 0.38125 0.0171875 0.0390625
4 0.571875 0.36875 0.021875 0.046875