1 0.496875 0.3453125 0.0265625 0.08125
2 0.8984375 0.1140625 0.203125 0.228125
0 0.36059757187499997 0.835552809375 0.393277309375 0.8488506843750001 0.43762838437499996 0.8887442999999999 0.48314659375 0.90584156875 0.509375 0.89477355 0.509375 0.699380221875 0.50065359375 0.7348689187499999 0.48197945937500003 0.770963146875 0.47030812187500004 0.786160715625 0.450466853125 0.7614646656249999 0.43879551875 0.71207256875 0.424789915625 0.689276215625 0.41195145 0.689276215625 0.388608778125 0.755765578125 0.36059757187499997 0.7747625375 0.36059757187499997 0.835552809375
0 0.295238096875 0.742467703125 0.280065359375 0.77286284375 0.257889821875 0.81845555 0.24621848750000003 0.835552809375 0.225210084375 0.835552809375 0.225210084375 0.8716470375 0.257889821875 0.8697473406249999 0.28590102812499996 0.841251896875 0.305742296875 0.827954028125 0.3349206375 0.83175341875 0.3559290375 0.8260543312499999 0.354761903125 0.786160715625 0.340756303125 0.7804616249999999 0.325583565625 0.7443674 0.325583565625 0.689276215625 0.31274509687499996 0.6911759125 0.295238096875 0.742467703125
0 0.18552754375 0.7538658781249999 0.168020540625 0.797558890625 0.16101774062500002 0.8393522062500001 0.162184875 0.8583491656250001 0.172689075 0.86214855625 0.20070028125 0.875446428125 0.21937441875000002 0.8697473406249999 0.22404295 0.8241546375000001 0.21937441875000002 0.7823613218750001 0.22287581875 0.715871959375 0.212371615625 0.68167743125 0.19836601250000002 0.708273175 0.18552754375 0.7538658781249999
2 0.253125 0.778125 0.075 0.171875
2 0.175 0.7453125 0.0625 0.196875
2 0.1140625 0.740625 0.0453125 0.1296875
5 0.421875 0.653125 0.0484375 0.146875
4 0.321875 0.653125 0.046875 0.1328125
4 0.19375 0.6578125 0.0671875 0.1328125