2 0.1 0.415625 0.0546875 0.0890625
1 0.1734375 0.5234375 0.03125 0.08125
1 0.025 0.546875 0.028125 0.084375
3 0.08125 0.509375 0.046875 0.1015625
3 0.11875 0.503125 0.046875 0.0890625
3 0.1546875 0.503125 0.05 0.1046875
3 0.1875 0.4140625 0.0375 0.10625
5 0.5859375 0.01875 0.059375 0.0328125
5 0.553125 0.046875 0.0703125 0.0296875
2 0.484375 0.3078125 0.1015625 0.0390625
2 0.4421875 0.265625 0.0875 0.0484375
5 0.2125 0.959375 0.0828125 0.08125
5 0.2125 0.8609375 0.08125 0.0953125
5 0.228125 0.78125 0.0765625 0.0546875
5 0.246875 0.696875 0.10625 0.090625
5 0.275 0.6265625 0.090625 0.075
4 0.1625 0.6421875 0.075 0.0953125
4 0.1 0.784375 0.059375 0.0890625
4 0.884375 0.734375 0.05625 0.084375