5 0.2375 0.25 0.0515625 0.065625
5 0.25625 0.15 0.0375 0.0515625
5 0.121875 0.3625 0.0515625 0.0546875
1 0.584375 0.284375 0.0296875 0.059375
1 0.8484375 0.375 0.040625 0.0296875
1 0.7765625 0.315625 0.046875 0.0546875
3 0.7265625 0.25625 0.0984375 0.09375
3 0.8125 0.2875 0.0890625 0.1046875
3 0.65 0.3 0.0953125 0.109375
5 0.3625 0.6953125 0.025 0.053125
5 0.384375 0.7 0.03125 0.0671875
5 0.453125 0.6921875 0.0328125 0.059375
5 0.503125 0.709375 0.0390625 0.0734375
5 0.5484375 0.703125 0.0390625 0.0859375
4 0.425 0.71875 0.0453125 0.071875
4 0.475 0.703125 0.03125 0.053125
4 0.5234375 0.7046875 0.0390625 0.0703125
0 0.3875 0.7359375 0.028125 0.0359375
0 0.4484375 0.74375 0.0890625 0.040625
0 0.525 0.753125 0.0546875 0.0359375
4 0.703125 0.4125 0.05 0.046875
4 0.8109375 0.403125 0.04375 0.0265625
4 0.60625 0.4046875 0.05 0.03125