5 0.4625 0.265625 0.0171875 0.034375
5 0.49375 0.26875 0.0109375 0.0375
3 0.471875 0.2015625 0.05625 0.096875
3 0.48125 0.265625 0.03125 0.05
3 0.446875 0.25625 0.034375 0.0421875
2 0.6703125 0.115625 0.046875 0.0546875
2 0.628125 0.1953125 0.046875 0.065625
2 0.6390625 0.3078125 0.0609375 0.059375
4 0.7 0.0546875 0.075 0.0765625
4 0.9828125 0.0390625 0.034375 0.05625
4 0.9828125 0.11875 0.034375 0.0859375
4 0.65 0.29375 0.059375 0.1015625
4 0.6625 0.2 0.04375 0.0671875
4 0.6875 0.121875 0.0484375 0.071875
3 0.6 0.35625 0.0703125 0.0828125
3 0.596875 0.3875 0.0578125 0.0265625
2 0.9875 0.30625 0.025 0.071875
4 0.9828125 0.20625 0.034375 0.0921875
0 0.409375 0.884375 0.0625 0.0546875
1 0.2125 0.86875 0.0546875 0.0625
1 0.3390625 0.8921875 0.0828125 0.059375
5 0.259375 0.840625 0.04375 0.071875
5 0.3046875 0.8453125 0.04375 0.0703125