5 0.2625 0.221875 0.034375 0.0390625
5 0.346875 0.26875 0.028125 0.0296875
1 0.2875 0.278125 0.034375 0.0625
1 0.2640625 0.278125 0.0359375 0.05625
5 0.1875 0.1890625 0.021875 0.0203125
5 0.21875 0.1796875 0.028125 0.0203125
5 0.3 0.225 0.03125 0.0515625
5 0.34375 0.1671875 0.025 0.034375
5 0.375 0.1625 0.021875 0.0390625
5 0.39375 0.1765625 0.028125 0.040625
5 0.2375 0.2765625 0.028125 0.05625
5 0.3203125 0.2625 0.0328125 0.0703125
5 0.1859375 0.275 0.0296875 0.0359375
5 0.1703125 0.2578125 0.028125 0.034375
5 0.4078125 0.240625 0.0265625 0.028125
5 0.4125 0.1703125 0.0203125 0.0234375
0 0.64375 0.8375 0.1765625 0.1703125
0 0.8875 0.834375 0.225 0.234375