5 0.346875 0.30625 0.01875 0.0296875
5 0.296875 0.3109375 0.025 0.04375
5 0.2515625 0.309375 0.03125 0.046875
5 0.21875 0.309375 0.01875 0.0453125
5 0.184375 0.309375 0.0359375 0.04375
5 0.1484375 0.3015625 0.015625 0.040625
5 0.1953125 0.39375 0.0203125 0.0453125
5 0.215625 0.4 0.040625 0.04375
5 0.25625 0.4 0.0328125 0.0390625
5 0.303125 0.403125 0.028125 0.0515625
4 0.3390625 0.40625 0.0234375 0.040625
4 0.1890625 0.2875 0.021875 0.0296875
1 0.9328125 0.6265625 0.134375 0.134375
1 0.8796875 0.8265625 0.221875 0.346875
0 0.815625 0.6109375 0.09375 0.103125