1 0.40625 0.075 0.0515625 0.0671875
1 0.390625 0.034375 0.0546875 0.0671875
1 0.06875 0.1484375 0.084375 0.0859375
2 0.05625 0.2375 0.1109375 0.0609375
5 0.48125 0.1515625 0.05 0.071875
5 0.03125 0.3046875 0.0625 0.065625
2 0.865625 0.35625 0.0859375 0.1078125
4 0.709375 0.353125 0.1421875 0.1109375
4 0.590625 0.38125 0.1 0.0578125
3 0.590625 0.365625 0.103125 0.0890625
0 1 0.24453375312499998 0.960324078125 0.24212315 0.9211015093749999 0.240512340625 0.86117825 0.23568003124999998 0.823045259375 0.23568003124999998 0.671602815625 0.25823088437499997 0.62366426875 0.266284753125 0.593157846875 0.27594936875 0.549577290625 0.2840032375 0.5390625 0.28318505625 0.5390625 0.40902494999999994 0.539354978125 0.409375 0.5481851343749999 0.409375 0.5550248625 0.379038903125 0.571367571875 0.36293116875 0.6018739937500001 0.37098503437499997 0.6116795500000001 0.40803281562500004 0.612530653125 0.409375 0.6372024625 0.409375 0.6389173968749999 0.404811253125 0.65852868125 0.3403803125 0.6759608874999999 0.31944026875 0.697751165625 0.316218709375 0.7097358 0.316218709375 0.7195414437500001 0.325883325 0.74242121875 0.343601871875 0.760943003125 0.37259578125 0.778375209375 0.39836813437499996 0.7858201593749999 0.409375 0.790893975 0.409375 0.7979864937500001 0.387092771875 0.811060625 0.3403803125 0.829582328125 0.317829459375 0.85790975625 0.29688941562500004 0.8742524625 0.303332534375 0.9047588 0.3146079625 0.9167434406250001 0.364541915625 0.9309071531249999 0.40803281562500004 0.943981284375 0.380649653125 0.951607934375 0.34843418125 0.9526975125 0.3113864 0.9701296375 0.29205710625000003 0.9897409187499999 0.29688941562500004 1 0.312056865625 1 0.24453375312499998
0 0 0.609274203125 0.011548787500000001 0.6003501375 0.041894259375 0.62836134375 0.04656279375 0.5863445375 0.081576796875 0.560084034375 0.122426471875 0.5653361343750001 0.167944678125 0.605602240625 0.1761146125 0.574089634375 0.16327614375 0.523319328125 0.17144607812499998 0.46729691874999996 0.1796160125 0.4392857125 0.15277194375 0.411274509375 0.0990838 0.448039215625 0.0664040625 0.46379551875 0.033724321875000005 0.47955181874999997 0 0.49685772500000003 0 0.609274203125
0 0.42452544375 0.409375 0.30214558125 0.409375 0.29166083125000003 0.42352941250000004 0.26481675937500004 0.47780111875 0.283490896875 0.539075628125 0.30916783125 0.54782913125 0.318504903125 0.5040616250000001 0.338346171875 0.442787115625 0.38386438125 0.427030809375 0.4363853875 0.46729691874999996 0.450390990625 0.449789915625 0.42452544375 0.409375
5 0.084375 0.9484375 0.1671875 0.103125
1 0.9234375 0.6421875 0.0421875 0.075
1 0.9859375 0.65 0.028125 0.1046875
3 0.86875 0.534375 0.1328125 0.1328125
3 0.9609375 0.525 0.078125 0.1125
3 0.946875 0.64375 0.0765625 0.1359375
3 0.990625 0.6234375 0.01875 0.11875
5 0.7734375 0.66875 0.0546875 0.0640625
5 0.846875 0.671875 0.040625 0.0703125