0 0.734375 0.2 0.53125 0.4
5 0.0578125 0.7515625 0.0484375 0.05
5 0.1140625 0.753125 0.04375 0.0640625
5 0.1625 0.746875 0.046875 0.05
5 0.01875 0.7453125 0.0359375 0.046875
5 0.209375 0.74375 0.0421875 0.046875
2 0.1171875 0.665625 0.084375 0.1203125
4 0.03125 0.646875 0.0625 0.075
4 0.2 0.653125 0.046875 0.0703125
5 0.215625 0.8 0.0484375 0.0703125
5 0.159375 0.7953125 0.059375 0.071875
5 0.109375 0.796875 0.0578125 0.078125
5 0.0609375 0.790625 0.0578125 0.0671875
5 0.015625 0.790625 0.03125 0.06875
5 0.25 0.65 0.0578125 0.0921875