5 0.346875 0.371875 0.03125 0.040625
5 0.478125 0.3921875 0.0234375 0.0453125
5 0.4796875 0.3125 0.0234375 0.0578125
5 0.2375 0.353125 0.0234375 0.0421875
5 0.278125 0.35625 0.025 0.0390625
5 0.30625 0.3671875 0.0296875 0.046875
1 0.196875 0.2859375 0.0234375 0.046875
4 0.33125 0.2984375 0.0203125 0.046875
4 0.396875 0.29375 0.040625 0.06875
4 0.5 0.296875 0.0234375 0.0453125
4 0.396875 0.3671875 0.034375 0.04375
4 0.2734375 0.303125 0.0203125 0.0515625
5 0.684375 0.075 0.0609375 0.103125
5 0.953125 0.428125 0.03125 0.0609375
5 0.95 0.353125 0.0453125 0.0734375
5 0.953125 0.296875 0.0265625 0.06875
5 0.953125 0.2046875 0.04375 0.078125
5 0.953125 0.1203125 0.040625 0.0875
5 0.9265625 0.06875 0.05625 0.096875
5 0.8734375 0.034375 0.059375 0.06875
5 0.78125 0.025 0.05625 0.05
5 0.725 0.0328125 0.0453125 0.065625
5 0.68125 0.165625 0.0484375 0.09375
5 0.675 0.2546875 0.0390625 0.071875
5 0.64375 0.303125 0.078125 0.0828125
2 0.9875 0.390625 0.0234375 0.0734375
2 0.978125 0.6765625 0.0359375 0.046875
5 0.36875 0.90625 0.01875 0.0296875
5 0.31875 0.909375 0.025 0.04375
5 0.2734375 0.90625 0.03125 0.046875
5 0.240625 0.9078125 0.01875 0.0453125
5 0.20625 0.9078125 0.0359375 0.04375
5 0.1703125 0.9 0.015625 0.040625
5 0.215625 0.984375 0.0203125 0.03125
5 0.2375 0.9875 0.040625 0.025
5 0.2765625 0.9890625 0.034375 0.021875
5 0.325 0.9875 0.028125 0.025
4 0.359375 0.990625 0.0234375 0.0171875
4 0.2109375 0.884375 0.021875 0.0296875
0 1 0.8129349625 0.991174203125 0.8129349625 0.9721110218750001 0.8084546749999999 0.9485089875 0.802480959375 0.92672249375 0.8054678187500001 0.9203680999999999 0.82786925 0.9167370187499999 0.8577378281250001 0.905843771875 0.890593265625 0.8985816062499999 0.895073553125 0.8849650499999999 0.907020984375 0.8777028874999999 0.91150126875 0.86590186875 0.8995538406250001 0.8531930843750001 0.8696852625 0.8477464593749999 0.8472838250000001 0.8277755093750001 0.826375821875 0.818697803125 0.8084546749999999 0.805989015625 0.8039743874999999 0.78783360625 0.8039743874999999 0.7733092781249999 0.8039743874999999 0.763323803125 0.7950138124999999 0.75878495 0.7845598125000001 0.7397217687500001 0.766638665625 0.727012978125 0.766638665625 0.70976534375 0.78306638125 0.6997798656249999 0.7994941 0.69160993125 0.811441534375 0.687071078125 0.8189086781249999 0.670731209375 0.8204021062500001 0.670731209375 0.7994941 0.670731209375 0.786053240625 0.66891566875 0.76813209375 0.6580224218749999 0.759171521875 0.6498524875 0.766638665625 0.63895924375 0.778586096875 0.631697078125 0.790533528125 0.624434915625 0.7994941 0.61263389375 0.8084546749999999 0.607187271875 0.77111895 0.607187271875 0.74871751875 0.5990173375000001 0.757678090625 0.594478484375 0.7636518062500001 0.58630855 0.769625521875 0.56724536875 0.7755992375 0.5636142875 0.77111895 0.568153140625 0.7472240875 0.5663376 0.72034236875 0.561798746875 0.72631608125 0.5509055 0.736770084375 0.5409200249999999 0.74871751875 0.5296875 0.759277128125 0.5296875 0.80801323125 0.5427355656249999 0.8159218218750001 0.560890978125 0.826375821875 0.573599765625 0.8368298218750001 0.58540078125 0.8472838250000001 0.594478484375 0.8577378281250001 0.60174065 0.859231259375 0.6298815375 0.84877725625 0.648036946875 0.8607246843749999 0.66891566875 0.8696852625 0.68888661875 0.8816326906249999 0.70431871875 0.890593265625 0.715211965625 0.877152403125 0.72973629375 0.859231259375 0.747891703125 0.8696852625 0.774217046875 0.875658975 0.800542390625 0.886112978125 0.8268677375 0.9085144093749999 0.8422998375 0.917474984375 0.8622707875 0.932409275 0.875887346875 0.9383829875 0.8885961312499999 0.9383829875 0.905843771875 0.9294224156249999 0.914013709375 0.91150126875 0.9185525625000001 0.886112978125 0.9239991812499999 0.8831261218750001 0.9485089875 0.8935801250000001 0.9539556093750001 0.8995538406250001 0.9757421031250001 0.890593265625 0.9975285968750001 0.874165546875 1 0.8732088750000001 1 0.8129349625
1 0.70625 0.765625 0.0890625 0.1328125
1 0.79375 0.7609375 0.1015625 0.121875
1 0.8828125 0.78125 0.1125 0.1640625
1 0.965625 0.7703125 0.0671875 0.140625