0 0.60052083125 0.308455884375 0.615839459375 0.326838234375 0.632179328125 0.354411765625 0.64749795625 0.37892156875 0.657710375 0.4141544125 0.6720077625 0.40036764687500004 0.6934538406249999 0.362071078125 0.71489991875 0.325306371875 0.7230698531249999 0.31305146875 0.736345996875 0.30079656875 0.745537175 0.30079656875 0.757792075 0.308455884375 0.76187704375 0.340625 0.766983253125 0.359007353125 0.7751531875000001 0.40036764687500004 0.788429328125 0.348284315625 0.776174428125 0.29007353125 0.769025734375 0.259436275 0.739409721875 0.25024509687499996 0.716942403125 0.2625 0.6995812906250001 0.296200978125 0.68528390625 0.29926470625 0.6689440375 0.316115196875 0.65566789375 0.280882353125 0.6383067812500001 0.254840684375 0.609712009375 0.23952205937499998 0.559671159375 0.23952205937499998 0.516779003125 0.23952205937499998 0.507587825 0.274754903125 0.486141746875 0.29773284375000003 0.475929328125 0.316115196875 0.44937704375000004 0.31151960624999997 0.4390625 0.302236521875 0.4390625 0.359379378125 0.45346200937500003 0.37892156875 0.46367442812500004 0.41109068750000005 0.47899305625000005 0.398835784375 0.49329044062499994 0.37892156875 0.5116727937500001 0.3421568625 0.514736521875 0.31917892187499997 0.5341401125 0.30386029375 0.556607434375 0.29773284375000003 0.573968546875 0.29773284375000003 0.60052083125 0.308455884375
4 0.5625 0.4125 0.1765625 0.175
4 0.70625 0.4125 0.1421875 0.175
4 0.790625 0.425 0.0609375 0.1484375
1 0.2796875 0.71875 0.0453125 0.078125
1 0.2734375 0.60625 0.0609375 0.0921875
1 0.20625 0.6140625 0.0578125 0.0859375
1 0.2375 0.7171875 0.0453125 0.0734375
1 0.353125 0.59375 0.0359375 0.05625
1 0.196875 0.734375 0.0359375 0.0625
1 0.153125 0.740625 0.0421875 0.05625