2 0.675 0.165625 0.65 0.3296875
2 0.2546875 0.678125 0.0671875 0.084375
0 1 0.7084228312499999 0.982951096875 0.7057773093749999 0.940934290625 0.619992996875 0.92926295625 0.6339986 0.9199258875 0.695273109375 0.893081815625 0.7232843124999999 0.88724615 0.695273109375 0.8557335437500001 0.6427520999999999 0.841727940625 0.648004203125 0.8277223375 0.68651960625 0.7997111343750001 0.730287115625 0.77870273125 0.75829831875 0.76819853125 0.7215336125 0.7436887249999999 0.665511203125 0.726181721875 0.68476890625 0.7028390531250001 0.732037815625 0.6806635125 0.746043415625 0.666657915625 0.7075280125 0.6479837749999999 0.660259103125 0.633978175 0.6550070031249999 0.596629903125 0.7162815124999999 0.58379143125 0.7250350125 0.5534459625 0.693522409375 0.545276028125 0.625245096875 0.52893615625 0.61299019375 0.516097690625 0.651505603125 0.49742355 0.7127801125000001 0.47991655 0.747794115625 0.44840394375 0.75479691875 0.44140114375 0.768802521875 0.52193335625 0.774054621875 0.5522788281250001 0.779306725 0.603632703125 0.75829831875 0.651485178125 0.770553221875 0.6736607125 0.782808121875 0.736685925 0.781057425 0.7763684625 0.781057425 0.816051003125 0.770553221875 0.8382265406249999 0.760049021875 0.868572009375 0.74954481875 0.8860790125 0.75479691875 0.9152573531250001 0.770553221875 0.9537727593750001 0.75654761875 0.970112628125 0.75654761875 0.9981238343750001 0.75654761875 1 0.757798396875 1 0.7084228312499999
1 0.503125 0.4265625 0.09375 0.19375
1 0.63125 0.434375 0.159375 0.209375
1 0.7875 0.425 0.1515625 0.190625
1 0.91875 0.41875 0.1203125 0.178125
1 0.9859375 0.4296875 0.028125 0.203125
1 0.928125 0.6375 0.0734375 0.175
1 0.840625 0.646875 0.0796875 0.1921875
1 0.746875 0.6546875 0.075 0.1890625
1 0.640625 0.61875 0.0515625 0.1640625
5 0.8953125 0.6140625 0.0875 0.1734375
5 0.7 0.6484375 0.0859375 0.209375
5 0.59375 0.6609375 0.0828125 0.1859375
5 0.79375 0.6453125 0.0796875 0.2328125