2 0.278125 0.109375 0.0734375 0.08125
2 0.0390625 0.109375 0.0359375 0.0625
2 0.0125 0.1046875 0.025 0.071875
5 0.30625 0.190625 0.0328125 0.046875
2 0.08125 0.10625 0.05625 0.0890625
2 0.36875 0.128125 0.04375 0.0640625
2 0.3296875 0.1171875 0.0421875 0.06875
2 0.1375 0.11875 0.046875 0.0671875
2 0.203125 0.121875 0.0734375 0.1015625
2 0.9515625 0.115625 0.090625 0.23125
2 0.796875 0.1 0.2125 0.2
2 0.596875 0.096875 0.23125 0.19375
2 0.46875 0.06875 0.0984375 0.1375
2 0.128125 0.6875 0.075 0.078125
4 0.2109375 0.921875 0.0875 0.0796875
4 0.284375 0.9515625 0.08125 0.0875
4 0.40625 0.946875 0.0234375 0.09375
0 1 0.581262 0.9834156343749999 0.585159709375 0.9565029062500001 0.57725331875 0.9247843375 0.580415875 0.9045997937499999 0.55353415625 0.9017162875 0.585159709375 0.9170949875 0.61204143125 0.93151251875 0.66738615 0.947852390625 0.69426786875 0.9728427749999999 0.689524034375 0.990143815625 0.6626423124999999 1 0.656405771875 1 0.581262
0 0.8863375843749999 0.5646031 0.884415246875 0.5282337125 0.867114209375 0.532977546875 0.8402014875000001 0.532977546875 0.809444084375 0.53139626875 0.7767643468750001 0.50451455 0.76907499375 0.52348988125 0.77099733125 0.5582779875 0.781570190625 0.580415875 0.7882983718750001 0.608878875 0.811366421875 0.600972484375 0.832512134375 0.59939120625 0.8546190156250001 0.586740984375 0.8863375843749999 0.5646031
0 0.648928896875 0.5835784312500001 0.637394871875 0.61204143125 0.6095209781250001 0.604135040625 0.582608253125 0.5914848187499999 0.574918903125 0.626272928125 0.5883752624999999 0.64999209375 0.608559809375 0.654735928125 0.626822015625 0.66580486875 0.667191103125 0.68003636875 0.68449214375 0.62469165 0.698909675 0.58990354375 0.7267835687499999 0.5566967093749999 0.7565798 0.5408839375000001 0.77291966875 0.5060958249999999 0.7469681125000001 0.48553921562499996 0.73416318125 0.4796875 0.72404694375 0.4796875 0.7037155187499999 0.48712049375 0.6768027937500001 0.5124209375000001 0.659501753125 0.5440464875 0.648928896875 0.5835784312500001
1 0.978125 0.753125 0.0421875 0.196875
1 0.878125 0.6578125 0.1265625 0.184375
1 0.7296875 0.640625 0.13125 0.225
1 0.6109375 0.6953125 0.0859375 0.1109375
1 0.51875 0.675 0.0859375 0.115625
1 0.6546875 0.9640625 0.096875 0.071875
1 0.9328125 0.9640625 0.096875 0.071875
4 0.453125 0.784375 0.0484375 0.109375
3 0.525 0.75 0.1171875 0.3078125