0 0.0875 0.2328125 0.1734375 0.075
4 0.059375 0.1234375 0.0734375 0.078125
4 0.125 0.115625 0.0421875 0.06875
4 0.184375 0.1125 0.034375 0.0578125
4 0.125 0.20625 0.0625 0.1109375
4 0.06875 0.1875 0.0484375 0.05625
4 0.015625 0.1890625 0.03125 0.05625
2 0.48125 0.5546875 0.071875 0.0546875
0 0.308163409375 1 0.311892053125 0.9374981437500001 0.3462610625 0.8671446250000001 0.390003546875 0.7248742 0.390003546875 0.699859578125 0.344531215625 0.6734375 0.285334075 0.81711544375 0.199411434375 0.842130065625 0.19550031875 1 0.308163409375 1
5 0.7875 0.815625 0.0609375 0.109375
5 0.7453125 0.903125 0.0890625 0.1265625