3 0.2265625 0.33125 0.0703125 0.05
3 0.2234375 0.2734375 0.0484375 0.0515625
0 0.5078416781249999 0.5689071375 0.495003209375 0.519912809375 0.49266894375000003 0.452867940625 0.48449900625 0.411609559375 0.462323471875 0.445131996875 0.4354794 0.491547671875 0.430810865625 0.5405420000000001 0.45882206875 0.52249145625 0.470493403125 0.488969025 0.47632907500000005 0.5585925406250001 0.497337475 0.6694744375 0.512341203125 0.6890625 0.548942771875 0.6890625 0.566198353125 0.6797890343749999 0.581371090625 0.63337335625 0.6055883375 0.6890625 0.65378183125 0.6890625 0.6408948999999999 0.641109303125 0.61288369375 0.641109303125 0.597710959375 0.54312065 0.589541025 0.45802524062499994 0.579036825 0.416766859375 0.56503121875 0.47865442812500003 0.5568612875000001 0.55601389375 0.544022815625 0.612744165625 0.5230144125 0.6101655187499999 0.5078416781249999 0.5689071375
0 0.681744575 0.47091848125 0.66540470625 0.491547671875 0.6490648343750001 0.571485784375 0.636226365625 0.615322815625 0.651987084375 0.6890625 0.839628284375 0.6890625 0.8358062 0.666895790625 0.81129639375 0.60758686875 0.793789390625 0.5328060531250001 0.777449521875 0.5302274062500001 0.76461105 0.599850921875 0.7447697843750001 0.64368795 0.7144243125 0.615322815625 0.703920109375 0.5689071375 0.691081640625 0.504440915625 0.681744575 0.47091848125
0 0.44172487812499994 0 0.44715073437499997 0.029969540625000003 0.483331875 0.068649271875 0.511343078125 0.09959305625 0.52184728125 0.050598731249999994 0.542855684375 0.024812243749999997 0.57670255625 0.02223359375 0.590708159375 0.068649271875 0.6082151625 0.07638521875 0.62105363125 0.009340346874999999 0.644728059375 0 0.44172487812499994 0
0 0.6608549125 0 0.68991450625 0.014497646875 0.735432715625 0.081542515625 0.77394811875 0.081542515625 0.793789390625 0.029969540625000003 0.7899137781250001 0 0.6608549125 0
1 0.55 0.078125 0.1046875 0.15625
1 0.6609375 0.0421875 0.121875 0.084375
1 0.84375 0.040625 0.1296875 0.0796875
1 0.9640625 0.0234375 0.071875 0.046875
1 0.8375 0.6453125 0.0796875 0.0875
1 0.9625 0.5953125 0.075 0.1875
1 0.7328125 0.546875 0.09375 0.2578125
1 0.621875 0.559375 0.08125 0.2578125
1 0.390625 0.0625 0.06875 0.125
2 0.1109375 0.9125 0.221875 0.1734375
1 0.0875 0.9265625 0.175 0.140625
0 0.203125 0.84375 0.1515625 0.3109375
0 0.05625 0.84375 0.1125 0.3109375
2 0.9296875 0.8578125 0.0671875 0.0703125
2 0.9265625 0.90625 0.065625 0.059375