2 0.7875 0.3828125 0.0734375 0.071875
3 0.8484375 0.04375 0.090625 0.0875
3 0.796875 0.103125 0.0875 0.109375
0 0.58697916875 0.485763890625 0.60572916875 0.50243055625 0.6203125 0.5163194437499999 0.63697916875 0.56493055625 0.6463541687500001 0.584375 0.6546875 0.53020833125 0.6703125 0.506597221875 0.68385416875 0.482986109375 0.69947916875 0.470486109375 0.71822916875 0.46770833125 0.73697916875 0.46909722187499997 0.75260416875 0.484375 0.76614583125 0.520486109375 0.7734375 0.5538194437499999 0.78177083125 0.5802083312499999 0.79635416875 0.56770833125 0.803645834375 0.545486109375 0.8109375 0.523263890625 0.8296875 0.510763890625 0.8453125 0.49965277812500003 0.8734375 0.569097221875 0.8807291656249999 0.58854166875 0.883854165625 0.59131944375 0.8953125 0.55243055625 0.899479165625 0.521875 0.9109375 0.487152778125 0.899479165625 0.460763890625 0.877604165625 0.44131944375 0.8442708343750001 0.432986109375 0.8234375 0.434375 0.79739583125 0.43715277812500003 0.77864583125 0.423263890625 0.7699404750000001 0.41875 0.6695586625 0.41875 0.6453125 0.43993055625000005 0.63177083125 0.432986109375 0.6046875 0.420486109375 0.5864583375 0.41875 0.55478515625 0.41875 0.5328125 0.42743055625000004 0.509375 0.44247685 0.509375 0.5788194437499999 0.5109375 0.560763890625 0.5140625 0.532986109375 0.52864583125 0.510763890625 0.5390625 0.498263890625 0.55572916875 0.49270833124999996 0.58072916875 0.482986109375 0.58697916875 0.485763890625
0 0.8671875 0.9232638874999999 0.8755208343750001 0.887152778125 0.903645834375 0.91631944375 0.9182291656249999 0.8954861125000001 0.9078125 0.8552083343750001 0.8963541656249999 0.8302083343750001 0.8786458343750001 0.8079861125000001 0.866145834375 0.8302083343750001 0.8609375 0.86493055625 0.8359375 0.8704861125000001 0.8046875 0.856597221875 0.7890625 0.8510416656249999 0.7859375 0.8607638874999999 0.7713541687500001 0.884375 0.74947916875 0.874652778125 0.73177083125 0.856597221875 0.72239583125 0.8357638875 0.7078125 0.8204861125 0.6984375 0.8260416656249999 0.69114583125 0.8357638875 0.68489583125 0.8524305562500001 0.68385416875 0.8635416656249999 0.67552083125 0.9121527781250001 0.6661458312499999 0.9079861125 0.6546875 0.8635416656249999 0.6328125 0.8524305562500001 0.6192708312499999 0.8454861125 0.59635416875 0.831597221875 0.58489583125 0.838541665625 0.57552083125 0.8496527781250001 0.56510416875 0.880208334375 0.5421875 0.87881944375 0.52864583125 0.8510416656249999 0.5234375 0.819097221875 0.5140625 0.796875 0.509375 0.7997159093749999 0.509375 0.9851774687500001 0.51927083125 0.9857638874999999 0.57864583125 0.9885416656249999 0.61822916875 0.984375 0.65260416875 0.9774305562500001 0.6921875 0.969097221875 0.7203125 0.9607638875 0.75885416875 0.96631944375 0.8171875 0.963541665625 0.852604165625 0.938541665625 0.8671875 0.9232638874999999
1 0.51875 0.853125 0.01875 0.1515625
1 0.575 0.859375 0.075 0.1328125
1 0.665625 0.871875 0.0890625 0.1359375
1 0.74375 0.834375 0.084375 0.153125
1 0.83125 0.834375 0.0828125 0.1796875
1 0.915625 0.8203125 0.075 0.1828125
3 0.640625 0.753125 0.1171875 0.271875
3 0.578125 0.565625 0.1359375 0.2
3 0.725 0.55625 0.134375 0.2578125
3 0.5625 0.765625 0.10625 0.2359375
3 0.90625 0.753125 0.078125 0.2296875
3 0.8265625 0.56875 0.0875 0.165625
3 0.9125 0.5859375 0.071875 0.184375
1 0.571875 0.496875 0.1078125 0.0890625
1 0.83125 0.5125 0.0515625 0.0703125
1 0.9125 0.50625 0.065625 0.0859375