2 0.1859375 0.121875 0.0359375 0.0625
2 0.2046875 0.115625 0.009375 0.071875
2 0.14375 0.11875 0.05625 0.0890625
2 0.0875 0.13125 0.046875 0.0671875
2 0.028125 0.1296875 0.05625 0.103125
5 0.359375 0.225 0.059375 0.1015625
5 0.359375 0.30625 0.065625 0.1046875
5 0.659375 0.184375 0.0546875 0.090625
1 0.021875 0.6546875 0.04375 0.321875
1 0.09375 0.8890625 0.1875 0.221875
0 0.10625 0.690625 0.1125 0.1890625
0 0.1890625 0.8640625 0.040625 0.271875
1 0.571875 0.4 0.0578125 0.0453125
1 0.6125 0.38125 0.053125 0.0421875
1 0.678125 0.4234375 0.0421875 0.0421875
1 0.6421875 0.378125 0.05 0.0390625
1 0.696875 0.45 0.0359375 0.0390625
1 0.7171875 0.5125 0.05 0.0390625
1 0.70625 0.478125 0.0515625 0.0328125
1 0.7171875 0.54375 0.04375 0.046875
1 0.6625 0.590625 0.0453125 0.04375
3 0.675 0.390625 0.0625 0.0640625