0 0.68776698125 0.24361869687499998 0.659755778125 0.248870796875 0.63991450625 0.2628764 0.621240371875 0.304893209375 0.6084018999999999 0.327652309375 0.5757221625 0.32064950937500003 0.557048028125 0.278632703125 0.54537669375 0.245369396875 0.524368290625 0.261125703125 0.5115298187499999 0.31364670625 0.516198353125 0.34866071249999997 0.531371090625 0.36616771875 0.573387896875 0.367918415625 0.63991450625 0.36616771875 0.6620900437499999 0.33115371250000003 0.691268384375 0.310145309375 0.740287990625 0.3224002125 0.79047473125 0.327652309375 0.791641865625 0.30839460625 0.763630659375 0.26637780312500003 0.736786590625 0.23311449374999998 0.7157781875 0.236615896875 0.68776698125 0.24361869687499998
4 0.765625 0.015625 0.1421875 0.03125
5 0.7015625 0.1953125 0.0796875 0.1578125
5 0.790625 0.225 0.0953125 0.1578125
5 0.8875 0.196875 0.0875 0.1453125
5 0.60625 0.25 0.0890625 0.1703125
5 0.528125 0.2296875 0.0734375 0.128125
3 0.46875 0.265625 0.0609375 0.2359375
3 0.521875 0.203125 0.0796875 0.1859375
3 0.6046875 0.2125 0.090625 0.21875
3 0.7 0.1625 0.084375 0.1921875
3 0.7875 0.2 0.090625 0.2171875
3 0.8875 0.196875 0.0890625 0.1875
3 0.584375 0.0625 0.153125 0.1234375
3 0.7625 0.046875 0.15625 0.09375
4 0.696875 0.821875 0.2703125 0.153125