2 0.2296875 0.090625 0.0578125 0.0484375
1 0.021875 0.103125 0.04375 0.04375
1 0.23125 0.0765625 0.0453125 0.025
1 0.25 0.115625 0.0625 0.0328125
1 0.24375 0.146875 0.084375 0.028125
1 0.025 0.0875 0.05 0.0234375
5 0.2734375 0.171875 0.046875 0.028125
5 0.140625 0.071875 0.0875 0.04375
5 0.009375 0.14375 0.01875 0.025
0 0 0.334933128125 0.005692459375 0.32517566875 0.024822543750000002 0.317779215625 0.046973165625 0.317779215625 0.07516486875 0.32813424687500004 0.0953018 0.3399685625 0.12047296874999999 0.375471521875 0.13456881874999999 0.40209874687499997 0.15067835937500001 0.43612240625 0.16175367499999999 0.416891640625 0.17584952812500002 0.375471521875 0.1949796125 0.3296135375 0.1587331375 0.31038276875 0.150419246875 0.3 0 0.3 0 0.334933128125
1 0.3609375 0.4546875 0.05625 0.225
1 0.24375 0.4359375 0.18125 0.271875
1 0.0765625 0.44375 0.153125 0.2828125
0 0.277658759375 0.3 0.28770087499999997 0.32213386875 0.299827603125 0.356151846875 0.30533972187499997 0.40150919375000005 0.325183209375 0.446866446875 0.33620744375 0.432287290625 0.3626657125 0.372350878125 0.3890625 0.3771993125 0.3890625 0.3 0.277658759375 0.3