1 0.846875 0.096875 0.090625 0.1828125
1 0.7609375 0.09375 0.103125 0.1875
1 0.9671875 0.1234375 0.065625 0.128125
1 0.9671875 0.0375 0.059375 0.075
4 0.534375 0.375 0.0296875 0.1015625
4 0.46875 0.3875 0.0703125 0.1234375
4 0.534375 0.534375 0.03125 0.0953125
4 0.490625 0.503125 0.0421875 0.0625
4 0.434375 0.525 0.04375 0.0734375
3 0.559375 0.4265625 0.01875 0.103125
3 0.571875 0.6046875 0.04375 0.065625
3 0.596875 0.61875 0.046875 0.0390625
3 0.6359375 0.6078125 0.0515625 0.0453125
3 0.55625 0.60625 0.0109375 0.0484375
3 0.59375 0.4296875 0.0703125 0.096875