0 0.15625 0.225 0.3125 0.45
1 0.6140625 0.3796875 0.0796875 0.1
3 0.803125 0.3390625 0.1171875 0.221875
3 0.778125 0.11875 0.109375 0.2359375
3 0.584375 0.3484375 0.0296875 0.203125
3 0.2859375 0.803125 0.015625 0.028125
3 0.30625 0.7640625 0.015625 0.028125
3 0.275 0.8015625 0.0171875 0.0265625
3 0.25 0.8 0.0203125 0.028125
5 0.2875 0.8 0.0171875 0.025
1 0.60625 0.559375 0.0734375 0.1265625
1 0.5875 0.640625 0.0375 0.1234375
1 0.6125 0.496875 0.0890625 0.0921875
5 0.9859375 0.5 0.028125 0.0984375