5 0.075 0.4015625 0.14375 0.396875
0 0.26875 0.2984375 0.4 0.303125
0 0 0.92265625 0.002604165625 0.915277778125 0.0015625 0.8847222218749999 0.0078125 0.8736111125000001 0.015104168749999999 0.8625 0.0234375 0.85 0.03177083125 0.8458333343750001 0.03697916875 0.8486111125000001 0.049479168750000004 0.8625 0.061979165625 0.8833333343750001 0.074479165625 0.915277778125 0.078645834375 0.925 0.086979165625 0.9263888874999999 0.0953125 0.9125 0.0984375 0.8763888874999999 0.1015625 0.8486111125000001 0.11614583125 0.8263888875 0.1265625 0.8138888874999999 0.14322916875 0.8083333343750001 0.16822916875 0.798611109375 0.17447916875 0.8013888874999999 0.19322916875 0.81805555625 0.2078125 0.83194444375 0.22447916562499998 0.88055555625 0.233854165625 0.9 0.2421875 0.8458333343750001 0.2578125 0.8222222218749999 0.271354165625 0.798611109375 0.286979165625 0.786111109375 0.30572916562499997 0.7833333312499999 0.324479165625 0.784722221875 0.340104165625 0.8 0.353645834375 0.8361111125 0.3609375 0.86944444375 0.369270834375 0.895833334375 0.38385416562499997 0.8833333343750001 0.391145834375 0.8611111125 0.3984375 0.8388888874999999 0.4171875 0.8263888875 0.4328125 0.815277778125 0.4609375 0.8847222218749999 0.46822916875000004 0.9041666656249999 0.46875 0.9046296281249999 0.46875 0.7601851843749999 0.46510416875000005 0.7569444437499999 0.43177083125 0.748611109375 0.4109375 0.75 0.384895834375 0.752777778125 0.36614583437500003 0.738888890625 0.347395834375 0.72916666875 0.3046875 0.723611109375 0.2828125 0.723611109375 0.263020834375 0.72916666875 0.2328125 0.75555555625 0.219270834375 0.748611109375 0.1921875 0.736111109375 0.1484375 0.73194444375 0.1203125 0.7430555562500001 0.0921875 0.761111109375 0.091145834375 0.772222221875 0.077604165625 0.8125 0.068229165625 0.833333334375 0.044270831249999996 0.8194444437499999 0 0.826308140625 0 0.92265625
3 0.228125 0.965625 0.1171875 0.06875
3 0.165625 0.88125 0.1359375 0.2
3 0.3125 0.871875 0.134375 0.25625
3 0.4140625 0.884375 0.0875 0.165625
1 0.03125 0.890625 0.0625 0.11875
1 0.159375 0.8125 0.1078125 0.0890625
1 0.41875 0.828125 0.0515625 0.0703125
5 0.54375 0.775 0.1484375 0.2390625