2 0.0859375 0.2125 0.171875 0.4234375
5 0.640625 0.346875 0.0546875 0.1125
5 0.70625 0.3328125 0.0265625 0.0734375
3 0.8375 0.140625 0.1296875 0.2109375
3 0.715625 0.1984375 0.10625 0.16875
3 0.625 0.1921875 0.103125 0.1078125
3 0.94375 0.15625 0.1046875 0.1265625
3 0.3390625 0.8296875 0.1328125 0.1875
3 0.2875 0.628125 0.103125 0.0546875
3 0.2640625 0.7109375 0.1015625 0.178125
3 0.596875 0.85625 0.0765625 0.2265625
3 0.690625 0.765625 0.1078125 0.18125
3 0.728125 0.928125 0.1109375 0.1421875
3 0.790625 0.8578125 0.146875 0.209375
3 0.90625 0.9 0.1296875 0.1953125