5 0.34375 0.078125 0.03125 0.15625
5 0.16875 0.15 0.090625 0.3
5 0.0234375 0.125 0.046875 0.2484375
3 0.61875 0.2140625 0.09375 0.171875
3 0.75625 0.3859375 0.078125 0.171875
3 0.5796875 0.365625 0.1140625 0.196875
3 0.6453125 0.34375 0.0640625 0.1375
3 0.9078125 0.1765625 0.1046875 0.15625
3 0.86875 0.20625 0.0609375 0.1359375
3 0.803125 0.359375 0.0546875 0.1515625
3 0.859375 0.3578125 0.071875 0.171875
3 0.81875 0.20625 0.0984375 0.190625
1 0.65625 0.19375 0.0625 0.0921875
1 0.5859375 0.209375 0.034375 0.0796875
0 0.571875 0.134375 0.165625 0.1171875
0 0.721875 0.125 0.190625 0.1078125
3 0.13125 0.7390625 0.1421875 0.059375
3 0.0734375 0.871875 0.146875 0.25625