2 0.25625 0.28125 0.1328125 0.0953125
2 0.0234375 0.19375 0.046875 0.184375
5 0.984375 0.259375 0.03125 0.075
3 0.978125 0.20625 0.04375 0.1671875
3 0.703125 0.21875 0.0484375 0.190625
3 0.925 0.215625 0.1171875 0.2265625
2 0.290625 0.6171875 0.3046875 0.3875
4 0.9859375 0.8703125 0.028125 0.046875
4 0.9609375 0.88125 0.0328125 0.0390625
4 0.921875 0.871875 0.028125 0.0390625
3 0.9203125 0.85625 0.04375 0.0609375
3 0.95625 0.8625 0.0421875 0.059375
3 0.984375 0.865625 0.03125 0.0703125
3 0.89375 0.8484375 0.04375 0.071875
3 0.859375 0.8375 0.0328125 0.065625