3 0.84375 0.2453125 0.078125 0.08125
2 0.346875 0.684375 0.0234375 0.0515625
2 0.64375 0.578125 0.10625 0.1203125
4 0.74375 0.725 0.1140625 0.1578125
1 0.578125 0.7 0.1 0.1203125
1 0.54375 0.934375 0.0546875 0.11875
1 0.6375 0.95625 0.071875 0.0875
1 0.8765625 0.9421875 0.078125 0.115625
1 0.975 0.915625 0.0484375 0.13125
4 0.95625 0.684375 0.0875 0.1109375
0 1 0.4632448125 0.997751303125 0.46315913750000004 0.877217528125 0.46315913750000004 0.7784824625 0.46315913750000004 0.6887232812499999 0.460594278125 0.55793136875 0.47854822812500003 0.4796875 0.503532621875 0.4796875 0.621458371875 0.49253531562499997 0.6106378718750001 0.516898540625 0.62089725 0.54510863125 0.640133603125 0.5681895031249999 0.663217215625 0.596399590625 0.6734765968749999 0.606657721875 0.6452632656249999 0.611786840625 0.6042257531249999 0.636150065625 0.549081521875 0.661795546875 0.579859684375 0.679747403125 0.6029433 0.709239646875 0.6311566281250001 0.740014240625 0.6606523625 0.759248353125 0.667064478125 0.7720710937499999 0.679888715625 0.804127946875 0.6529578375 0.841313915625 0.597813634375 0.8643947875 0.573447565625 0.877217528125 0.554211215625 0.89132261875 0.55677604375 0.907992121875 0.579859684375 0.9528717125 0.614485134375 0.9605653375 0.6439808625000001 0.9926222906250001 0.640133603125 1 0.634821034375 1 0.4632448125