2 0.2453125 0.0515625 0.08125 0.103125
5 0.353125 0.1046875 0.1046875 0.1296875
1 0.41875 0.3625 0.0640625 0.0953125
3 0.2078125 0.2390625 0.1359375 0.2203125
3 0.103125 0.240625 0.0953125 0.196875
3 0.31875 0.2640625 0.1109375 0.1890625
3 0.25 0.103125 0.1375 0.19375
3 0.496875 0.1046875 0.0921875 0.18125
3 0.5265625 0.284375 0.1109375 0.171875
3 0.5875 0.196875 0.146875 0.209375
3 0.703125 0.2390625 0.1296875 0.1953125
3 0.4890625 0.96875 0.078125 0.0625
3 0.6515625 0.9734375 0.134375 0.053125