2 0.3546875 0.128125 0.08125 0.1078125
5 0.246875 0.1828125 0.1046875 0.1296875
1 0.1578125 0.43125 0.1125 0.075
3 0.3921875 0.3171875 0.1359375 0.2203125
3 0.4890625 0.3171875 0.08125 0.196875
3 0.28125 0.3421875 0.1109375 0.1890625
3 0.35 0.18125 0.1375 0.19375
4 0.81875 0.296875 0.0984375 0.1375
0 0.63771395625 0.0964040125 0.6617565937500001 0.149303971875 0.676182203125 0.21021907812500001 0.6954162625 0.247088746875 0.7338845093749999 0.17495242187499999 0.7451043562499999 0.123655528125 0.775558390625 0.1268615375 0.793189634375 0.14289183125 0.8044096062499999 0.21502815625 0.8236436656249999 0.259913028125 0.8492891218749999 0.18457063125 0.868523309375 0.10441916250000001 0.906991553125 0.09319794375 0.91981421875 0.11884639062499999 0.926225615625 0.216631221875 0.932637009375 0.291973615625 0.9518710718750001 0.23105845 0.9788461906249999 0.1699919875 0.9711052562500001 0.06754949375 0.93584264375 0.04671009375 0.884551734375 0.037091912500000004 0.8076152406249999 0.027473787500000003 0.6633594125 0.013046468750000002 0.57360025625 0.011443496875 0.5296875 0.011900959375 0.5296875 0.186150128125 0.536734828125 0.154113046875 0.5591746468750001 0.10441916250000001 0.588025859375 0.085182796875 0.63771395625 0.0964040125
1 0.6828125 0.859375 0.0328125 0.078125
1 0.6453125 0.8390625 0.0203125 0.059375
1 0.71875 0.8515625 0.0234375 0.06875
1 0.7375 0.759375 0.01875 0.059375
1 0.609375 0.840625 0.0265625 0.0609375
1 0.753125 0.834375 0.021875 0.065625