2 0.234375 0.290625 0.078125 0.140625
2 0.325 0.271875 0.1171875 0.1640625
2 0.6203125 0.26875 0.08125 0.1078125
5 0.728125 0.3234375 0.1046875 0.1296875
2 0.20625 0.53125 0.0578125 0.0875
1 0.090625 0.5640625 0.109375 0.065625
1 0.8171875 0.58125 0.1125 0.0953125
5 0.0765625 0.3046875 0.0828125 0.09375
5 0.121875 0.33125 0.071875 0.0765625
1 0.16875 0.284375 0.1 0.0875
3 0.5828125 0.4578125 0.1359375 0.2203125
3 0.478125 0.459375 0.0953125 0.196875
3 0.69375 0.4828125 0.1109375 0.1890625
3 0.625 0.321875 0.1375 0.19375