3 0.271875 0.2375 0.1421875 0.1671875
3 0.3171875 0.25625 0.09375 0.103125
3 0.9171875 0.26875 0.09375 0.2078125
3 0.478125 0.203125 0.1171875 0.25
3 0.9765625 0.2046875 0.046875 0.221875
3 0.903125 0.465625 0.1125 0.1890625
3 0.534375 0.4625 0.075 0.1625
3 0.6171875 0.484375 0.109375 0.1890625
3 0.1734375 0.8546875 0.153125 0.1609375
0 0.53645833125 0.9852430562500001 0.57083333125 0.9921875 0.61041666875 0.9963541656249999 0.6697916687500001 0.9935763874999999 0.7166666687500001 0.9907986125000001 0.7520833312499999 0.9796875 0.7947916687500001 0.9671875 0.848958334375 0.9394097218749999 0.86875 0.8935763874999999 0.8729166656249999 0.839409721875 0.864583334375 0.793576390625 0.846875 0.76024305625 0.838541665625 0.7421875 0.827083334375 0.72135416875 0.81875 0.7421875 0.8166666656249999 0.7671875 0.8260416656249999 0.79635416875 0.8145833343750001 0.8366319437499999 0.8041666656249999 0.8574652781250001 0.78645833125 0.851909721875 0.7875 0.8171875 0.77291666875 0.8046875 0.76041666875 0.78524305625 0.759375 0.8157986125000001 0.75625 0.839409721875 0.7520833312499999 0.8630208343750001 0.7375 0.851909721875 0.72291666875 0.8407986125000001 0.70833333125 0.8185763875 0.69791666875 0.8185763875 0.675 0.8046875 0.665625 0.826909721875 0.66041666875 0.8588541656249999 0.646875 0.88663194375 0.62395833125 0.888020834375 0.61354166875 0.8574652781250001 0.60416666875 0.846354165625 0.59270833125 0.839409721875 0.56979166875 0.8532986125 0.55625 0.8602430562500001 0.534375 0.8713541656249999 0.52291666875 0.9157986125 0.5135416687500001 0.9199652781250001 0.50520833125 0.8713541656249999 0.50416666875 0.8602430562500001 0.49791666875 0.8435763875 0.490625 0.8338541656249999 0.48125 0.8282986125 0.46666666875 0.8435763875 0.45729166875000005 0.864409721875 0.43958333125 0.882465278125 0.41770833124999995 0.8921875 0.403125 0.8685763874999999 0.4 0.8588541656249999 0.384375 0.864409721875 0.3796875 0.8664930562500001 0.3796875 0.971726190625 0.43020833124999996 0.97413194375 0.46875 0.9685763875 0.496875 0.976909721875 0.53645833125 0.9852430562500001
1 0.790625 0.825 0.078125 0.1171875
1 0.7015625 0.8625 0.0828125 0.1515625
1 0.6140625 0.86875 0.075 0.1328125
1 0.5234375 0.878125 0.0890625 0.1359375
1 0.446875 0.840625 0.084375 0.153125
1 0.3890625 0.84375 0.01875 0.1796875
3 0.55 0.759375 0.1171875 0.271875
3 0.609375 0.6265625 0.1359375 0.09375
3 0.4640625 0.6375 0.134375 0.1140625
3 0.6296875 0.775 0.1140625 0.2359375
1 0.8328125 0.60625 0.0625 0.0546875
1 0.746875 0.6109375 0.0734375 0.0625
2 0.896875 0.790625 0.05625 0.1078125