2 0.075 0.2640625 0.090625 0.109375
2 0.26875 0.275 0.0546875 0.0625
1 0.178125 0.4734375 0.1171875 0.153125
1 0.0625 0.396875 0.1140625 0.09375
2 0.484375 0.16875 0.0296875 0.075
2 0.3984375 0.26875 0.04375 0.078125
2 0.2765625 0.421875 0.04375 0.0890625
5 0.0171875 0.325 0.034375 0.0921875
4 0.4359375 0.45625 0.075 0.09375
4 0.4859375 0.41875 0.028125 0.078125
4 0.475 0.103125 0.05 0.1109375
2 0.6 0.3703125 0.2 0.4125
3 0.8703125 0.96875 0.015625 0.028125
3 0.890625 0.93125 0.015625 0.028125
3 0.859375 0.96875 0.0171875 0.0265625
3 0.834375 0.9671875 0.0203125 0.028125
5 0.871875 0.9671875 0.0171875 0.025