2 0.3265625 0.40625 0.090625 0.109375
2 0.51875 0.41875 0.0546875 0.0625
1 0.4296875 0.615625 0.1171875 0.153125
1 0.3140625 0.5390625 0.1140625 0.09375
2 0.8890625 0.2515625 0.0515625 0.1203125
2 0.7375 0.3109375 0.03125 0.075
2 0.65 0.409375 0.04375 0.078125
2 0.8265625 0.3453125 0.028125 0.04375
2 0.528125 0.565625 0.04375 0.0890625
1 0.95625 0.5546875 0.0875 0.1171875
5 0.25 0.46875 0.0734375 0.0921875
5 0.8171875 0.21875 0.0921875 0.1171875
5 0.940625 0.428125 0.0890625 0.134375
5 0.95625 0.2390625 0.0796875 0.1625
4 0.6875 0.596875 0.075 0.09375
4 0.7625 0.5609375 0.075 0.078125
4 0.728125 0.246875 0.0546875 0.1109375