2 0.1640625 0.05 0.090625 0.0984375
2 0.315625 0.0609375 0.075 0.121875
5 0.50625 0.259375 0.034375 0.0390625
5 0.421875 0.303125 0.028125 0.0296875
1 0.48125 0.3125 0.034375 0.0625
1 0.50625 0.3125 0.0359375 0.05625
5 0.58125 0.225 0.021875 0.0203125
5 0.553125 0.215625 0.028125 0.0203125
5 0.4703125 0.2609375 0.03125 0.0515625
5 0.4265625 0.203125 0.025 0.034375
5 0.396875 0.196875 0.015625 0.0390625
5 0.534375 0.3125 0.028125 0.05625
5 0.45 0.2984375 0.0328125 0.0703125
5 0.584375 0.3125 0.0296875 0.0359375
5 0.6 0.29375 0.028125 0.034375
2 0.6453125 0.796875 0.265625 0.4046875