2 0.246875 0.4875 0.2390625 0.04375
0 0.26869519375 1 0.268792515625 0.996464765625 0.2517857125 0.915383684375 0.2390306125 0.919244690625 0.219466678125 1 0.26869519375 1
2 0.059375 0.6375 0.09375 0.25625
2 0.171875 0.625 0.1234375 0.2296875
2 0.36875 0.61875 0.0984375 0.2203125
3 0.81875 0.7609375 0.0921875 0.140625
3 0.746875 0.75625 0.0859375 0.140625
3 0.478125 0.775 0.090625 0.153125
3 0.440625 0.728125 0.04375 0.140625
5 0.71875 0.759375 0.078125 0.1265625
5 0.478125 0.76875 0.059375 0.121875
2 0.85 0.859375 0.103125 0.078125