2 0.084375 0.284375 0.0296875 0.1109375
2 0.0125 0.3078125 0.025 0.121875
3 0.18125 0.2890625 0.0703125 0.1140625
3 0.059375 0.384375 0.059375 0.0921875
3 0.1125 0.2875 0.09375 0.14375
3 0.0421875 0.3 0.084375 0.1671875
3 0.01875 0.3890625 0.0375 0.078125
3 0.121875 0.396875 0.065625 0.065625
3 0.740625 0.19375 0.09375 0.2078125
3 0.84375 0.13125 0.13125 0.2234375
3 0.86875 0.2015625 0.1140625 0.209375
3 0.725 0.3625 0.1125 0.1328125
3 0.471875 0.3734375 0.0453125 0.1125
3 0.85625 0.3515625 0.090625 0.15625
1 0.18125 0.7953125 0.034375 0.06875
1 0.1359375 0.840625 0.0484375 0.1203125
1 0.0859375 0.815625 0.0296875 0.06875
1 0.03125 0.628125 0.0359375 0.0953125
2 0.159375 0.565625 0.0359375 0.071875
5 0.046875 0.690625 0.0453125 0.0859375
5 0.0296875 0.7703125 0.0484375 0.0796875
1 0.0890625 0.578125 0.04375 0.0828125
1 0.9609375 0.984375 0.03125 0.03125