2 0.421875 0.684375 0.0296875 0.1109375
2 0.59375 0.7078125 0.028125 0.0734375
2 0.503125 0.7109375 0.0515625 0.1234375
2 0.7546875 0.840625 0.0671875 0.05
2 0.721875 0.878125 0.0515625 0.065625
2 0.384375 0.8875 0.021875 0.0421875
3 0.721875 0.66875 0.125 0.140625
3 0.690625 0.815625 0.0734375 0.15625
3 0.3234375 0.6890625 0.0703125 0.1140625
3 0.4453125 0.821875 0.059375 0.1671875
3 0.390625 0.6875 0.09375 0.14375
3 0.465625 0.7 0.09375 0.1671875
3 0.553125 0.703125 0.090625 0.1828125
3 0.496875 0.8328125 0.0640625 0.1640625
3 0.553125 0.8546875 0.0625 0.1765625
3 0.6265625 0.8375 0.0734375 0.1640625
3 0.3828125 0.84375 0.065625 0.15625