5 0.2328125 0.4828125 0.075 0.0984375
5 0.334375 0.521875 0.090625 0.075
5 0.46875 0.56875 0.09375 0.0828125
5 0.5640625 0.6265625 0.0671875 0.1296875
5 0.675 0.6109375 0.09375 0.1375
5 0.125 0.459375 0.09375 0.121875
5 0.046875 0.465625 0.078125 0.2546875
5 0.8125 0.6171875 0.0546875 0.09375
1 0.696875 0.534375 0.096875 0.0734375
1 0.4765625 0.5421875 0.1140625 0.1125
1 0.34375 0.5 0.1078125 0.125
1 0.1390625 0.425 0.109375 0.115625
1 0.05 0.4 0.084375 0.1125
1 0.5859375 0.56875 0.0734375 0.078125