5 0.1609375 0.26875 0.075 0.0984375
5 0.2625 0.3078125 0.090625 0.075
5 0.396875 0.3546875 0.09375 0.0828125
5 0.4921875 0.4125 0.0671875 0.1296875
5 0.5875 0.396875 0.0625 0.1375
5 0.053125 0.2453125 0.09375 0.121875
1 0.596875 0.321875 0.0421875 0.0734375
1 0.4046875 0.328125 0.1140625 0.1125
1 0.271875 0.2875 0.1078125 0.125
1 0.0671875 0.2125 0.109375 0.115625
1 0.009375 0.184375 0.01875 0.1125
1 0.5140625 0.353125 0.0734375 0.078125
1 0.9625 0.2875 0.075 0.1234375
1 0.8125 0.4234375 0.1078125 0.1015625
0 1 0.370025178125 0.97819339375 0.3603323375 0.960562146875 0.337889778125 0.930108115625 0.337889778125 0.901257021875 0.337889778125 0.8724058093749999 0.333080703125 0.8627887781249999 0.349110996875 0.8403489593750001 0.42605639687499997 0.798675075 0.48055948437499996 0.7810438343749999 0.450101840625 0.7746324375 0.39720188125 0.766618228125 0.34430204375 0.765015409375 0.2962110375 0.7505898 0.331477696875 0.70891591875 0.393995809375 0.68487328125 0.44368975937500005 0.686476096875 0.389186734375 0.678461884375 0.3218594875 0.6351851843749999 0.41643836875 0.61875 0.431818690625 0.61875 0.46472113125 0.68006470625 0.48216249062500005 0.7586040125 0.48376549375 0.8179091406250001 0.49178064375 0.885228596875 0.46292606562499994 0.9493423 0.464529190625 1 0.459545865625 1 0.370025178125
2 0.2984375 0.9578125 0.034375 0.084375
1 0.2609375 0.9703125 0.03125 0.059375
1 0.3953125 0.9734375 0.03125 0.053125
1 0.36875 0.975 0.0234375 0.05
1 0.428125 0.9859375 0.0265625 0.028125
1 0.3375 0.98125 0.0234375 0.0359375
3 0.9328125 0.7125 0.134375 0.2
3 0.690625 0.721875 0.1328125 0.15625
3 0.6796875 0.9203125 0.121875 0.159375
3 0.965625 0.91875 0.0671875 0.1609375
3 0.6625 0.85625 0.0890625 0.16875