5 0.05625 0.21875 0.0859375 0.078125
5 0.1390625 0.246875 0.0546875 0.0703125
5 0.2484375 0.2828125 0.046875 0.0515625
5 0.390625 0.271875 0.0359375 0.0515625
5 0.3375 0.3578125 0.05 0.0484375
5 0.015625 0.209375 0.0296875 0.159375
3 0.009375 0.3421875 0.01875 0.140625
3 0.0421875 0.4 0.084375 0.2125
3 0.134375 0.38125 0.115625 0.2640625
3 0.0734375 0.221875 0.103125 0.140625
1 0.740625 0.01875 0.034375 0.0359375
1 0.7875 0.053125 0.0484375 0.10625
1 0.8375 0.028125 0.0296875 0.05625
0 0.809375 0.7375 0.38125 0.3765625