5 0.315625 0.3203125 0.1375 0.2078125
5 0.4234375 0.1625 0.109375 0.325
3 0.278125 0.184375 0.2625 0.36875
3 0.39375 0.190625 0.1703125 0.38125
3 0.175 0.39375 0.246875 0.1140625
2 0.54375 0.1515625 0.1203125 0.11875
2 0.55625 0.253125 0.1375 0.121875
3 0.6140625 0.4234375 0.159375 0.053125
5 0.45 0.6 0.059375 0.078125
5 0.38125 0.628125 0.0546875 0.0703125
5 0.271875 0.6640625 0.046875 0.0515625
5 0.1015625 0.653125 0.090625 0.0515625
5 0.021875 0.740625 0.04375 0.0703125
5 0.1828125 0.7390625 0.05 0.0484375
3 0.4578125 0.78125 0.04375 0.2125
3 0.384375 0.7625 0.115625 0.2640625
3 0.4375 0.603125 0.084375 0.140625
2 0.0828125 0.74375 0.0734375 0.0890625
3 0.54375 0.85625 0.1296875 0.2875
3 0.64375 0.9171875 0.178125 0.165625
3 0.775 0.8796875 0.1796875 0.240625
3 0.8109375 0.8328125 0.184375 0.334375
3 0.9515625 0.8515625 0.096875 0.296875
5 0.85625 0.890625 0.128125 0.184375
5 0.490625 0.8515625 0.0234375 0.1125
5 0.56875 0.9078125 0.0703125 0.121875
5 0.70625 0.95 0.0546875 0.1