5 0.0828125 0.1484375 0.078125 0.1609375
1 0.5875 0.246875 0.075 0.1234375
1 0.684375 0.25625 0.0953125 0.1328125
1 0.934375 0.39375 0.1015625 0.0484375
1 0.440625 0.375 0.1015625 0.0875
0 0.7282151625 0.30047085 0.705775340625 0.2812344875 0.6817327 0.25879210625 0.6480730343750001 0.290852696875 0.6320446093750001 0.332531440625 0.60319339375 0.3197073375 0.585562146875 0.297264778125 0.55510811875 0.297264778125 0.526257021875 0.297264778125 0.497405809375 0.292455703125 0.487788778125 0.308485996875 0.465348959375 0.3854314 0.439873053125 0.41875 0.6267369281249999 0.41875 0.76988904375 0.404667765625 0.805481696875 0.41875 0.9071963593750001 0.41875 0.898116446875 0.403064759375 0.8868966 0.332531440625 0.8692653531250001 0.292455703125 0.84201695625 0.324516290625 0.821180078125 0.298867846875 0.8019458937499999 0.249173896875 0.77790325625 0.23795273749999998 0.7650805875 0.261998178125 0.7442435875 0.286043621875 0.7282151625 0.30047085
5 0.9421875 0.1078125 0.0734375 0.115625
1 0.86875 0.259375 0.0796875 0.121875
0 0.777433471875 0.7839757374999999 0.764595003125 0.7558957093750001 0.748255134375 0.776955728125 0.731915265625 0.8366257906250001 0.68756419375 0.903315859375 0.65721871875 0.9085808625 0.64087885 0.89805085 0.635043184375 0.878745834375 0.635043184375 0.8366257906250001 0.6268732499999999 0.805035759375 0.628040384375 0.764670715625 0.61403478125 0.7681807218750001 0.6081991125 0.806790759375 0.593026378125 0.843645796875 0.57668650625 0.875235828125 0.5685165750000001 0.878745834375 0.54400676875 0.8647058187500001 0.53700396875 0.841890796875 0.5194969656249999 0.761160715625 0.5194969656249999 0.8296057843750001 0.5276669 0.87699083125 0.535836834375 0.926130878125 0.563848040625 0.9296408812499999 0.58485644375 0.91560086875 0.600029178125 0.889275840625 0.61403478125 0.922620875 0.644380253125 0.948945903125 0.702736928125 0.926130878125 0.72024393125 0.9050708593750001 0.752923671875 0.85417580625 0.7832691406250001 0.912090865625 0.8101132124999999 0.9401708937500001 0.84045868125 0.936660890625 0.8392915500000001 0.9050708593750001 0.8089460781250001 0.899805853125 0.801943278125 0.873480825 0.794940475 0.8524208062499999 0.786770540625 0.813810765625 0.777433471875 0.7839757374999999
4 0.8890625 0.515625 0.14375 0.1953125
4 0.9796875 0.559375 0.040625 0.1
4 0.828125 0.7875 0.1234375 0.1609375
4 0.6875 0.8203125 0.115625 0.1984375
4 0.5703125 0.7875 0.0859375 0.1734375
5 0.959375 0.784375 0.08125 0.1796875