5 0.4640625 0.071875 0.10625 0.1421875
5 0.3421875 0.090625 0.075 0.1796875
5 0.2296875 0.115625 0.1140625 0.121875
5 0.5765625 0.3734375 0.04375 0.090625
5 0.4359375 0.346875 0.059375 0.090625
5 0.346875 0.3578125 0.0359375 0.121875
5 0.240625 0.375 0.0984375 0.0859375
5 0.15 0.396875 0.0671875 0.04375
5 0.628125 0.1625 0.0609375 0.1546875
5 0.0984375 0.09375 0.08125 0.1203125
2 0.88125 0.06875 0.0390625 0.1109375
3 0.071875 0.903125 0.084375 0.08125
3 0.1421875 0.890625 0.084375 0.090625
3 0.271875 0.64375 0.0890625 0.078125
5 0.84375 0.621875 0.1390625 0.15
5 0.871875 0.7875 0.153125 0.178125
5 0.909375 0.934375 0.1734375 0.1140625
5 0.7671875 0.49375 0.115625 0.1421875
5 0.7171875 0.453125 0.115625 0.06875