5 0.509375 0.5296875 0.10625 0.184375
5 0.63125 0.5625 0.075 0.1953125
5 0.74375 0.5953125 0.1140625 0.121875
5 0.05625 0.603125 0.10625 0.16875
5 0.053125 0.89375 0.0984375 0.140625
5 0.25625 0.871875 0.0828125 0.09375
5 0.396875 0.8578125 0.04375 0.0984375
5 0.5375 0.8265625 0.059375 0.090625
5 0.6265625 0.8609375 0.0359375 0.16875
5 0.7328125 0.871875 0.0984375 0.1171875
5 0.821875 0.88125 0.0671875 0.0515625
5 0.1625 0.621875 0.075 0.1328125
5 0.3375 0.640625 0.075 0.1546875
5 0.1484375 0.91875 0.1 0.146875
5 0.875 0.575 0.08125 0.1203125