5 0.4671875 0.2359375 0.121875 0.090625
5 0.334375 0.24375 0.0828125 0.1296875
5 0.2359375 0.2265625 0.10625 0.0703125
5 0.2265625 0.484375 0.09375 0.1171875
5 0.3140625 0.5296875 0.10625 0.1375
5 0.425 0.55625 0.0859375 0.1609375
5 0.5328125 0.58125 0.0828125 0.171875
5 0.65625 0.6078125 0.0703125 0.153125
5 0.659375 0.2953125 0.2078125 0.1890625
5 0.775 0.33125 0.059375 0.0703125
5 0.890625 0.340625 0.078125 0.078125
5 0.771875 0.6015625 0.0671875 0.15625
5 0.86875 0.50625 0.075 0.0828125
5 0.1625 0.375 0.0890625 0.1375