5 0.484375 0.20625 0.06875 0.1609375
5 0.3859375 0.23125 0.0828125 0.171875
5 0.2625 0.2578125 0.0703125 0.153125
5 0.2578125 0.01875 0.209375 0.0375
5 0.14375 0.009375 0.059375 0.0171875
5 0.034375 0.0140625 0.0671875 0.028125
5 0.146875 0.2515625 0.0671875 0.15625
5 0.05 0.15625 0.075 0.0828125
3 0.9171875 0.071875 0.165625 0.14375
3 0.765625 0.190625 0.175 0.2890625
3 0.5875 0.228125 0.1375 0.3703125
0 1 0.5 0.84177766875 0.5 0.8256187531249999 0.538957653125 0.8162453968750001 0.59367705625 0.82718095625 0.8500765687499999 0.894356890625 0.998600603125 0.895494203125 1 1 1 1 0.55846245 0.994339625 0.551464934375 1 0.54785126875 1 0.5