5 0.35625 0.19375 0.0265625 0.0921875
5 0.334375 0.2734375 0.0703125 0.090625
5 0.221875 0.334375 0.0828125 0.0953125
5 0.128125 0.340625 0.103125 0.09375
5 0.0453125 0.303125 0.090625 0.1234375
5 0.928125 0.046875 0.1328125 0.0921875
4 0.5109375 0.0625 0.115625 0.125
1 0.4078125 0.290625 0.071875 0.109375
1 0.646875 0.26875 0.078125 0.11875
1 0.75625 0.2390625 0.0671875 0.13125
5 0.934375 0.240625 0.08125 0.1140625
4 0.7328125 0.03125 0.103125 0.0625
0 0.88346846875 0.30469575 0.87962160625 0.348298171875 0.86166985 0.371381834375 0.8257661374999999 0.357275096875 0.80524986875 0.3188023875 0.7783220375 0.28032973125 0.747547440625 0.248269140625 0.741136071875 0.28417699375 0.733442446875 0.332909128125 0.7231842125 0.36112240624999997 0.69240961875 0.367534521875 0.673175509375 0.34316845625000003 0.665481884375 0.3085430125 0.650094634375 0.285459396875 0.630860525 0.286741846875 0.6103441593750001 0.31239031875 0.59752141875 0.332909128125 0.569311328125 0.350862978125 0.55392408125 0.367534521875 0.541101340625 0.34316845625000003 0.5269963468750001 0.327779415625 0.525713990625 0.350862978125 0.5167381125 0.381641165625 0.4923748875 0.385488475 0.461600290625 0.371381834375 0.44108392500000004 0.341886053125 0.43082579374999996 0.314955128125 0.4128739375 0.32521450625 0.392357571875 0.35214548125 0.36875 0.353325978125 0.36875 0.45438719375 0.423132071875 0.44704474375 0.711643728125 0.44832724687500003 0.9168076718749999 0.40087751875000005 0.9834858843750001 0.34316845625000003 0.9450176625 0.286741846875 0.9245011999999999 0.277764875 0.902702578125 0.240574571875 0.8732102375 0.212361240625 0.8770571 0.248269140625 0.88346846875 0.30469575
3 0.01875 0.671875 0.0375 0.10625