1 0.640625 0.2203125 0.0796875 0.1
3 0.45625 0.234375 0.1109375 0.33125
3 0.4734375 0.0375 0.109375 0.075
3 0.9625 0.221875 0.06875 0.3
3 0.775 0.234375 0.1046875 0.225
3 0.8875 0.1890625 0.1125 0.2171875
3 0.93125 0.0390625 0.0953125 0.078125
3 0.70625 0.2203125 0.1015625 0.265625
3 0.7875 0.215625 0.0875 0.221875
3 0.3 0.878125 0.15625 0.203125
3 0.25 0.7 0.1734375 0.165625
3 0.2796875 0.528125 0.121875 0.1390625
3 0.340625 0.525 0.11875 0.1296875
0 0.43385416875000005 0.78802083125 0.4421875 0.76163194375 0.44947916875000005 0.728298609375 0.46302083125 0.6921875 0.47864583125 0.676909721875 0.49739583125 0.67552083125 0.51614583125 0.678298609375 0.53177083125 0.690798609375 0.5453125 0.714409721875 0.5609375 0.73802083125 0.56927083125 0.7921875 0.57864583125 0.7727430562500001 0.5953125 0.72413194375 0.60989583125 0.7102430562500001 0.62864583125 0.693576390625 0.6348958312499999 0.690798609375 0.65989583125 0.70052083125 0.6765625 0.706076390625 0.68697916875 0.718576390625 0.7015625 0.740798609375 0.7046875 0.768576390625 0.7078125 0.8046875 0.71614583125 0.8185763875 0.7244791687500001 0.8171875 0.7286458312499999 0.807465278125 0.74114583125 0.7755208312499999 0.75364583125 0.7546875 0.76614583125 0.740798609375 0.7713541687500001 0.73802083125 0.7796875 0.7421875 0.78802083125 0.7546875 0.7953125 0.765798609375 0.8015625 0.776909721875 0.8005208343750001 0.807465278125 0.8088541656249999 0.8310763874999999 0.8182291656249999 0.8282986125 0.8286458343750001 0.8130208343750001 0.836979165625 0.79635416875 0.846354165625 0.78385416875 0.8546875 0.778298609375 0.8609375 0.778298609375 0.8703125 0.778298609375 0.8734375 0.78802083125 0.8765625 0.8005208343750001 0.881770834375 0.8296875 0.883854165625 0.839409721875 0.893229165625 0.832465278125 0.897395834375 0.8282986125 0.9026041656249999 0.8032986125000001 0.9109375 0.7713541687500001 0.9046875 0.7491319437499999 0.8963541656249999 0.7102430562500001 0.8744791656249999 0.714409721875 0.8609375 0.72274305625 0.8453125 0.7352430562500001 0.8286458343750001 0.76163194375 0.8223958343750001 0.73802083125 0.803645834375 0.718576390625 0.75885416875 0.7116319437499999 0.73489583125 0.72552083125 0.72552083125 0.7046875 0.71197916875 0.664409721875 0.7109375 0.653298609375 0.6828125 0.63524305625 0.6546875 0.6241319437499999 0.6109375 0.628298609375 0.5838541687500001 0.640798609375 0.5703125 0.6477430562500001 0.54010416875 0.62135416875 0.5203125 0.615798609375 0.4984375 0.615798609375 0.45572916875 0.62135416875 0.43697916875000004 0.631076390625 0.41822916875000005 0.644965278125 0.4 0.643020834375 0.4 0.727951390625 0.4046875 0.731076390625 0.41197916875 0.753298609375 0.41927083125 0.7755208312499999 0.43385416875000005 0.78802083125
1 0.815625 0.9828125 0.078125 0.034375
1 0.471875 0.98125 0.084375 0.0359375
3 0.5734375 0.9109375 0.115625 0.178125
3 0.6375 0.775 0.1359375 0.2
3 0.490625 0.765625 0.134375 0.2578125
3 0.65625 0.928125 0.1140625 0.14375
3 0.415625 0.7765625 0.0328125 0.165625
1 0.859375 0.790625 0.0625 0.0875
1 0.775 0.784375 0.0734375 0.11875
1 0.64375 0.70625 0.1078125 0.0890625
1 0.40625 0.721875 0.0109375 0.0703125
2 0.921875 0.9671875 0.05625 0.065625