5 0.5859375 0.3140625 0.046875 0.15625
5 0.5390625 0.290625 0.1359375 0.1515625
5 0.403125 0.2234375 0.1625 0.1421875
5 0.2625 0.190625 0.1328125 0.1625
5 0.14375 0.19375 0.078125 0.153125
5 0.06875 0.1453125 0.078125 0.134375
5 0.08125 0.31875 0.075 0.1015625
5 0.146875 0.3328125 0.0890625 0.0984375
5 0.234375 0.38125 0.1 0.0984375
5 0.315625 0.38125 0.103125 0.08125
5 0.428125 0.415625 0.0921875 0.078125
5 0.528125 0.459375 0.103125 0.159375
0 0.8390625 0.378125 0.321875 0.321875
0 0.815625 0.76875 0.3671875 0.4609375