5 0.2359375 0.18125 0.15625 0.1421875
5 0.08125 0.184375 0.1 0.1484375
5 0.0171875 0.196875 0.034375 0.1328125
5 0.4 0.14375 0.08125 0.115625
3 0.7578125 0.36875 0.065625 0.1015625
3 0.815625 0.36875 0.0546875 0.1015625
3 0.8828125 0.3625 0.065625 0.1046875
3 0.696875 0.3671875 0.0671875 0.103125
3 0.7453125 0.2703125 0.0984375 0.115625
3 0.840625 0.275 0.0921875 0.1140625
3 0.9234375 0.2625 0.0765625 0.0875
3 0.6625 0.271875 0.075 0.109375
5 0.78125 0.3859375 0.0296875 0.0515625
5 0.853125 0.378125 0.028125 0.059375
5 0.728125 0.371875 0.025 0.0578125
3 0.1859375 0.5875 0.1171875 0.153125
3 0.2140625 0.6875 0.1109375 0.1625
3 0.29375 0.703125 0.090625 0.1296875
3 0.365625 0.659375 0.103125 0.171875
0 1 0.43111587812499996 0.987419759375 0.436203596875 0.9021584656250001 0.41875 0.891118259375 0.41875 0.876542075 0.434444271875 0.88237774375 0.44851886875 0.904553278125 0.45203751875 0.9162246125 0.4713900875 0.9430686843749999 0.52065116875 0.955907153125 0.5435223875 0.9629099562500001 0.52241049375 0.97691555625 0.490742653125 0.99208829375 0.4713900875 1 0.465824609375 1 0.43111587812499996
0 0.732984653125 0.510095221875 0.74582311875 0.513613871875 0.7703329250000001 0.47490873437500003 0.7808371281250001 0.46435278750000003 0.8263553343750001 0.536485090625 0.836859534375 0.510095221875 0.8508651374999999 0.45379684375 0.8672050062500001 0.42212900312499996 0.867703146875 0.41875 0.700753240625 0.41875 0.697970646875 0.439722246875 0.70614058125 0.459074815625 0.721313315625 0.48194603125 0.732984653125 0.510095221875
0 0.619772703125 0.496020628125 0.6454496375 0.49953927499999995 0.662956640625 0.5065765718749999 0.668792309375 0.467871440625 0.6886335781249999 0.44851886875 0.69378539375 0.41875 0.632147959375 0.41875 0.626775503125 0.420369675 0.618605565625 0.45027819375 0.619772703125 0.467871440625 0.619772703125 0.496020628125
0 1 0.757572240625 0.98858689375 0.7704752375 0.9780826906250001 0.74936334375 0.9734141562499999 0.686027665625 0.9535728875 0.71593618125 0.93723301875 0.7757532125 0.92906308125 0.79158713125 0.92672881875 0.8039023999999999 0.9337316187500001 0.8514041593749999 0.9570742875 0.8461261875 0.9804169593750001 0.8637194312500001 1 0.8637194312500001 1 0.757572240625
0 0.938400153125 0.8390888875 0.92906308125 0.779271859375 0.9103889468749999 0.74584469375 0.9010518781249999 0.70889888125 0.894049078125 0.686027665625 0.8800434750000001 0.686027665625 0.8660378718749999 0.744085371875 0.86020220625 0.7757532125 0.8391938 0.796865103125 0.821686796875 0.782790509375 0.813516865625 0.74584469375 0.8088483312499999 0.71769550625 0.8030126624999999 0.689546315625 0.78667279375 0.6983429375 0.772667190625 0.724732803125 0.7551601906250001 0.7757532125 0.724814715625 0.798624428125 0.71897905 0.8338109156250001 0.7259818499999999 0.853163484375 0.75399305625 0.87427538125 0.77966999375 0.8584414562499999 0.8111826000000001 0.856682134375 0.83452526875 0.86196010625 0.8660378718749999 0.8549228125000001 0.890547678125 0.8549228125000001 0.909221815625 0.853163484375 0.9325644843750001 0.8514041593749999 0.938400153125 0.8390888875
5 0.8171875 0.5875 0.0359375 0.1171875
4 0.5265625 0.5921875 0.0671875 0.084375
4 0.571875 0.678125 0.0765625 0.0890625
4 0.5640625 0.4421875 0.046875 0.046875
4 0.953125 0.609375 0.0453125 0.14375