0 0 0.404163340625 0.0088180875 0.3812189625 0.124423121875 0.364021459375 0.23221700625000002 0.4765871 0.301646540625 0.609375 0.303077921875 0.609375 0.352508653125 0.46251637187499994 0.441555828125 0.360894621875 0.514980584375 0.33744345 0.561847478125 0.37027512812499996 0.644645709375 0.514108940625 0.66875 0.586476971875 0.66875 0.580790884375 0.657143596875 0.47189687812500003 0.66875 0.335251915625 0.66875 0.19610126875 0.638396646875 0.10293172187499999 0.561847478125 0.031014815624999997 0.49935828437499996 0.002873390625 0.454053715625 0.002873390625 0.36656874687499996 0.04821231875 0.310328496875 0.11231225625 0.2665860125 0.159214575 0.221281321875 0.1795389125 0.11036302812500001 0.1967364125 0.021315971875 0.19986325 0 0.2069739375 0 0.404163340625
5 0.8296875 0.065625 0.1015625 0.05
5 0.70625 0.065625 0.0734375 0.0640625
5 0.946875 0.19375 0.0703125 0.0515625
5 0.8875 0.109375 0.05625 0.05625
3 0.71875 0.05625 0.1 0.103125
2 0.9828125 0.2578125 0.034375 0.040625
2 0.146875 0.990625 0.0671875 0.01875
0 1 0.8214043 0.9936580875000001 0.820251225 0.96812704375 0.8156556374999999 0.93851103125 0.8217830875000001 0.9231923999999999 0.834037990625 0.906852534375 0.8355698531250001 0.8925551468749999 0.8187193625000001 0.8619178906249999 0.814123775 0.839450571875 0.81106005 0.816983253125 0.81106005 0.7965584156250001 0.814123775 0.76796364375 0.8294423999999999 0.7220077625 0.840165440625 0.709752859375 0.85701593125 0.73222018125 0.8999080875000001 0.7403901125 0.92594975625 0.76081495 0.9473958343750001 0.7843035125 0.950459559375 0.7904309625 0.9244178906249999 0.8088133187500001 0.8937806374999999 0.8292381531249999 0.8861213250000001 0.8782577625 0.8999080875000001 0.8966401156250001 0.92594975625 0.908895015625 0.94586396875 0.9323835781250001 0.93514093125 0.9548508968749999 0.912162990625 0.964042075 0.8861213250000001 0.979360703125 0.8830576000000001 1 0.8830576000000001 1 0.8214043
2 0.7546875 0.9609375 0.0875 0.078125
2 0.9171875 0.9765625 0.115625 0.046875