2 0.325 0.1578125 0.2671875 0.315625
3 0.946875 0.196875 0.0796875 0.1046875
3 0.8875 0.134375 0.0578125 0.084375
3 0.3 0.7375 0.053125 0.1296875
3 0.440625 0.75625 0.0359375 0.096875
5 0.2421875 0.7375 0.0546875 0.09375
5 0.6625 0.9765625 0.025 0.046875
5 0.684375 0.890625 0.025 0.0828125
5 0.7 0.834375 0.03125 0.0984375
5 0.7234375 0.771875 0.0390625 0.0609375
5 0.759375 0.7453125 0.0421875 0.078125
5 0.8125 0.74375 0.0390625 0.0796875
5 0.8515625 0.778125 0.028125 0.071875
5 0.90625 0.98125 0.034375 0.0359375
4 0.8625 0.8125 0.028125 0.053125
4 0.7453125 0.75 0.021875 0.046875
4 0.8125 0.775 0.0375 0.0734375