0 0.18591796249999998 0 0.097520178125 0.06389109062500001 0.13188919062499999 0.1999079375 0.186567234375 0.23742977812500002 0.23187204375 0.30934674375000004 0.252180959375 0.264007784375 0.29279903125 0.16707625937499998 0.383408290625 0.14831530937499998 0.41875 0.20608378125 0.41875 0 0.18591796249999998 0
3 0.434375 0.1015625 0.0328125 0.115625
3 0.55625 0.303125 0.084375 0.08125
3 0.628125 0.290625 0.084375 0.090625
3 0.7578125 0.04375 0.0890625 0.078125
1 0.1625 0.584375 0.046875 0.0515625
1 0.115625 0.578125 0.0390625 0.0546875
1 0.1921875 0.5921875 0.0390625 0.04375
3 0.175 0.58125 0.05625 0.0625
3 0.115625 0.571875 0.05 0.0421875
3 0.2046875 0.5765625 0.05625 0.053125
1 0.0375 0.5625 0.0390625 0.0234375