0 0.50530130625 0.65 0.609375 0.624184440625 0.609375 0.133970628125 0.538438346875 0.1624544 0.249425821875 0.190595796875 0.138507528125 0.18903240937500002 0.24317687812500002 0.28752732187499996 0.361906321875 0.400092965625 0.435331196875 0.476700153125 0.42127110625 0.531419559375 0.354095175 0.576758515625 0.461059553125 0.65 0.50530130625 0.65
4 0.85 0.1921875 0.0828125 0.1015625
4 0.79375 0.240625 0.06875 0.1015625
4 0.734375 0.2375 0.0484375 0.075
4 0.940625 0.2046875 0.0703125 0.1234375
4 0.8671875 0.35 0.05 0.0953125
4 0.921875 0.31875 0.0421875 0.0625
4 0.975 0.340625 0.04375 0.0734375
4 0.821875 0.328125 0.0515625 0.078125
4 0.771875 0.346875 0.05 0.071875
2 0.696875 0.775 0.175 0.2515625