0 0.001961209375 0 0.0178014375 0.051519621875 0.052170446875 0.12187314375 0.058419390625 0.226621846875 0.055294978125000005 0.3298068625 0.06577564375 0.4 0.18761541875 0.4 0.1693376875 0.21567783437500002 0.164651065625 0.026505065625 0.078728425 0.00149044375 0.07811434375000001 0 0.001961209375 0
3 0.621875 0.0203125 0.0390625 0.040625
3 0.584375 0.01875 0.0375 0.0375
0 0.106566584375 0.626225490625 0.102481615625 0.666053921875 0.07592933125 0.6829044125 0.06469566875 0.73498774375 0.043249593749999996 0.745710784375 0.017718546874999998 0.73958333125 0.056525734375000004 0.8054534312499999 0.0657169125 0.826899509375 0.080014296875 0.797794115625 0.08205678125 0.7610294125 0.09839665 0.721200978125 0.1126940375 0.699754903125 0.125970178125 0.6767769593749999 0.153543709375 0.701286765625 0.18826593125 0.744178921875 0.19847835 0.774816178125 0.209712009375 0.7579656875 0.22503063750000002 0.72732843125 0.24749795937500002 0.699754903125 0.23830678125000002 0.65226715625 0.21481821874999998 0.6798406875 0.200520834375 0.666053921875 0.17703227187499998 0.641544115625 0.14639501562499999 0.6170343125 0.106566584375 0.626225490625
3 0.1375 0.7765625 0.1421875 0.284375
3 0.184375 0.9484375 0.125 0.103125
3 0.3296875 0.9265625 0.034375 0.146875
0 0.701736109375 0.45922181249999994 0.693566178125 0.46841299062499997 0.679268790625 0.47913603125000004 0.6486315375 0.4530943625 0.615951796875 0.454626225 0.5842933 0.454626225 0.5403799031250001 0.471476715625 0.510763890625 0.48985906874999996 0.480126634375 0.518964459375 0.496466503125 0.545006128125 0.50361519375 0.56032475625 0.512806371875 0.592493871875 0.525061275 0.6032169125 0.535273690625 0.590962009375 0.54446486875 0.56492034375 0.5577410125 0.540410540625 0.565910946875 0.520496321875 0.589399509375 0.514368871875 0.609824346875 0.514368871875 0.6312704250000001 0.5296875 0.6486315375 0.545006128125 0.6629289218750001 0.56032475625 0.6700776125 0.5848345593750001 0.679268790625 0.586366421875 0.691523690625 0.58330269375 0.7109272875 0.5541973062500001 0.732373365625 0.5281556375 0.746670753125 0.514368871875 0.78343545625 0.508241421875 0.7967116 0.5342830875 0.812030228125 0.55879289375 0.81611519375 0.587898284375 0.8293913406250001 0.590962009375 0.8518586593749999 0.56798406875 0.8630923218750001 0.5281556375 0.8855596406249999 0.526623775 0.91006944375 0.5281556375 0.925388071875 0.512837009375 0.91313316875 0.483731615625 0.872283496875 0.48219975625 0.838582515625 0.47913603125000004 0.80998774375 0.45768994999999996 0.7670955875 0.44237132187499995 0.7282884000000001 0.44237132187499995 0.701736109375 0.45922181249999994
2 0.515625 0.6375 0.08125 0.1109375
2 0.821875 0.6359375 0.090625 0.125
2 0.678125 0.665625 0.08125 0.125
2 0.378125 0.9484375 0.0546875 0.103125
4 0.4828125 0.925 0.0578125 0.14375
4 0.56875 0.940625 0.0640625 0.11875
4 0.66875 0.934375 0.0609375 0.1296875
4 0.84375 0.928125 0.0640625 0.10625
3 0.6125 0.9015625 0.109375 0.196875
3 0.696875 0.8859375 0.0984375 0.228125
3 0.5296875 0.8859375 0.121875 0.228125
3 0.79375 0.890625 0.1046875 0.2171875