0 0 0.5390625 0.01741456875 0.5390625 0.07598233125000001 0.43458013125 0.166591709375 0.3016902125 0.255638765625 0.27980230625 0.34624814375 0.318887653125 0.452479821875 0.412692346875 0.508719953125 0.456467796875 0.51875 0.43701996562499995 0.51875 0.11357710937500001 0.518093425 0.11251731875 0.44310634687499995 0.054671084375 0.161904975 0.09531975625 0.019742078125 0.0484174125 0 0.04776964375 0 0.5390625
1 0.646875 0.2296875 0.028125 0.0890625
2 0.696875 0.246875 0.04375 0.059375
1 0.53125 0.215625 0.0265625 0.0734375
1 0.5734375 0.228125 0.028125 0.075
1 0.60625 0.2109375 0.015625 0.0515625
5 0.06875 0.653125 0.0375 0.0703125
5 0.125 0.659375 0.0515625 0.103125
5 0.3625 0.675 0.0421875 0.084375
5 0.3 0.784375 0.04375 0.0828125
5 0.353125 0.7734375 0.040625 0.0609375
5 0.2546875 0.784375 0.0609375 0.0734375
5 0.1734375 0.7859375 0.0515625 0.0953125
5 0.021875 0.775 0.040625 0.090625
5 0.075 0.78125 0.0515625 0.0953125
5 0.1328125 0.78125 0.0328125 0.0875
1 0.178125 0.8078125 0.046875 0.0703125
1 0.240625 0.809375 0.065625 0.0796875
5 0.9234375 0.9703125 0.0625 0.059375