0 0.3 0.275 0.6 0.55
0 0.6 0 0.6 0.026082515625000004 0.62428513125 0.013939950000000001 0.643688725 0.038449753125 0.655943628125 0.0813419125 0.6641135625000001 0.12117034374999999 0.6733047375 0.13342524375 0.6794321875 0.12270220624999999 0.69066585 0.08746936250000001 0.702920753125 0.05530024375 0.721303103125 0.027726715625 0.7396854562499999 0.021599265625 0.755004084375 0.026194853125 0.763174021875 0.03691789375 0.7733864374999999 0.05070465625 0.77440768125 0.08746936250000001 0.78053513125 0.110447303125 0.7907475500000001 0.10738357812499999 0.8142361125 0.0813419125 0.8295547375 0.062959559375 0.848958334375 0.041513478124999996 0.862234475 0.015471815625 0.872006146875 0 0.6 0
0 1 0.33548695 0.9909109468749999 0.338694853125 0.981719771875 0.34788603125 0.9766135625000001 0.37086396875 0.955167484375 0.364736521875 0.933721403125 0.35707720625 0.921466503125 0.34788603125 0.905126634375 0.326439953125 0.88980800625 0.311121325 0.88061683125 0.340226715625 0.8857230406250001 0.354013478125 0.8836805562500001 0.38465073437499997 0.8734681375 0.41835171562499995 0.86938316875 0.43367034374999996 0.85100081875 0.459712009375 0.8356821875 0.42601103125 0.8203635625000001 0.42601103125 0.808108659375 0.3969056375 0.801981209375 0.3877144625 0.796875 0.372395834375 0.785641340625 0.364736521875 0.781556371875 0.383118871875 0.7703227125 0.409160540625 0.7611315375000001 0.42907475625 0.745812909375 0.45205269374999996 0.7141544125 0.45358455937500003 0.68964460625 0.43826593125 0.6702410125 0.42141544062499997 0.6447099656249999 0.413756128125 0.633476309375 0.4030330875 0.625306371875 0.38465073437499997 0.6130514687499999 0.35860906875 0.606924021875 0.36167279375 0.6 0.366865809375 0.6 0.43220588125 0.635518790625 0.442861521875 0.647773690625 0.44592524375 0.6641135625000001 0.46890318750000004 0.6763684624999999 0.49647671562499995 0.69270833125 0.533241421875 0.698835784375 0.5439644593749999 0.720563725 0.55 0.732285834375 0.55 0.765216503125 0.540900734375 0.8050449343749999 0.5317095593750001 0.8234272875 0.5271139687499999 0.845894609375 0.52558210625 0.8642769593749999 0.51945465625 0.90206290625 0.498008578125 0.918402778125 0.487285540625 0.93984885625 0.4765625 0.984783496875 0.458180146875 1 0.45513684374999996 1 0.33548695
5 0.66875 0.165625 0.1359375 0.1296875
3 0.73125 0.334375 0.13125 0.20625
5 0.559375 0.84375 0.0515625 0.05625
5 0.509375 0.8453125 0.0421875 0.0984375
5 0.4484375 0.878125 0.046875 0.1421875
5 0.321875 0.871875 0.046875 0.153125
5 0.209375 0.88125 0.0515625 0.1453125
5 0.128125 0.8703125 0.034375 0.1390625
5 0.0625 0.859375 0.0453125 0.13125
5 0.065625 0.9703125 0.0484375 0.059375
5 0.0984375 0.9765625 0.053125 0.046875
5 0.2859375 0.9734375 0.059375 0.053125
5 0.4 0.96875 0.0828125 0.0609375
5 0.465625 0.9703125 0.0734375 0.059375
5 0.5171875 0.959375 0.0625 0.0796875
5 0.559375 0.95 0.05 0.0984375
4 0.63125 0.65625 0.0625 0.2109375
4 0.709375 0.625 0.1 0.125
3 0.7234375 0.8765625 0.128125 0.246875
3 0.71875 0.653125 0.1171875 0.20625