2 0.109375 0.2546875 0.21875 0.509375
2 0.55625 0.1125 0.0734375 0.10625
4 0.965625 0.375 0.06875 0.0796875
4 0.9 0.403125 0.08125 0.0875
4 0.7375 0.3984375 0.10625 0.09375
4 0.646875 0.35625 0.0703125 0.0703125
4 0.5953125 0.2890625 0.0671875 0.0921875
0 0 0.78094859375 0.016360293749999998 0.78691789375 0.036785131250000005 0.7685355406250001 0.045976309375 0.739430146875 0.056188724999999995 0.6904105406250001 0.07150735312499999 0.670496321875 0.099080884375 0.63832720625 0.11337826875000001 0.662837009375 0.13380310625 0.691942403125 0.15524918125 0.71032475625 0.170567809375 0.742493871875 0.188950165625 0.7685355406250001 0.212438725 0.791513478125 0.24001225625 0.7639399499999999 0.25941585 0.711856615625 0.274734475 0.6781556375 0.28698938125 0.64292279375 0.30741421562500004 0.6000306375 0.32579656875 0.555606615625 0.337030228125 0.5249693625 0.347242646875 0.55254289375 0.364603759375 0.581648284375 0.385028596875 0.6061580875 0.40851715625 0.63066789375 0.41872957499999997 0.676623775 0.42485702812500004 0.725643384375 0.434048203125 0.773131128125 0.45651552500000003 0.791513478125 0.4779616 0.7654718125 0.5147263093750001 0.7302389687499999 0.51875 0.72441155625 0.51875 0.509375 0 0.509375 0 0.78094859375
4 0.446875 0.8140625 0.0890625 0.1609375
3 0.1390625 0.9390625 0.203125 0.121875
3 0.334375 0.9375 0.25 0.1234375
2 0.79375 0.9125 0.1890625 0.1453125