0 0.25880082187500003 0.024970796875 0.147882528125 0.023407409375 0.252551878125 0.121902325 0.371281321875 0.234467965625 0.444706196875 0.311075153125 0.43064610625000005 0.365794559375 0.363470175 0.411133515625 0.45 0.47038289375 0.45 0.006353568749999999 0.25880082187500003 0.024970796875
1 0.425 0.615625 0.0484375 0.0671875
1 0.3859375 0.634375 0.059375 0.0578125
1 0.3265625 0.634375 0.0515625 0.065625
1 0.284375 0.646875 0.0546875 0.065625
5 0.24375 0.625 0.0359375 0.0671875
3 0.425 0.5921875 0.0484375 0.09375
3 0.303125 0.61875 0.028125 0.078125
0 1 0.78997739375 0.9957516343749999 0.788878678125 0.976348040625 0.795006128125 0.95388071875 0.81185661875 0.9324346406249999 0.8348345593750001 0.9303921562499999 0.8593443625000001 0.928349671875 0.883854165625 0.916094771875 0.919087009375 0.913031046875 0.92981005 0.9263071875 0.946660540625 0.9334558812499999 0.922150734375 0.940604575 0.8961090687500001 0.95081699375 0.8608762249999999 0.9732843156250001 0.839430146875 0.9916666656249999 0.8317708343750001 1 0.8317708343750001 1 0.78997739375
2 0.5375 0.9359375 0.04375 0.0828125
4 0.625 0.909375 0.0734375 0.1515625
4 0.846875 0.9 0.1484375 0.1984375
4 0.965625 0.909375 0.06875 0.18125
4 0.525 0.846875 0.0484375 0.1015625
0 0.828125 0.803125 0.0984375 0.1