2 0.13125 0.2671875 0.2625 0.534375
5 0.99375 0.203125 0.0109375 0.0859375
5 0.6328125 0.1984375 0.028125 0.096875
5 0.625 0.2625 0.0109375 0.103125
0 0.472807246875 0.7715140593750001 0.458801646875 0.777213146875 0.41328343749999996 0.826605240625 0.41328343749999996 0.8816964281249999 0.428456175 0.908292175 0.465804446875 0.921590046875 0.5019855875 0.92348974375 0.55100519375 0.9139912593749999 0.5743478625 0.9025930843750001 0.5965233999999999 0.9253894375 0.61875 0.922977615625 0.61875 0.8380699093749999 0.61286326875 0.8304046375 0.5965233999999999 0.798109803125 0.58018353125 0.76581496875 0.55800799375 0.7107237843750001 0.545169528125 0.7107237843750001 0.541668125 0.7715140593750001 0.527662525 0.826605240625 0.5113226531249999 0.82470555 0.48914711562499996 0.794310409375 0.472807246875 0.7715140593750001
0 0.349091096875 0.74111891875 0.33041695937500004 0.777213146875 0.318745621875 0.792410715625 0.298904353125 0.767714665625 0.28723301874999996 0.71832256875 0.27322741562499997 0.6955262156249999 0.26038894687499997 0.6955262156249999 0.237046278125 0.762015578125 0.20903507187499998 0.7810125375 0.20903507187499998 0.841802809375 0.24171480937499998 0.8551006843750001 0.286065884375 0.8949942999999999 0.33158409375 0.91209156875 0.3630967 0.8987936937500001 0.382937965625 0.8740976437500001 0.407447771875 0.8987936937500001 0.41328343749999996 0.858900078125 0.408614903125 0.82280585 0.392275034375 0.7715140593750001 0.37593516562499996 0.735419834375 0.3724337625 0.691726825 0.36076243125 0.69362651875 0.349091096875 0.74111891875
0 0.143675596875 0.748717703125 0.128502859375 0.77911284375 0.106327321875 0.82470555 0.09465598750000001 0.841802809375 0.07364758437499999 0.841802809375 0.07364758437499999 0.8778970375 0.106327321875 0.8759973406249999 0.134338528125 0.847501896875 0.154179796875 0.834204028125 0.18335813750000002 0.83800341875 0.20436653749999997 0.8323043312499999 0.203199403125 0.792410715625 0.189193803125 0.7867116249999999 0.174021065625 0.7506174 0.174021065625 0.6955262156249999 0.1611826 0.6974259125 0.143675596875 0.748717703125
0 0.03396504375 0.7601158781249999 0.016458040625 0.8038088906249999 0.009455240625 0.84560220625 0.010622375 0.864599165625 0.021126575 0.8683985562500001 0.049137778124999996 0.8816964281249999 0.06781191875 0.8759973406249999 0.072480453125 0.8304046375 0.06781191875 0.788611321875 0.07131331875 0.722121959375 0.060809115625 0.68792743125 0.0468035125 0.714523175 0.03396504375 0.7601158781249999
2 0.1 0.784375 0.075 0.171875
2 0.028125 0.7515625 0.0546875 0.196875
5 0.271875 0.665625 0.0484375 0.1328125
4 0.1703125 0.6625 0.046875 0.1265625
4 0.040625 0.665625 0.0671875 0.1296875