0 0.2953125 0.115625 0.184375 0.23125
3 0.8375 0.05 0.1921875 0.0984375
3 0.8765625 0.315625 0.115625 0.0484375
3 0.8140625 0.20625 0.1109375 0.1828125
3 0.7 0.1578125 0.2171875 0.2546875
4 0.0484375 0.55 0.0765625 0.2015625
4 0.3328125 0.496875 0.0609375 0.1765625
4 0.3765625 0.696875 0.025 0.175
4 0.346875 0.7 0.0515625 0.1453125
4 0.2796875 0.715625 0.0546875 0.1484375
4 0.215625 0.69375 0.0453125 0.125
4 0.140625 0.7078125 0.05 0.11875
4 0.0875 0.715625 0.0546875 0.1296875
4 0.028125 0.71875 0.0546875 0.153125