2 0.0453125 0.35625 0.090625 0.3484375
1 0.6515625 0.3 0.05 0.0484375
1 0.6078125 0.284375 0.046875 0.04375
1 0.5671875 0.296875 0.0515625 0.0390625
1 0.73125 0.29375 0.04375 0.05
2 0.5265625 0.61875 0.090625 0.109375
2 0.71875 0.63125 0.0546875 0.0625
1 0.6296875 0.828125 0.1171875 0.153125
1 0.5140625 0.7515625 0.1140625 0.09375
2 0.9375 0.5453125 0.03125 0.03125
2 0.85 0.621875 0.04375 0.078125
2 0.728125 0.778125 0.04375 0.0890625
5 0.45 0.68125 0.0734375 0.0921875
4 0.8875 0.809375 0.075 0.09375
4 0.9625 0.7734375 0.075 0.078125