2 0.2359375 0.5375 0.078125 0.0734375
2 0.2546875 0.571875 0.071875 0.0171875
2 0.515625 0.5703125 0.0578125 0.01875
2 0.5140625 0.51875 0.084375 0.0828125
2 0.696875 0.246875 0.1328125 0.275
2 0.2265625 0.9578125 0.084375 0.084375
3 0.3625 0.7046875 0.0875 0.20625
3 0.6109375 0.70625 0.0375 0.2546875
3 0.55625 0.6875 0.1453125 0.2171875
1 0.675 0.884375 0.0359375 0.084375
1 0.7453125 0.8625 0.04375 0.0859375
1 0.796875 0.8484375 0.05 0.078125
1 0.8421875 0.765625 0.0359375 0.0703125
1 0.825 0.7046875 0.05625 0.0640625
1 0.759375 0.746875 0.05625 0.0703125
1 0.675 0.775 0.0515625 0.0953125