2 0.1859375 0.2578125 0.2125 0.221875
2 0.3625 0.1875 0.0953125 0.3625
2 0.56875 0.25625 0.2421875 0.2234375
2 0.9046875 0.3140625 0.190625 0.109375
0 0.43802083124999996 0.631076390625 0.44947916875000005 0.5921875 0.4671875 0.578298609375 0.48072916875000005 0.569965278125 0.49739583125 0.569965278125 0.5213541687500001 0.57552083125 0.5390625 0.593576390625 0.55364583125 0.619965278125 0.5671875 0.66163194375 0.57447916875 0.6671875 0.5838541687500001 0.664409721875 0.59114583125 0.640798609375 0.59635416875 0.61302083125 0.6046875 0.5880208312499999 0.62135416875 0.569965278125 0.6453125 0.556076390625 0.65364583125 0.55052083125 0.67239583125 0.5644097218749999 0.6859375 0.576909721875 0.7203125 0.63524305625 0.73385416875 0.644965278125 0.74322916875 0.62274305625 0.7453125 0.590798609375 0.7598958312499999 0.5796875 0.7734375 0.57413194375 0.7911458312499999 0.57274305625 0.8015625 0.593576390625 0.8109375 0.61302083125 0.8109375 0.60885416875 0.8078125 0.5866319437499999 0.803645834375 0.557465278125 0.78177083125 0.528298609375 0.76927083125 0.515798609375 0.73802083125 0.515798609375 0.71927083125 0.519965278125 0.70052083125 0.540798609375 0.6932291687500001 0.515798609375 0.6515625 0.51024305625 0.6234375 0.503298609375 0.5984375 0.51163194375 0.5828125 0.5255208312499999 0.5682291687500001 0.540798609375 0.55364583125 0.526909721875 0.5390625 0.51163194375 0.5109375 0.5046875 0.49322916875 0.506076390625 0.4796875 0.5171875 0.4578125 0.54913194375 0.44427083125 0.557465278125 0.4234375 0.59913194375 0.409375 0.59222405 0.409375 0.620876734375 0.41197916875 0.6241319437499999 0.4140625 0.644965278125 0.42552083124999995 0.6491319437499999 0.43802083124999996 0.631076390625
0 0.49947916875000004 0.975520834375 0.51927083125 0.9810763874999999 0.5453125 0.989409721875 0.55989583125 0.9963541656249999 0.5765625 0.9907986125000001 0.59322916875 0.9782986125 0.59635416875 0.975520834375 0.60052083125 0.9824652781250001 0.61302083125 0.9907986125000001 0.63697916875 0.9921875 0.65572916875 0.9838541656249999 0.6671875 0.9782986125 0.6734375 0.9588541656249999 0.67864583125 0.94913194375 0.69947916875 0.971354165625 0.7078125 0.97413194375 0.72239583125 0.9657986125000001 0.73489583125 0.957465278125 0.7453125 0.94913194375 0.7546875 0.9657986125000001 0.76927083125 0.976909721875 0.7859375 0.969965278125 0.78489583125 0.9546875 0.78072916875 0.93524305625 0.76822916875 0.8935763874999999 0.76302083125 0.8741319437499999 0.74322916875 0.86163194375 0.7286458312499999 0.889409721875 0.7140625 0.907465278125 0.7015625 0.9171875 0.6859375 0.88663194375 0.66510416875 0.8769097218749999 0.65989583125 0.894965278125 0.6578125 0.913020834375 0.64947916875 0.9296875 0.64322916875 0.9394097218749999 0.6328125 0.9616319437499999 0.6171875 0.9630208343750001 0.6109375 0.9560763874999999 0.60677083125 0.93524305625 0.59322916875 0.9046875 0.5796875 0.907465278125 0.5723958312499999 0.913020834375 0.56927083125 0.9380208343750001 0.56510416875 0.951909721875 0.54947916875 0.9588541656249999 0.53072916875 0.9616319437499999 0.5255208312499999 0.957465278125 0.51510416875 0.94774305625 0.5109375 0.9227430562500001 0.5057291687500001 0.8991319437499999 0.4953125 0.88663194375 0.4859375 0.8935763874999999 0.4796875 0.9157986125 0.47447916875 0.93524305625 0.46197916875 0.9338541656249999 0.45052083125 0.9338541656249999 0.44322916875 0.9157986125 0.43489583125 0.8907986125 0.42552083124999995 0.8741319437499999 0.41510416875 0.869965278125 0.409375 0.8890625 0.409375 0.9705389500000001 0.42552083124999995 0.9602430562500001 0.44322916875 0.9657986125000001 0.49427083125 0.975520834375 0.49947916875000004 0.975520834375
5 0.415625 0.8421875 0.0125 0.1125
5 0.4875 0.8375 0.0625 0.1203125
5 0.59375 0.84375 0.0484375 0.1546875
5 0.5453125 0.6796875 0.0765625 0.1890625
5 0.6515625 0.66875 0.1375 0.19375
5 0.7734375 0.6546875 0.09375 0.0890625
5 0.8140625 0.65 0.0578125 0.1234375
5 0.784375 0.8734375 0.08125 0.2265625
5 0.696875 0.865625 0.0578125 0.184375
5 0.6359375 0.934375 0.0546875 0.071875
3 0.709375 0.825 0.109375 0.2265625