2 0.0625 0.071875 0.125 0.1421875
3 0.15 0.234375 0.15625 0.284375
3 0.059375 0.084375 0.11875 0.16875
3 0.2375 0.0828125 0.2171875 0.165625
2 0.5515625 0.190625 0.1328125 0.1515625
5 0.8 0.1375 0.0390625 0.0578125
5 0.7640625 0.13125 0.0375 0.0546875
5 0.728125 0.128125 0.0375 0.0546875
5 0.68125 0.1171875 0.0234375 0.05625
5 0.6421875 0.1125 0.025 0.046875
5 0.846875 0.134375 0.03125 0.0734375
5 0.8796875 0.0359375 0.025 0.040625
3 0.86875 0.121875 0.059375 0.0890625
3 0.8125 0.11875 0.04375 0.06875
3 0.765625 0.1125 0.0515625 0.075
3 0.7125 0.1125 0.053125 0.075
3 0.6671875 0.10625 0.05625 0.0671875
2 0.040625 0.4546875 0.08125 0.071875
2 0.171875 0.60625 0.046875 0.059375
5 0.396875 0.734375 0.0703125 0.0546875
5 0.478125 0.7078125 0.059375 0.059375
5 0.28125 0.71875 0.0234375 0.0390625
2 0.1046875 0.478125 0.0765625 0.10625
5 0.540625 0.653125 0.0875 0.075