5 0.5125 0.0671875 0.0703125 0.134375
5 0.596875 0.0625 0.0734375 0.125
5 0.615625 0.228125 0.0828125 0.1765625
5 0.515625 0.215625 0.0671875 0.115625
5 0.7125 0.0625 0.0671875 0.0765625
5 0.715625 0.1578125 0.0796875 0.109375
5 0.721875 0.259375 0.0921875 0.1078125
5 0.71875 0.39375 0.0671875 0.1265625
5 0.728125 0.5375 0.096875 0.04375
5 0.8265625 0.234375 0.0796875 0.2015625
5 0.8921875 0.1984375 0.078125 0.2453125
5 0.971875 0.228125 0.05625 0.259375
5 0.95 0.03125 0.0953125 0.0609375
3 0.6546875 0.9546875 0.078125 0.090625