1 0.0359375 0.55 0.071875 0.0578125
0 0 0.26702434375 0.0034333343750000004 0.259911646875 0.036406115625 0.24204933125 0.08723908124999999 0.26678177187499996 0.103725421875 0.302506409375 0.12570734687500001 0.360215478125 0.13944599375 0.39319210625 0.157306178125 0.368459665625 0.173792621875 0.281896028125 0.20264376875 0.24204933125 0.26034605625 0.22968308125 0.30293585312500004 0.26678177187499996 0.32491777499999996 0.33410903125 0.346899596875 0.286018146875 0.37575074062499997 0.251667515625 0.415592846875 0.23930126875000002 0.427957653125 0.280522028125 0.44444399375000004 0.254415521875 0.45406100625 0.22143894999999997 0.427957653125 0.191210384375 0.368881415625 0.202202578125 0.27820634375000003 0.2049506375 0.223251740625 0.196706509375 0.161427815625 0.196706509375 0.09410840937500001 0.222812953125 0.046023134375000004 0.21731688437500002 0 0.21417854687500001 0 0.26702434375
4 0.2953125 0.5453125 0.075 0.06875
4 0.40625 0.5359375 0.084375 0.0875
3 0.496875 0.4859375 0.0453125 0.18125
3 0.475 0.315625 0.0859375 0.25
3 0.7328125 0.2765625 0.0171875 0.028125
3 0.9328125 0.7390625 0.134375 0.103125
3 0.9578125 0.6625 0.084375 0.10625
3 0.725 0.7421875 0.1609375 0.1015625
3 0.9484375 0.878125 0.103125 0.078125
3 0.9578125 0.81875 0.084375 0.0828125