5 0.8625 0.328125 0.1328125 0.2546875
2 0.3484375 0.265625 0.10625 0.1203125
4 0.1 0.365625 0.1078125 0.1765625
4 0.4484375 0.4109375 0.1140625 0.1578125
1 0.28125 0.3875 0.1 0.1203125
1 0.25 0.61875 0.0546875 0.11875
1 0.3421875 0.653125 0.071875 0.109375
1 0.58125 0.63125 0.078125 0.11875
1 0.690625 0.6015625 0.0671875 0.13125
5 0.86875 0.603125 0.08125 0.1140625
4 0.66875 0.371875 0.1015625 0.1109375
0 0.34083756875 0.23501902187499998 0.366483046875 0.265797184375 0.384434903125 0.2888808 0.413927146875 0.31709412812500004 0.44470174062499995 0.346589859375 0.463935853125 0.353001978125 0.47675859374999996 0.365826215625 0.508815446875 0.3388953375 0.5460014125 0.283751134375 0.5690822875 0.25938506562499997 0.581905028125 0.240148715625 0.596010121875 0.242713546875 0.612679621875 0.265797184375 0.6575592125 0.300422634375 0.665252840625 0.3299183625 0.6973097875 0.326071103125 0.7293666375 0.3029874875 0.751165259375 0.27349170625 0.7665525093750001 0.25553778125000004 0.78578661875 0.272209303125 0.8024562218750001 0.3017050375 0.819125821875 0.294010515625 0.83835993125 0.265797184375 0.861440903125 0.22347719375000002 0.892215403125 0.193981509375 0.9114495125 0.1593560375 0.8370775781249999 0.154226325 0.702438803125 0.1490966375 0.581905028125 0.1490966375 0.4831699625 0.1490966375 0.39341078125 0.146531778125 0.26261886875 0.164485728125 0.0497613 0.23245421562500002 0.08822952187500001 0.294010515625 0.135673721875 0.327353509375 0.16516596249999999 0.351719575 0.1728596875 0.31709412812500004 0.197222815625 0.29657536875 0.221586040625 0.30683475 0.249796128125 0.326071103125 0.27287700312499996 0.349154715625 0.301087090625 0.35941409687500003 0.311345221875 0.33120076875 0.316474340625 0.290163253125 0.34083756875 0.23501902187499998
0 0.8075852375 0.57486124375 0.8114321 0.610769140625 0.8178434687499999 0.6671957500000001 0.8139966062499999 0.71079816875 0.79604485 0.733881834375 0.7601411375 0.7197750968750001 0.73962486875 0.6813023874999999 0.7126970375 0.64282973125 0.681922440625 0.610769140625 0.675511071875 0.646676990625 0.667817446875 0.695409128125 0.6575592125 0.72362240625 0.62678461875 0.730034525 0.607550509375 0.70566845625 0.5998568843750001 0.6710430125 0.584469634375 0.6479593968749999 0.5652355250000001 0.64924185 0.544719159375 0.6748903187499999 0.5318964187499999 0.695409128125 0.5036863281249999 0.7133629781249999 0.48829908125 0.730034525 0.47547634062500005 0.70566845625 0.46137134687500003 0.6902794125 0.46008899062499997 0.7133629781249999 0.4511131125 0.7441411625 0.42674988750000004 0.747988475 0.395975290625 0.733881834375 0.375458925 0.704386053125 0.36520079375000003 0.677455128125 0.34724893749999997 0.687714509375 0.326732571875 0.71464548125 0.301087090625 0.715927884375 0.2754416125 0.697973934375 0.257489753125 0.651806659375 0.23056201875000001 0.687714509375 0.22286829375 0.73259933125 0.1728596875 0.7620951125000001 0.138238228125 0.767224825 0.135673721875 0.72362240625 0.117721865625 0.64924185 0.10233461562499999 0.695409128125 0.0660256125 0.7214743593749999 0.052325909375 0.765942421875 0.066430903125 0.8005678187499999 0.10105226249999999 0.844170240625 0.357507071875 0.8095447468750001 0.6460187281249999 0.810827246875 0.851182671875 0.76337751875 0.917860884375 0.70566845625 0.8793926624999999 0.64924185 0.8588761999999999 0.640264875 0.8370775781249999 0.603074571875 0.8075852375 0.57486124375
5 0.09375 0.5953125 0.090625 0.11875