2 0.2375 0.078125 0.10625 0.1203125
4 0.021875 0.178125 0.04375 0.1765625
4 0.3375 0.2234375 0.1140625 0.1578125
1 0.171875 0.2 0.1 0.1203125
1 0.1375 0.43125 0.0546875 0.11875
1 0.23125 0.465625 0.071875 0.109375
1 0.471875 0.44375 0.078125 0.11875
1 0.5796875 0.4140625 0.0671875 0.13125
4 0.55625 0.184375 0.1015625 0.1109375
0 0.07960735 0 0 0.025419771875000004 0 0.122469303125 0.024736221875 0.13985350937500002 0.054228465625 0.164219575 0.0619221875 0.12959412812499999 0.086285315625 0.10907537187500001 0.110648540625 0.11933475 0.13885863125 0.138571103125 0.161939503125 0.161654715625 0.190149590625 0.171914096875 0.200407721875 0.14370076874999999 0.205536840625 0.10266325312499999 0.22990006875 0.047519025 0.255545546875 0.078297184375 0.27349740312500004 0.10138080000000001 0.302989646875 0.12959412812499999 0.33376424375 0.159089859375 0.352998353125 0.165501978125 0.36582109375 0.1783262125 0.397877946875 0.15139534062499999 0.4350639125 0.096251134375 0.45814478750000004 0.071885065625 0.470967528125 0.052648715624999995 0.485072621875 0.055213546875 0.501742121875 0.078297184375 0.5466217125 0.11292263124999999 0.554315340625 0.1424183625 0.5863722874999999 0.138571103125 0.6184291375 0.1154874875 0.61875 0.11505332812499999 0.61875 0 0.07960735 0
0 0 0.5890625 0.61875 0.5890625 0.61875 0.47960455 0.6017595375 0.45532973125 0.570984940625 0.423269140625 0.564573571875 0.45917699062499995 0.556879946875 0.507909128125 0.5466217125 0.53612240625 0.51584711875 0.542534525 0.496613009375 0.51816845625 0.48891938437500004 0.48354301250000004 0.47353213437499997 0.460459396875 0.45429802500000005 0.46174185 0.433781659375 0.48739031875 0.42095891874999997 0.507909128125 0.39274883125 0.5258629781249999 0.37736158125 0.542534525 0.36453884062499997 0.51816845625 0.350433846875 0.5027794125 0.349151490625 0.5258629781249999 0.3401756125 0.5566411625 0.31581238749999996 0.560488475 0.285037790625 0.546381834375 0.264521425 0.516886053125 0.25426329375 0.489955128125 0.2363114375 0.500214509375 0.215795071875 0.52714548125 0.190149590625 0.528427884375 0.16450410937499998 0.510473934375 0.146552253125 0.46430665937500004 0.11962451874999999 0.500214509375 0.111930796875 0.54509933125 0.0619221875 0.5745951125000001 0.027300728125 0.579724825 0.024736221875 0.53612240625 0.006784365624999999 0.46174185 0 0.482097384375 0 0.5890625
5 0.0140625 0.4078125 0.028125 0.11875
3 0.8828125 0.325 0.1671875 0.2984375
3 0.8453125 0.0765625 0.175 0.153125
3 0.1875 0.7390625 0.06875 0.1203125
3 0.296875 0.76875 0.0796875 0.125
3 0.2390625 0.725 0.0671875 0.125
3 0.140625 0.7 0.0734375 0.1125
3 0.075 0.71875 0.06875 0.1296875
3 0.771875 0.6953125 0.1015625 0.2125