2 0.21875 0.25 0.171875 0.1796875
2 0.278125 0.7046875 0.55625 0.584375
0 0.8405666437500001 1 0.84438316875 0.996660540625 0.862765525 0.9844056374999999 0.8770629062499999 0.962959559375 0.8995302281249999 0.962959559375 0.90361519375 0.95530024375 0.923018790625 0.927726715625 0.929146240625 0.927726715625 0.9516135625000001 0.9231311281249999 0.968974671875 0.9170036749999999 0.9740808812499999 0.898621325 0.96795343125 0.8618566187500001 0.95569853125 0.840410540625 0.9403798999999999 0.837346815625 0.9128063718750001 0.8296875 0.9046364375 0.832751225 0.8923815375 0.848069853125 0.884211603125 0.8419424 0.866850490625 0.818964459375 0.865829246875 0.832751225 0.8719566999999999 0.858792890625 0.86480800625 0.884834559375 0.86174428125 0.8878982843750001 0.8454044125 0.8725796562499999 0.831107028125 0.851133578125 0.81170343125 0.849601715625 0.8065972218749999 0.8618566187500001 0.812724671875 0.8833026937499999 0.8157883968749999 0.9170036749999999 0.8157883968749999 0.94304534375 0.8014910125 0.9568321093750001 0.78208741875 0.95530024375 0.76574755 0.941513478125 0.7453227124999999 0.9093443625000001 0.7218341500000001 0.9001531843749999 0.706515525 0.9032169124999999 0.688133171875 0.9231311281249999 0.69426061875 0.94610906875 0.710600490625 0.9675551468749999 0.718770425 0.996660540625 0.72088813125 1 0.8405666437500001 1
2 0.7203125 0.834375 0.0796875 0.153125
1 0.66875 0.8921875 0.0203125 0.125
1 0.778125 0.921875 0.065625 0.1078125
2 0.853125 0.871875 0.05 0.090625
2 0.8828125 0.828125 0.034375 0.0984375
5 0.859375 0.81875 0.096875 0.11875
5 0.7796875 0.86875 0.059375 0.1296875
3 0.6921875 0.81875 0.065625 0.190625