2 0.21875 0.115625 0.3453125 0.2296875
5 0.4890625 0.5875 0.059375 0.0640625
5 0.74375 0.5984375 0.0578125 0.040625
5 0.490625 0.525 0.025 0.0640625
5 0.5125 0.4296875 0.025 0.0828125
5 0.528125 0.371875 0.03125 0.0984375
5 0.5515625 0.309375 0.0390625 0.0609375
5 0.5875 0.284375 0.0421875 0.078125
5 0.640625 0.2828125 0.0390625 0.0796875
5 0.6796875 0.3171875 0.028125 0.071875
5 0.734375 0.5484375 0.034375 0.0890625
4 0.690625 0.353125 0.028125 0.053125
4 0.5046875 0.584375 0.0265625 0.059375
4 0.5734375 0.2890625 0.021875 0.046875
4 0.640625 0.3140625 0.0375 0.0734375
3 0.5625 0.8359375 0.0359375 0.1484375
3 0.475 0.9609375 0.03125 0.078125
3 0.590625 0.8390625 0.028125 0.15
3 0.575 0.953125 0.0328125 0.0921875