2 0.225 0.090625 0.1875 0.18125
2 0.2421875 0.340625 0.153125 0.2546875
5 0.3640625 0.434375 0.090625 0.06875
5 0.396875 0.3765625 0.10625 0.109375
5 0.803125 0.203125 0.059375 0.071875
5 0.8875 0.428125 0.0765625 0.0546875
5 0.86875 0.34375 0.10625 0.090625
5 0.840625 0.26875 0.090625 0.0828125
4 0.353125 0.20625 0.0703125 0.059375
4 0.953125 0.2890625 0.075 0.0953125
4 0.9921875 0.4265625 0.015625 0.084375
0 0 0.772560559375 0.0077818625 0.764071253125 0.025288865625 0.73430935 0.0556343375 0.720303746875 0.080144140625 0.73430935 0.098818278125 0.767572653125 0.10815534375 0.793833159375 0.125662346875 0.79033175625 0.14083508125 0.78332895625 0.168846290625 0.75006565 0.191021825 0.74656425 0.238874296875 0.77632615625 0.275055440625 0.778076853125 0.289061040625 0.753567053125 0.263384103125 0.729057246875 0.210863096875 0.713300946875 0.159509221875 0.70279674375 0.12916375 0.69404324375 0.083645540625 0.6800376375 0.0334588 0.68353904375 0 0.688822009375 0 0.772560559375
3 0.2796875 0.8828125 0.078125 0.234375
3 0.25 0.965625 0.0671875 0.0671875
2 0.503125 0.734375 0.3671875 0.53125