2 0.1875 0.203125 0.375 0.40625
5 0.8625 0.1234375 0.03125 0.0609375
5 0.8609375 0.0484375 0.0453125 0.0734375
5 0.8640625 0.0125 0.028125 0.025
5 0.5546875 0.01875 0.078125 0.0375
2 0.90625 0.0875 0.0375 0.0734375
2 0.890625 0.378125 0.0359375 0.059375
0 0.20396241874999999 0.75526960625 0.23051470625 0.75526960625 0.250939540625 0.75680146875 0.2734068625 0.775183821875 0.281576796875 0.795098040625 0.309150328125 0.842585784375 0.318341503125 0.8579044124999999 0.327532678125 0.870159315625 0.33978758125 0.859436275 0.353063725 0.828799021875 0.3826797375 0.784375 0.409375 0.774364278125 0.409375 0.71421185625 0.39901960625 0.720036765625 0.37757353125000004 0.716973040625 0.346936275 0.718504903125 0.32344771250000004 0.720036765625 0.294852940625 0.7016544125 0.255024509375 0.683272059375 0.21928104375 0.683272059375 0.185580065625 0.7016544125 0.178431371875 0.73688725625 0.20396241874999999 0.75526960625
4 0.134375 0.853125 0.075 0.165625
4 0.2609375 0.871875 0.171875 0.2546875
4 0.090625 0.8921875 0.04375 0.215625
2 0.771875 0.8625 0.45625 0.2734375