2 0.375 0.4140625 0.1890625 0.35
0 0.552032271875 0.11804534375 0.528543709375 0.14408700937500002 0.51016135625 0.177787990625 0.46875 0.181929125 0.46875 0.19828941875 0.470332925 0.20382965625 0.491779003125 0.21302083437500002 0.50403390625 0.2405943625 0.5173100500000001 0.255912990625 0.524458740625 0.251317403125 0.5295649499999999 0.21148896874999998 0.535692403125 0.182383578125 0.564287175 0.1655330875 0.565308415625 0.13489583125 0.552032271875 0.11804534375
0 0.661305146875 0.24212622499999997 0.664368871875 0.20229779374999998 0.680708740625 0.177787990625 0.70215481875 0.1609375 0.711345996875 0.13949142187500002 0.7052185468750001 0.114981615625 0.68989991875 0.10579044062500001 0.648029003125 0.12417279375000001 0.615349265625 0.11651348125000001 0.564287175 0.10425857812499999 0.5622446875 0.10732230312499999 0.57245710625 0.150214459375 0.595945671875 0.1594056375 0.626582925 0.188511028125 0.6408803125 0.23446691249999999 0.661305146875 0.24212622499999997
0 0.787939134375 0.23140318437500002 0.7971303125 0.21302083437500002 0.8083639687499999 0.1731924 0.82266135625 0.1563419125 0.8686172375 0.1609375 0.869638478125 0.11804534375 0.8481924 0.10425857812499999 0.824703840625 0.12264093125 0.782832925 0.13795955937499998 0.7532169125 0.133363971875 0.7123672375 0.11804534375 0.71645220625 0.13949142187500002 0.7358558000000001 0.1655330875 0.7562806375 0.19923406875 0.774662990625 0.232935046875 0.787939134375 0.23140318437500002
0 1 0.12214307499999999 0.972783903125 0.14255514687499998 0.9503165843750001 0.145618871875 0.930912990625 0.145618871875 0.89925449375 0.11804534375 0.8757659312499999 0.12570465625 0.8778084156249999 0.164001225 0.9053819437499999 0.193106615625 0.93193423125 0.2283394625 0.93193423125 0.251317403125 0.9452103781250001 0.226807596875 0.963592728125 0.205361521875 0.9819750812500001 0.180851715625 1 0.17429719999999999 1 0.12214307499999999
0 0.514246321875 0.528584559375 0.51322508125 0.5592218124999999 0.525479984375 0.569944853125 0.5530535125 0.528584559375 0.58369076875 0.51020220625 0.5806270437500001 0.54543505 0.597108521875 0.5890625 0.65857124375 0.5890625 0.66334763125 0.571476715625 0.6408803125 0.5592218124999999 0.6245404406249999 0.528584559375 0.61637050625 0.50254289375 0.6122855406250001 0.458118871875 0.5969669125 0.456587009375 0.57245710625 0.491819853125 0.5510110312500001 0.507138478125 0.535692403125 0.517861521875 0.514246321875 0.528584559375
0 0.741983253125 0.44433210624999997 0.726664625 0.44739583125 0.7062397875 0.49488357812499995 0.6939848875 0.539307596875 0.671517565625 0.565349265625 0.66914624375 0.5890625 0.7106515531250001 0.5890625 0.714409721875 0.58832720625 0.737898284375 0.57760416875 0.784875409375 0.583731615625 0.8032577625 0.58066789375 0.81142769375 0.573008578125 0.8063214875 0.536243871875 0.784875409375 0.5301164218750001 0.77262050625 0.50867034375 0.761386846875 0.458118871875 0.741983253125 0.44433210624999997
0 0.8910845593750001 0.52398896875 0.86657475625 0.51020220625 0.86044730625 0.470373775 0.839001225 0.45045955937500004 0.828788809375 0.47190563750000003 0.8185763875 0.50407475625 0.807342728125 0.519393384375 0.8093852125 0.568412990625 0.8257250812500001 0.5638174031250001 0.8400224656249999 0.5469669125000001 0.86044730625 0.5500306375 0.879850896875 0.566881128125 0.89006331875 0.5592218124999999 0.8910845593750001 0.52398896875
0 0.9237642968750001 0.456587009375 0.906403184375 0.4749693625 0.891921684375 0.5299138906249999 0.8910845593750001 0.5638174031250001 0.9237642968750001 0.554626225 0.943167890625 0.5469669125000001 0.96767769375 0.57913603125 0.9778901156250001 0.565349265625 0.96155024375 0.54543505 0.951337828125 0.52705269375 0.943167890625 0.49488357812499995 0.930912990625 0.456587009375 0.9237642968750001 0.456587009375
2 0.78125 0.2671875 0.075 0.1140625
5 0.1375 0.9546875 0.090625 0.090625
5 0.0578125 0.9640625 0.084375 0.071875
2 0.546875 0.84375 0.0421875 0.0921875