2 0.15 0.209375 0.3 0.4
1 0.778125 0.3875 0.0421875 0.0453125
1 0.7046875 0.3828125 0.05 0.053125
1 0.640625 0.3859375 0.0515625 0.046875
1 0.5734375 0.390625 0.040625 0.0359375
3 0.834375 0.29375 0.1328125 0.1328125
3 0.715625 0.284375 0.125 0.1125
3 0.625 0.271875 0.071875 0.121875
3 0.753125 0.371875 0.0765625 0.075
3 0.675 0.365625 0.0890625 0.0859375
3 0.6140625 0.3609375 0.075 0.096875
3 0.5625 0.371875 0.078125 0.075
5 0.928125 0.403125 0.0546875 0.0140625
5 0.8546875 0.403125 0.040625 0.0140625
2 0.215625 0.6375 0.4296875 0.4546875
3 0.5765625 0.746875 0.059375 0.2203125
1 0.796875 0.8109375 0.0625 0.096875
1 0.6703125 0.79375 0.0421875 0.1703125
1 0.725 0.790625 0.0390625 0.10625
3 0.7640625 0.75625 0.0734375 0.178125
3 0.534375 0.746875 0.0453125 0.2125