2 0.359375 0.21875 0.2015625 0.1875
2 0.340625 0.478125 0.2375 0.1359375
0 0.60316585 0.301194853125 0.6297181375 0.298131128125 0.668525325 0.301194853125 0.71958741875 0.34102328437499996 0.7420547375 0.336427696875 0.774734475 0.305790440625 0.75839460625 0.267493871875 0.71958741875 0.238388478125 0.716523690625 0.195496325 0.717544934375 0.16179534375 0.7022263093750001 0.155667890625 0.664440359375 0.1924326 0.6276756531250001 0.212346815625 0.58376225625 0.229197303125 0.568443628125 0.23072916562499998 0.5643586593750001 0.26596200937500003 0.56333741875 0.32417279374999997 0.60316585 0.301194853125
0 0.873794934375 0.220006128125 0.8543913406250001 0.197028184375 0.8268178125000001 0.220006128125 0.806392971875 0.250643384375 0.770649509375 0.276685046875 0.77881944375 0.305790440625 0.81149918125 0.32264093125 0.844178921875 0.307322303125 0.8860498375000001 0.296599265625 0.9136233656250001 0.299662990625 0.9177083343750001 0.267493871875 0.8921772875 0.250643384375 0.873794934375 0.220006128125
0 1 0.21564757499999998 0.9810253281250001 0.226133578125 0.957536765625 0.24604779375 0.937111928125 0.259834559375 0.92281454375 0.275153184375 0.9217933 0.305790440625 0.93813316875 0.32417279374999997 0.9800040843750001 0.336427696875 1 0.33255751875 1 0.21564757499999998
2 0.6953125 0.025 0.053125 0.05
5 0.8 0.034375 0.0765625 0.0671875
5 0.6328125 0.14375 0.19375 0.1296875
3 0.784375 0.1484375 0.125 0.234375
3 0.834375 0.040625 0.1125 0.08125
3 0.715625 0.0375 0.1 0.0734375
0 0 0.681288296875 0.00394199375 0.673897059375 0.025388071875 0.664705884375 0.042749181250000004 0.6601102937500001 0.07747140625 0.664705884375 0.091768790625 0.6769607843750001 0.10708741875000001 0.696875 0.11015114374999999 0.752022059375 0.12342728750000001 0.788786765625 0.124448528125 0.790318628125 0.13772467187499998 0.7673406875000001 0.144873365625 0.74742646875 0.149979575 0.72751225625 0.156107025 0.707598040625 0.16631944375000002 0.6892156875000001 0.1795955875 0.680024509375 0.205126634375 0.675428921875 0.24597630625 0.675428921875 0.26946486875 0.6953431375 0.2735498375 0.730575978125 0.287847221875 0.72598039375 0.29703840000000004 0.73363970625 0.305208334375 0.72751225625 0.333803103125 0.706066178125 0.3654616 0.7045343125 0.3828227125 0.72751225625 0.392013890625 0.69074755 0.394056371875 0.675428921875 0.40018382187499996 0.64325980625 0.40426879062500004 0.61875 0.39303513125 0.58045343125 0.37445825625 0.56875 0.25563044687500003 0.56875 0.22555146874999998 0.57738970625 0.156107025 0.57738970625 0.093811275 0.5758578437499999 0.068826128125 0.56875 0 0.56875 0 0.681288296875
2 0.015625 0.734375 0.03125 0.1
4 0.065625 0.959375 0.0671875 0.08125
4 0.15 0.9421875 0.0671875 0.1125
4 0.24375 0.9484375 0.059375 0.103125
2 0.734375 0.6671875 0.3140625 0.196875