2 0.159375 0.39375 0.31875 0.559375
5 0.9515625 0.33125 0.096875 0.0921875
5 0.93125 0.2421875 0.1140625 0.128125
5 0.896875 0.11875 0.1046875 0.0890625
5 0.8171875 0.059375 0.1125 0.0703125
5 0.69375 0.0375 0.0921875 0.0734375
5 0.56875 0.040625 0.10625 0.08125
5 0.44375 0.06875 0.1109375 0.075
5 0.375 0.1375 0.096875 0.090625
5 0.3625 0.259375 0.0859375 0.109375
5 0.3453125 0.321875 0.053125 0.0890625
5 0.946875 0.56875 0.0671875 0.0828125
5 0.95625 0.490625 0.078125 0.0765625
2 0.990625 0.496875 0.01875 0.090625
2 0.41875 0.8625 0.2015625 0.121875