2 0.0859375 0.090625 0.171875 0.18125
2 0.340625 0.15 0.203125 0.2984375
2 0.8203125 0.275 0.359375 0.55
5 0.1890625 0.584375 0.0625 0.0703125
5 0.1375 0.590625 0.0484375 0.0796875
5 0.234375 0.578125 0.04375 0.05625
0 0.771501515625 1 0.762397875 0.9729166656249999 0.747079246875 0.9453431374999999 0.700102125 0.9346201000000001 0.66640114375 0.9346201000000001 0.6388276125 0.946875 0.6000204250000001 0.9560661749999999 0.572446896875 0.97751225625 0.564518521875 1 0.771501515625 1
0 0.940992646875 1 0.9983047375 0.99436274375 0.994219771875 0.954534315625 0.9819648687500001 0.9254289218749999 0.961540034375 0.91470588125 0.9360089875 0.94074755 0.91149918125 0.963725490625 0.8869893781249999 0.9882352937500001 0.878492646875 1 0.940992646875 1
5 0.734375 0.884375 0.14375 0.1765625
5 0.8421875 0.9328125 0.159375 0.134375
3 0.896875 0.8390625 0.2046875 0.321875