2 0.259375 0.221875 0.3609375 0.315625
0 0 0.4390625 0.4390625 0.4390625 0.4390625 0.329986925 0.405263909375 0.331180725 0.19123835 0.33587094687499996 0.072508784375 0.26239059375 0.150620396875 0.18422001875 0.25528975 0.12793725625000002 0.42401062187500005 0.041949621874999996 0.3818304625 0.027878865625 0.131250034375 0.034375003125 0 0.04613765625 0 0.4390625
0 0.753725996875 0.303044871875 0.760296290625 0.2736784 0.75068246875 0.22878044062499997 0.7314550750000001 0.156623015625 0.6913979 0.13577747812500002 0.648136196875 0.1309669625 0.600067584375 0.1309669625 0.519953234375 0.1502089625 0.46387319062500004 0.158226459375 0.4390625 0.158226459375 0.4390625 0.34231488125 0.454259371875 0.395544296875 0.489509759375 0.34262884374999997 0.5423851562500001 0.2351944 0.5568057625 0.26726438125 0.585646978125 0.321783371875 0.62730641875 0.393940825 0.633936946875 0.4390625 0.65034208125 0.4390625 0.6865909875 0.416389775 0.72825055 0.336214825 0.74747794375 0.2736784 0.753725996875 0.303044871875
4 0.9671875 0.253125 0.065625 0.1375
3 0.38125 0.521875 0.059375 0.1109375
3 0.13125 0.4984375 0.078125 0.084375
3 0.3421875 0.5625 0.05 0.103125
3 0.16875 0.5671875 0.0421875 0.1046875
0 1 0.579523871875 0.95884249375 0.55572916875 0.9051543531249999 0.55939216875 0.87714315 0.592359203125 0.8327920750000001 0.5886962 0.8071151375 0.5703811812499999 0.793109534375 0.59602220625 0.797778071875 0.634483746875 0.8071151375 0.68210279375 0.814117940625 0.73887935 0.822287871875 0.7755093875 0.84913194375 0.764520375 0.866638946875 0.7260588375 0.8783102812499999 0.7004178125 0.8958172875000001 0.6582932687499999 0.914491421875 0.634483746875 0.93316555625 0.618000228125 0.9576753625000001 0.612505725 0.9903551 0.618000228125 1 0.623045253125 1 0.579523871875
0 0.671727646875 0.55756066875 0.70207311875 0.5282566375 0.6670591156250001 0.530088140625 0.6285437093749999 0.574044184375 0.591195434375 0.574044184375 0.5503457625 0.574044184375 0.531671628125 0.504447115625 0.509496090625 0.5209306312499999 0.531671628125 0.579538690625 0.545677228125 0.59602220625 0.57368843125 0.6271577374999999 0.58535976875 0.672945284375 0.597031103125 0.7132383250000001 0.634379378125 0.7150698249999999 0.65888918125 0.69675480625 0.661223446875 0.654630265625 0.661223446875 0.597853709375 0.671727646875 0.55756066875
1 0.91875 0.690625 0.1625 0.2359375
1 0.7375 0.66875 0.1625 0.275
1 0.540625 0.64375 0.1015625 0.1921875
4 0.6015625 0.8015625 0.090625 0.1734375
4 0.80625 0.83125 0.08125 0.2015625
5 0.921875 0.821875 0.1546875 0.35625
5 0.5125 0.9671875 0.0953125 0.065625