2 0.03125 0.2359375 0.0609375 0.115625
2 0.0953125 0.1875 0.06875 0.140625
2 0.2421875 0.21875 0.1 0.1640625
2 0.3484375 0.228125 0.0875 0.1515625
2 0.425 0.209375 0.06875 0.1203125
2 0.159375 0.1875 0.075 0.11875
5 0.765625 0.040625 0.0828125 0.053125
5 0.75 0.1328125 0.065625 0.090625
5 0.75 0.221875 0.0875 0.065625
1 0.328125 0.896875 0.028125 0.0890625
2 0.378125 0.9125 0.04375 0.059375
1 0.2125 0.8828125 0.03125 0.0734375
1 0.2546875 0.896875 0.028125 0.075
1 0.2875 0.878125 0.015625 0.0515625
5 0.740625 0.75625 0.0171875 0.034375
5 0.778125 0.7578125 0.0203125 0.0375
5 0.8015625 0.75625 0.0171875 0.03125
3 0.7515625 0.690625 0.0578125 0.096875
3 0.803125 0.696875 0.04375 0.0953125
3 0.759375 0.753125 0.03125 0.05
3 0.7875 0.7546875 0.028125 0.05625
3 0.81875 0.753125 0.028125 0.0484375
3 0.725 0.746875 0.034375 0.0421875