5 0.9171875 0.06875 0.1015625 0.05
5 0.6578125 0.2078125 0.06875 0.04375
5 0.7078125 0.09375 0.0765625 0.0484375
5 0.784375 0.06875 0.0921875 0.0640625
5 0.65 0.303125 0.0625 0.0515625
5 0.6546875 0.246875 0.0640625 0.0453125
5 0.675 0.15 0.0546875 0.0578125
5 0.971875 0.1109375 0.0546875 0.05625
3 0.790625 0.059375 0.1296875 0.103125
2 0.284375 0.83125 0.2328125 0.3234375
2 0.521875 0.7453125 0.1765625 0.253125
2 0.703125 0.71875 0.146875 0.146875
0 0.4734375 0.965625 0.146875 0.06875
0 0.665625 0.9484375 0.0984375 0.103125
0 0.8375 0.953125 0.0734375 0.09375
0 0.9578125 0.984375 0.084375 0.03125
5 0.8375 0.71875 0.1375 0.1984375