0 0.9765625 0.428125 0.046875 0.0203125
1 0.7875 0.41875 0.0546875 0.040625
1 0.9125 0.43125 0.0828125 0.015625
5 0.834375 0.403125 0.04375 0.071875
5 0.8796875 0.4046875 0.04375 0.06875
0 0.5567810468750001 1 0.566891340625 0.99325980625 0.593443628125 0.99325980625 0.631229575 0.971813725 0.6659517968750001 0.950367646875 0.681270425 0.950367646875 0.7282475500000001 0.961090684375 0.746629903125 0.961090684375 0.77420343125 0.961090684375 0.8027982031249999 0.977941175 0.84773284375 0.977941175 0.872242646875 0.9748774499999999 0.879391340625 0.93811274375 0.8702001625 0.8921568625 0.856924021875 0.85386029375 0.8446691187500001 0.861519609375 0.838541665625 0.904411765625 0.829350490625 0.9227941187500001 0.8119893781249999 0.9411764687499999 0.795649509375 0.92585784375 0.77113970625 0.887561275 0.76501225625 0.8691789218749999 0.75888480625 0.846200978125 0.752757353125 0.8400735312500001 0.74458741875 0.84313725625 0.735396240625 0.872242646875 0.725183821875 0.8952205875000001 0.7108864374999999 0.92126225625 0.70373774375 0.9136029406249999 0.699652778125 0.907475490625 0.69148284375 0.881433825 0.686376634375 0.85539215625 0.68229166875 0.832414215625 0.6751429718749999 0.827818628125 0.662888071875 0.841605390625 0.6475694437499999 0.8952205875000001 0.6373570281250001 0.9304534312499999 0.62101715625 0.9411764687499999 0.609783496875 0.924325978125 0.598549834375 0.8844975500000001 0.5842524499999999 0.85539215625 0.568933821875 0.84313725625 0.559742646875 0.8584558812499999 0.5485089875 0.873774509375 0.533190359375 0.92585784375 0.5219566999999999 0.976409315625 0.497446896875 0.977941175 0.469873365625 0.951899509375 0.474979575 0.9013480406250001 0.463745915625 0.870710784375 0.45046977187500004 0.9028799 0.44842728750000005 0.942708334375 0.459660946875 0.9901960781250001 0.47021901875000005 1 0.5567810468750001 1
2 0.903125 0.53125 0.08125 0.1109375
2 0.596875 0.528125 0.090625 0.125
2 0.740625 0.5578125 0.08125 0.125
4 0.9359375 0.815625 0.0578125 0.14375
4 0.85 0.840625 0.0640625 0.1328125
4 0.75 0.834375 0.0609375 0.140625
4 0.575 0.821875 0.0640625 0.10625
3 0.80625 0.828125 0.109375 0.2640625
3 0.7203125 0.79375 0.0984375 0.259375
3 0.8875 0.790625 0.121875 0.2515625
3 0.625 0.8015625 0.1046875 0.2515625