0 0.5927608531249999 0.194664740625 0.607933590625 0.21392244374999997 0.6406133281249999 0.18941264062500002 0.6417804625 0.1736563375 0.6452818625 0.13514093124999998 0.653451796875 0.089622721875 0.5822566499999999 0.115883228125 0.5180643093749999 0.12813813125 0.509375 0.1294097375 0.509375 0.234151784375 0.521565709375 0.25243785 0.5425741125 0.234930846875 0.55891398125 0.185911240625 0.5927608531249999 0.194664740625
0 0.7584938125 0.075617121875 0.71997840625 0.061611521875 0.675627334375 0.05635941875 0.6557860625 0.08787202499999999 0.673293065625 0.091373425 0.70247140625 0.094874828125 0.726981209375 0.101877625 0.756159546875 0.13514093124999998 0.76666375 0.194664740625 0.768998015625 0.231429446875 0.8063462906250001 0.22442664375 0.825020425 0.178908440625 0.8775414343750001 0.14739583125 0.88571136875 0.08787202499999999 0.8448616937500001 0.066863621875 0.7993434875000001 0.066863621875 0.7584938125 0.075617121875
0 0.996589053125 0.12988883125 0.993087653125 0.098376225 0.886878503125 0.080869225 0.884544234375 0.14214373125 0.9020512374999999 0.1771577375 0.926561040625 0.1876619375 0.959240778125 0.191163340625 0.9884191187500001 0.191163340625 0.996589053125 0.12988883125
2 0.628125 0.3625 0.034375 0.1375
3 0.71875 0.30625 0.18125 0.30625
3 0.7 0.575 0.0953125 0.2078125
3 0.59375 0.3109375 0.1296875 0.28125
3 0.875 0.309375 0.1453125 0.3265625
1 0.740625 0.984375 0.0375 0.03125
5 0.66875 0.91875 0.040625 0.040625
1 0.7234375 0.896875 0.03125 0.04375