2 0.134375 0.25 0.26875 0.3796875
5 0.559375 0.159375 0.0375 0.0703125
5 0.61875 0.165625 0.0515625 0.103125
5 0.8546875 0.18125 0.0421875 0.084375
5 0.79375 0.290625 0.04375 0.0828125
5 0.8453125 0.2796875 0.040625 0.0609375
5 0.746875 0.290625 0.0609375 0.0734375
5 0.665625 0.2921875 0.0515625 0.0953125
5 0.5125 0.28125 0.040625 0.090625
5 0.5671875 0.2875 0.0515625 0.0953125
5 0.625 0.2875 0.0328125 0.0875
5 0.475 0.23125 0.0453125 0.0421875
1 0.671875 0.3140625 0.046875 0.0703125
1 0.7328125 0.315625 0.065625 0.0796875
5 0.296875 0.63125 0.0671875 0.096875
5 0.3171875 0.775 0.025 0.065625
5 0.303125 0.6953125 0.0515625 0.103125
5 0.309375 0.84375 0.0421875 0.0859375
4 0.6828125 0.940625 0.065625 0.1171875
4 0.440625 0.8625 0.0484375 0.1640625
4 0.515625 0.90625 0.0609375 0.1484375
4 0.6015625 0.9265625 0.046875 0.146875
4 0.3625 0.821875 0.0640625 0.1640625
4 0.684375 0.6953125 0.0421875 0.1765625
4 0.75625 0.66875 0.0359375 0.15625
4 0.359375 0.53125 0.0390625 0.184375