2 0.04375 0.446875 0.0875 0.325
0 0.871630503125 0.2580816875 0.8466401156250001 0.26964405 0.838950765625 0.2826517125 0.815882715625 0.2494099125 0.8005040125 0.2335116625 0.775513621875 0.21183222499999999 0.7495620656249999 0.19448868125000002 0.707270640625 0.20026986249999998 0.675552071875 0.22050399999999998 0.65440635625 0.23784755 0.6351829812500001 0.19882456875 0.6149984374999999 0.17859043125000001 0.578474025 0.14968451875 0.53329909375 0.14968451875 0.542910778125 0.167028065625 0.566939996875 0.17859043125000001 0.5957750625 0.19882456875 0.60827025625 0.2248398875 0.616920775 0.26819875625 0.623648959375 0.29999525625 0.6265324624999999 0.30433114375 0.647678175 0.310112325 0.660173371875 0.2985499625 0.683241421875 0.271089346875 0.713037653125 0.278315825 0.742833884375 0.285542303125 0.772630115625 0.29565936875 0.8053098562500001 0.321674690625 0.8110768687500001 0.34190883125 0.825494403125 0.33468235 0.833183753125 0.32456528125 0.8514459593750001 0.313002915625 0.8754751781250001 0.317338803125 0.8822033593749999 0.350580603125 0.8918150468749999 0.363588259375 0.8985432281250001 0.35780708125 0.911038421875 0.33901823750000004 0.9302618 0.32745587187499997 0.9408346562500001 0.321674690625 0.9619803656249999 0.331791759375 0.9860095875000001 0.32022939375 0.9802425749999999 0.275425234375 0.9552521875 0.2826517125 0.934106471875 0.297104665625 0.9148830968749999 0.297104665625 0.903349071875 0.26386286875 0.871630503125 0.2580816875
0 0.55770555625 0.609375 0.712420840625 0.609375 0.704387134375 0.580382596875 0.687086096875 0.5919449625000001 0.666901553125 0.59339025625 0.64094999375 0.58182789375 0.6226877875 0.5673749375 0.60538675 0.529797253125 0.59289155625 0.538469028125 0.57559051875 0.57749200625 0.568862334375 0.59483555 0.55770555625 0.609375
0 0.5275320781249999 0.60639791875 0.514075715625 0.578937303125 0.507347534375 0.538469028125 0.492930003125 0.535578434375 0.481395978125 0.55725786875 0.469861953125 0.576046709375 0.454483253125 0.58182789375 0.453650534375 0.609375 0.53149179375 0.609375 0.5275320781249999 0.60639791875
3 0.725 0.3765625 0.1546875 0.225
3 0.55625 0.284375 0.125 0.2515625
3 0.4 0.3171875 0.1171875 0.196875
3 0.459375 0.465625 0.0984375 0.209375
3 0.5484375 0.48125 0.10625 0.2234375
3 0.378125 0.4609375 0.075 0.209375
3 0.646875 0.471875 0.1 0.23125
3 0.746875 0.496875 0.10625 0.1828125
2 0.375 0.6984375 0.2890625 0.178125