2 0.215625 0.184375 0.4296875 0.25
1 0.703125 0.0671875 0.084375 0.0859375
2 0.7171875 0.15625 0.1140625 0.0609375
5 0.74375 0.225 0.0734375 0.0671875
4 0.121875 0.4453125 0.0421875 0.1796875
4 0.0484375 0.4375 0.0609375 0.1890625
4 0.40625 0.453125 0.0453125 0.2390625
4 0.190625 0.4921875 0.109375 0.2359375
4 0.3171875 0.4859375 0.15 0.2359375
4 0.0125 0.43125 0.0234375 0.1703125
4 0.021875 0.634375 0.0421875 0.1109375
4 0.0859375 0.634375 0.05 0.146875
4 0.153125 0.665625 0.0515625 0.1078125
4 0.240625 0.665625 0.0375 0.109375
4 0.315625 0.65625 0.05625 0.1
2 0.6875 0.6953125 0.171875 0.2234375