2 0.328125 0.1640625 0.321875 0.209375
0 0 0 0 0.26875 0.26701588125 0.26875 0.249033290625 0.24228502187499998 0.319333634375 0.17193150625 0.452123171875 0.049985415625 0.4890625 0.028201134375 0.4890625 0 0 0
0 0.8949911281249999 0 0.889794875 0.032636565625 0.9213074812500001 0.0467111625 0.9563214875 0.08189765 0.974995621875 0.097731571875 0.9971711593749999 0.10125021875 1 0.09881355625 1 0 0.985296671875 0 0.9668256875000001 0.018561975 0.92336455 0 0.8949911281249999 0
4 0.909375 0.159375 0.159375 0.21875
4 0.753125 0.14375 0.146875 0.25
4 0.615625 0.15 0.1234375 0.2390625
3 0.6046875 0.134375 0.146875 0.26875
5 0.4671875 0.884375 0.01875 0.028125
5 0.428125 0.890625 0.0203125 0.03125
5 0.3984375 0.89375 0.0203125 0.0234375
5 0.3625 0.8984375 0.01875 0.01875
5 0.3265625 0.8875 0.0203125 0.028125
5 0.33125 0.846875 0.0125 0.0234375
5 0.48125 0.840625 0.0125 0.015625
3 0.371875 0.884375 0.04375 0.0390625
3 0.409375 0.884375 0.04375 0.0421875
3 0.446875 0.88125 0.0390625 0.0390625
3 0.4765625 0.8765625 0.025 0.034375
3 0.3453125 0.8875 0.034375 0.0328125
0 0.545026553125 0.47943365 0.5637006875 0.502192753125 0.5987146937500001 0.48293505000000003 0.6372301 0.44266894375000004 0.6675755718749999 0.433915440625 0.7002553125000001 0.435666140625 0.7212637125 0.467178746875 0.734102184375 0.509195553125 0.7551105875 0.507444853125 0.783121790625 0.48118435000000004 0.8052973281250001 0.461926646875 0.812300128125 0.4129070375 0.783121790625 0.44266894375000004 0.751609184375 0.44967174375 0.72943365 0.433915440625 0.71309378125 0.400652134375 0.6640741718750001 0.3936493375 0.601048959375 0.3936493375 0.568369221875 0.3936493375 0.52168388125 0.384895834375 0.49017127499999996 0.36038603125 0.4890625 0.360178134375 0.4890625 0.41825153750000005 0.49017127499999996 0.4181591375 0.511179678125 0.43041404375000003 0.53102095 0.45317314687500004 0.545026553125 0.47943365
0 0.654737103125 0.91010591875 0.696753909375 0.90835521875 0.7119266468750001 0.8908482125000001 0.71659518125 0.85583420625 0.703756709375 0.803313203125 0.6827483062499999 0.787556896875 0.671076971875 0.820820203125 0.6524028375 0.862837009375 0.6197231000000001 0.8698398125000001 0.606884628125 0.847080709375 0.58821049375 0.8050639 0.568369221875 0.791058296875 0.54035801875 0.7858062 0.5123468124999999 0.778803396875 0.49133840937500006 0.775301996875 0.4890625 0.77812214375 0.4890625 0.8642813374999999 0.536856615625 0.8523328093749999 0.56603495625 0.8733412093749999 0.58821049375 0.90835521875 0.654737103125 0.91010591875
4 0.7765625 0.503125 0.0984375 0.1078125
4 0.5109375 0.4984375 0.04375 0.15
4 0.646875 0.49375 0.15 0.1453125
5 0.528125 0.7375 0.0765625 0.1578125
5 0.621875 0.790625 0.0890625 0.1703125
5 0.7 0.771875 0.0734375 0.128125
3 0.76875 0.809375 0.0828125 0.2359375
3 0.70625 0.746875 0.0796875 0.1859375
3 0.6234375 0.75625 0.090625 0.21875
3 0.5296875 0.70625 0.08125 0.1921875
3 0.64375 0.5375 0.153125 0.2578125
3 0.515625 0.51875 0.053125 0.2359375