2 0.2984375 0.11875 0.440625 0.2375
0 0.610882059375 0.281925153125 0.622553396875 0.285452490625 0.64589606875 0.27839781874999997 0.6575674031250001 0.264288471875 0.68908000625 0.26076113125 0.72642828125 0.280161484375 0.745102415625 0.2625248 0.7684450843749999 0.23254243749999998 0.752105215625 0.18845072499999999 0.70425274375 0.18668705624999998 0.631890465625 0.181396053125 0.585205121875 0.18845072499999999 0.53968691875 0.190214396875 0.51875 0.190214396875 0.51875 0.2837992 0.519845646875 0.283688821875 0.544355453125 0.264288471875 0.57236665625 0.26076113125 0.610882059375 0.281925153125
0 0.77311361875 0.193741734375 0.7824506875 0.257233796875 0.799957690625 0.31014385 0.8186318281249999 0.29779816875 0.8478101656250001 0.250179121875 0.8349717 0.21137841562499998 0.799957690625 0.197269071875 0.77311361875 0.193741734375
5 0.671875 0.371875 0.0859375 0.134375
5 0.753125 0.3484375 0.0671875 0.18125
5 0.89375 0.340625 0.0859375 0.1859375
0 0.016858259375 1 0.048138334375 0.9874753187499999 0.0942744375 0.967917621875 0.125993009375 0.9483599249999999 0.16732326250000001 0.931811109375 0.199041834375 0.92729779375 0.2336439125 0.919775603125 0.27497416874999997 0.916766728125 0.31438208749999996 0.9092445375 0.341294815625 0.9077401 0.379741565625 0.919775603125 0.4076154625 0.9468554906250001 0.43164467812499996 0.9649087468750001 0.44894571875 0.981457565625 0.47297493749999997 0.9874753187499999 0.5037323375 0.996501946875 0.51875 0.977193525 0.51875 0.740427496875 0.49700415624999994 0.730216403125 0.47201376875 0.70915426875 0.428761171875 0.719685334375 0.402809615625 0.727207528125 0.386469746875 0.734729715625 0.379741565625 0.697118765625 0.368207540625 0.67605663125 0.329760790625 0.665525565625 0.30188689375 0.674552196875 0.28170235 0.6880921375 0.269207153125 0.707649834375 0.249022609375 0.740747471875 0.23268274375 0.76782735625 0.21826521250000003 0.763314040625 0.20577001562500002 0.740747471875 0.18558547187500002 0.710658709375 0.154828071875 0.6941098875 0.12407067187500001 0.6941098875 0.09811911250000001 0.724198653125 0.096196775 0.7693317937499999 0.09139093125 0.802429434375 0.07024521875 0.83101375625 0.06447820625 0.870129146875 0.046215996875 0.888182403125 0.021225612499999998 0.8896868437500001 0.002002234375 0.8671202687499999 0 0.865060828125 0 1 0.016858259375 1
1 0.20625 0.609375 0.1984375 0.3046875
1 0.390625 0.6140625 0.184375 0.259375
1 0.0546875 0.75 0.109375 0.3046875
1 0.875 0.7703125 0.05625 0.1578125
1 0.8125 0.803125 0.053125 0.1375
1 0.7515625 0.809375 0.0671875 0.1453125
1 0.684375 0.8203125 0.065625 0.1578125
1 0.61875 0.8234375 0.0625 0.1609375
1 0.684375 0.61875 0.065625 0.140625
1 0.9375 0.796875 0.05 0.16875
3 0.93125 0.7609375 0.0796875 0.253125
3 0.8609375 0.59375 0.1203125 0.1671875
3 0.753125 0.6 0.13125 0.1640625