2 0.33125 0.1140625 0.0765625 0.228125
1 0.465625 0.259375 0.1859375 0.3203125
1 0.65 0.234375 0.1890625 0.35625
1 0.878125 0.23125 0.240625 0.4609375
3 0.65625 0.25625 0.2390625 0.3828125
3 0.875 0.234375 0.2484375 0.4671875
5 0.103125 0.9328125 0.0328125 0.0359375
5 0.134375 0.93125 0.0234375 0.05625
5 0.159375 0.9328125 0.0296875 0.0453125
5 0.1875 0.925 0.0234375 0.053125
5 0.225 0.921875 0.0234375 0.04375
3 0.1203125 0.9015625 0.04375 0.0828125
3 0.1453125 0.91875 0.0359375 0.071875
5 0.5890625 0.5734375 0.103125 0.0859375
5 0.4703125 0.80625 0.059375 0.109375
5 0.4546875 0.9046875 0.059375 0.0828125
5 0.78125 0.6296875 0.075 0.1296875
5 0.825 0.815625 0.0625 0.103125
5 0.4375 0.9703125 0.078125 0.059375
5 0.8375 0.9 0.075 0.0984375
5 0.86875 0.98125 0.0859375 0.0375
3 0.6953125 0.56875 0.1265625 0.1625
3 0.828125 0.7015625 0.090625 0.1140625