0 1 0.27723651875 0.9916870937500001 0.259099265625 0.969219771875 0.239185046875 0.94675245 0.220802696875 0.933476309375 0.2453125 0.9273488562500001 0.271354165625 0.9110089875 0.29586396875 0.8926266343749999 0.28667279375 0.87118055625 0.229993871875 0.8609681374999999 0.20395220625000002 0.8568831687499999 0.173314953125 0.839522059375 0.170251225 0.8293096406249999 0.19016544062500002 0.822160946875 0.21007965624999997 0.8078635625 0.222334559375 0.788459965625 0.21773896874999998 0.777226309375 0.21620710625 0.7639501656250001 0.239185046875 0.7425040843749999 0.260631128125 0.726164215625 0.269822303125 0.71493055625 0.25603553749999997 0.703696896875 0.219270834375 0.693484475 0.191697303125 0.6791870906249999 0.20548406875 0.6689746750000001 0.239185046875 0.6638684625 0.27288603125 0.6546772875 0.303523284375 0.63833741875 0.308118871875 0.62199755 0.29586396875 0.612806371875 0.26675857812500003 0.610763890625 0.233057596875 0.6046364375 0.21620710625 0.5893178125 0.24224877500000003 0.57808415 0.259099265625 0.55868055625 0.27441789375000003 0.546425653125 0.271354165625 0.540298203125 0.2437806375 0.53212826875 0.22693014687500002 0.518852125 0.223866421875 0.503533496875 0.21007965624999997 0.489236109375 0.20395220625000002 0.48004493437500007 0.21773896874999998 0.467790034375 0.22693014687500002 0.46064134062499995 0.219270834375 0.46574755 0.211611521875 0.46064134062499995 0.196292890625 0.454513890625 0.191697303125 0.459620096875 0.177910540625 0.451450165625 0.151868871875 0.438174021875 0.1549326 0.424897875 0.18556985312500002 0.41979166875 0.213143384375 0.42285539375000003 0.231525734375 0.438174021875 0.251439953125 0.44634395312499997 0.27441789375000003 0.473917484375 0.29586396875 0.49638480625000003 0.3127144625 0.5117034312500001 0.329564953125 0.5454044125 0.34181985312499996 0.5893178125 0.369393384375 0.630167484375 0.369393384375 0.661825978125 0.369393384375 0.7006331718750001 0.369393384375 0.7404615999999999 0.369393384375 0.786417484375 0.369393384375 0.8282883968749999 0.369393384375 0.8844567 0.36632965624999997 0.9253063718750001 0.36479779375 0.98045343125 0.381648284375 1 0.38490604375 1 0.27723651875
5 0.646875 0.2 0.0703125 0.1609375
5 0.7359375 0.20625 0.075 0.1578125
5 0.4203125 0.115625 0.0625 0.1203125
5 0.4984375 0.16875 0.071875 0.1046875
5 0.590625 0.190625 0.065625 0.121875
1 0.8125 0.1671875 0.0765625 0.121875
1 0.896875 0.20625 0.0734375 0.165625
1 0.971875 0.1984375 0.05625 0.21875
5 0.409375 0.028125 0.04375 0.05625
5 0.15625 0.5734375 0.0609375 0.109375
5 0.115625 0.6609375 0.0890625 0.1265625
2 0.475 0.6625 0.1734375 0.2875
2 0.5453125 0.934375 0.25625 0.1296875