2 0.1921875 0.396875 0.384375 0.1859375
0 0.6947254 0.34013133125 0.7201333937500001 0.3219907375 0.7592226125 0.3219907375 0.781698915625 0.315943878125 0.8002662968750001 0.306873584375 0.83740105625 0.296291571875 0.859877359375 0.308385296875 0.88137643125 0.308385296875 0.9058071906249999 0.28873299375 0.9077616531249999 0.25698696249999997 0.9058071906249999 0.22826436249999998 0.89701211875 0.208612059375 0.8784447375 0.182912884375 0.8676952 0.154190284375 0.830560440625 0.160237153125 0.8207881374999999 0.1662840125 0.810038603125 0.1950066125 0.8002662968750001 0.19803004375 0.783653378125 0.191983184375 0.770949378125 0.160237153125 0.7416324624999999 0.154190284375 0.72501954375 0.161748865625 0.7074293968750001 0.1934949 0.69863431875 0.219194065625 0.699611553125 0.2448932375 0.690816475 0.263033825 0.6820214 0.27210411875 0.677135246875 0.2615221125 0.677135246875 0.220705784375 0.66540848125 0.190471465625 0.640977721875 0.17384259375 0.612638034375 0.179889459375 0.60091126875 0.188959753125 0.585275578125 0.205588625 0.57941219375 0.235822940625 0.5803894281249999 0.2509401 0.58332111875 0.28268613125000003 0.576480503125 0.291756425 0.560844815625 0.291756425 0.559375 0.28998798125 0.559375 0.353661803125 0.588207271875 0.34920162499999996 0.610683571875 0.34617819375000003 0.662476790625 0.344666478125 0.6947254 0.34013133125
0 1 0.252066153125 0.9839856375 0.2509401 0.9673727156249999 0.22372921250000002 0.9448964125 0.19954175937500002 0.924374571875 0.19803004375 0.9116705749999999 0.22675264374999998 0.90385273125 0.291756425 0.9341468781250001 0.31292044375 0.94782810625 0.32652589062500004 0.977145021875 0.335596184375 0.9918034812500001 0.335596184375 1 0.331369678125 1 0.252066153125
1 0.7796875 0.171875 0.103125 0.2015625
1 0.69375 0.1984375 0.09375 0.171875
1 0.590625 0.2109375 0.0625 0.18125
1 0.871875 0.1640625 0.090625 0.1640625
5 0.159375 0.8515625 0.2 0.0515625
3 0.18125 0.71875 0.103125 0.1453125
5 0.765625 0.953125 0.025 0.0640625
5 0.7875 0.8578125 0.025 0.0828125
5 0.803125 0.8 0.03125 0.0984375
5 0.8265625 0.7375 0.0390625 0.0609375
5 0.8625 0.7125 0.0421875 0.078125
5 0.915625 0.7109375 0.0390625 0.0796875
5 0.9546875 0.7453125 0.028125 0.071875
4 0.965625 0.78125 0.028125 0.053125
4 0.778125 0.990625 0.0265625 0.01875
4 0.8484375 0.7171875 0.021875 0.046875
4 0.915625 0.7421875 0.0375 0.0734375