2 0.134375 0.109375 0.26875 0.21875
2 0.253125 0.3421875 0.25625 0.115625
1 0.9640625 0.090625 0.065625 0.18125
1 0.8171875 0.1578125 0.215625 0.315625
1 0.56875 0.146875 0.2078125 0.29375
5 0.534375 0.184375 0.1140625 0.3078125
5 0.8125 0.1953125 0.1984375 0.390625
5 0.9765625 0.1421875 0.046875 0.284375
2 0.29375 0.7421875 0.3296875 0.328125
0 0.514665034375 0.80793505 0.5105800656249999 0.843167890625 0.50547385625 0.85082720625 0.47892156874999997 0.843167890625 0.464624184375 0.86001838125 0.47892156874999997 0.88606005 0.49934640625000004 0.89831495 0.51262255 0.895251225 0.5269199343750001 0.8768688718750001 0.534068628125 0.8554227937500001 0.536111109375 0.82018995 0.544281046875 0.830912990625 0.563684640625 0.8370404406249999 0.581045753125 0.8370404406249999 0.565727125 0.800275734375 0.5514297375 0.797212009375 0.536111109375 0.76197916875 0.522834965625 0.7543198531249999 0.509558821875 0.7711703437499999 0.514665034375 0.80793505
0 0.5892156875000001 0.70530024375 0.576960784375 0.7543198531249999 0.56879085 0.795680146875 0.57593954375 0.8232536749999999 0.587173203125 0.833976715625 0.59738561875 0.821721815625 0.600449346875 0.80793505 0.61474673125 0.824785540625 0.63210784375 0.827849265625 0.64436274375 0.827849265625 0.646405228125 0.78802083125 0.63210784375 0.77576593125 0.623937909375 0.751256128125 0.61781045625 0.7313419125 0.61168300625 0.702236521875 0.599428103125 0.68538603125 0.5892156875000001 0.70530024375
0 0.7893790843749999 0.7435968125 0.7924428125 0.703768384375 0.790400325 0.66393995 0.7781454250000001 0.667003678125 0.773039215625 0.6930453437499999 0.762826796875 0.726746321875 0.7597630718749999 0.76197916875 0.743423203125 0.76197916875 0.7311683 0.7344056375 0.71789215625 0.70683210625 0.708700978125 0.677726715625 0.7046160125 0.6578125 0.693382353125 0.634834559375 0.677042484375 0.671599265625 0.670915034375 0.69610906875 0.656617646875 0.726746321875 0.65049019375 0.748192403125 0.6423202625 0.7589154406249999 0.64436274375 0.77882965625 0.6392565375 0.803339459375 0.6515114375 0.817126225 0.6668300656249999 0.8094669124999999 0.676021240625 0.792616421875 0.6841911781250001 0.76504289375 0.6984885625 0.76504289375 0.70563725625 0.77423406875 0.712785946875 0.795680146875 0.730147059375 0.8109987750000001 0.7464869281250001 0.8064031843749999 0.7607843125 0.798743871875 0.7791666687500001 0.78495710625 0.7873365999999999 0.76351103125 0.7893790843749999 0.7435968125
3 0.646875 0.6375 0.096875 0.209375
3 0.740625 0.628125 0.1046875 0.23125