2 0.1875 0.15 0.184375 0.3
0 0.877378034375 0.45175945312500004 0.877378034375 0.41149335000000004 0.8657066999999999 0.39573704374999996 0.8201884906249999 0.40624124687499996 0.79801295625 0.40098914687500004 0.77233601875 0.40624124687499996 0.697639471875 0.425498946875 0.6929709374999999 0.443005953125 0.72798494375 0.46751575624999997 0.7373220093749999 0.5147846625 0.75366188125 0.5182860625 0.761831815625 0.47276785937500004 0.77350315 0.446507353125 0.794511553125 0.44475665 0.813185690625 0.46576505625 0.828358428125 0.5060311625 0.8376954968750001 0.4902748625 0.8552025000000001 0.45876225625 0.877378034375 0.45175945312500004
0 0.6707954 0.46226365625000004 0.681299603125 0.43950455312500003 0.5424107125 0.43250175 0.547079246875 0.450008753125 0.56458625 0.46576505625 0.584427521875 0.4920255625 0.5984331218750001 0.5182860625 0.612438725 0.528790265625 0.6299457281249999 0.5147846625 0.64745273125 0.488524159375 0.6707954 0.46226365625000004
0 0.507396709375 0.453510153125 0.5342407812500001 0.43250175 0.418694559375 0.41324404687499994 0.43853583125 0.44475665 0.45254143124999996 0.479770659375 0.46187849999999997 0.4990283625 0.482886903125 0.4972776625 0.49339110625 0.47276785937500004 0.507396709375 0.453510153125
0 0.863372434375 0.93845413125 0.857536765625 0.903440125 0.83069269375 0.8701768218750001 0.8073500250000001 0.8386642156249999 0.7921772875 0.812403709375 0.7816730875 0.8071516125 0.768834615625 0.812403709375 0.754829015625 0.8701768218750001 0.7373220093749999 0.8929359218749999 0.7373220093749999 0.93670343125 0.778171684375 0.9332020312499999 0.8108514250000001 0.959462534375 0.834194096875 0.9524597312499999 0.863372434375 0.93845413125
0 0.7338206125 0.919196428125 0.73498774375 0.8911852250000001 0.70931080625 0.85967261875 0.6929709374999999 0.8159051125 0.684801003125 0.84916841875 0.666126865625 0.875428921875 0.641617065625 0.8911852250000001 0.620608659375 0.85091911875 0.610104459375 0.8054009093750001 0.582093253125 0.8176558093749999 0.57392331875 0.8789303187499999 0.563419115625 0.9086922281250001 0.5704219187499999 0.9332020312499999 0.612438725 0.934952728125 0.657956934375 0.92794993125 0.688302403125 0.92794993125 0.70931080625 0.922697828125 0.7338206125 0.919196428125
0 0.561084853125 0.922697828125 0.5599177156249999 0.8859331218750001 0.53307364375 0.8526698187499999 0.521402309375 0.794896709375 0.5050624406249999 0.793146009375 0.48638830625 0.840414915625 0.44553863125 0.880681021875 0.4478729 0.919196428125 0.47821836875 0.92444853125 0.53307364375 0.92794993125 0.561084853125 0.922697828125
0 0.411691759375 0.922697828125 0.44437150000000003 0.915695025 0.44320436562500004 0.8666754187500001 0.41636029375000005 0.801899509375 0.398853290625 0.8176558093749999 0.3743434875 0.843916315625 0.336995215625 0.877179621875 0.32532387812499997 0.84566701875 0.3334938125 0.78964460625 0.311318278125 0.8071516125 0.296145540625 0.8351628156249999 0.2796875 0.8577926187499999 0.2796875 0.9450554312499999 0.29497840625 0.943706234375 0.320655346875 0.94020483125 0.36850781875 0.92970063125 0.411691759375 0.922697828125
1 0.61875 0.571875 0.0578125 0.1609375
4 0.46875 0.5421875 0.0609375 0.1421875
4 0.3078125 0.7765625 0.05625 0.14375
5 0.9921875 0.7328125 0.015625 0.109375
5 0.34375 0.465625 0.0625 0.109375
5 0.390625 0.46875 0.0390625 0.1015625