2 0.190625 0.296875 0.3796875 0.4046875
4 0.7703125 0.215625 0.1859375 0.046875
3 0.9125 0.228125 0.0859375 0.1015625
2 0.33125 0.59375 0.0296875 0.0453125
1 0.396875 0.603125 0.0671875 0.0328125
3 0.3796875 0.58125 0.0546875 0.0921875
5 0.3828125 0.5078125 0.03125 0.015625
0 1 0.776812434375 0.9966401156250001 0.789544634375 0.987303046875 0.804287371875 0.98030024375 0.8293500312500001 0.969407 0.8381956718750001 0.959291840625 0.8175558374999999 0.9538452187500001 0.804287371875 0.939061528125 0.7792247156250001 0.923499746875 0.77775044375 0.9102722343749999 0.8146072906249999 0.89626663125 0.8322985781250001 0.888485740625 0.8293500312500001 0.8744801375 0.8175558374999999 0.8659211593749999 0.77775044375 0.8418004 0.755636334375 0.8285728875 0.793967453125 0.8207919968749999 0.8205043875 0.8075644843750001 0.8529384125 0.79355888125 0.86030978125 0.781109459375 0.841144221875 0.7717723875 0.7983902781250001 0.749985896875 0.796916003125 0.739870740625 0.8322985781250001 0.721196603125 0.8676811499999999 0.7064129125 0.8765267968750001 0.692407309375 0.8706297 0.6815140625 0.842618496875 0.66828655 0.786596084375 0.65194668125 0.804287371875 0.637941078125 0.8470413156250001 0.62626974375 0.8912695375 0.6169326749999999 0.931074928125 0.5967023625000001 0.9517147625 0.582696759375 0.9708803250000001 0.5778752 1 0.799323490625 1 0.8207919968749999 0.97530315 0.8254605312500001 0.944343396875 0.827016709375 0.897166628125 0.8386880437500001 0.9192807406249999 0.8550279125 0.9517147625 0.872923959375 0.956137584375 0.9063817875 0.9546633124999999 0.9328368156250001 0.9502404906249999 0.9624041968749999 0.9576118593749999 0.981856421875 0.960560409375 1 0.9438926249999999 1 0.776812434375
5 0.540625 0.584375 0.0671875 0.16875
2 0.440625 0.653125 0.0203125 0.1671875
5 0.815625 0.6015625 0.0578125 0.146875
1 0.975 0.60625 0.0484375 0.1359375
1 0.965625 0.75625 0.0640625 0.1328125
1 0.890625 0.7546875 0.075 0.1765625
1 0.803125 0.759375 0.075 0.1921875
1 0.7125 0.7734375 0.0828125 0.1828125
1 0.6125 0.8078125 0.090625 0.234375
2 0.484375 0.546875 0.04375 0.0953125