2 0.3984375 0.209375 0.221875 0.2421875
0 0.70563725625 0.392616421875 0.69950980625 0.369638478125 0.693382353125 0.36351103125 0.68521241875 0.36657475625 0.676021240625 0.395680146875 0.665808821875 0.4186580875 0.6515114375 0.44469975625 0.64436274375 0.43704044062499997 0.640277778125 0.430912990625 0.63210784375 0.40487132187499997 0.627001634375 0.37882965625 0.6229166687500001 0.355851715625 0.615767971875 0.351256128125 0.6035130718749999 0.36504289375 0.58819444375 0.4186580875 0.577982028125 0.45389093125 0.56164215625 0.46461396875 0.550408496875 0.447763478125 0.539174834375 0.40793505 0.52487745 0.37882965625 0.509558821875 0.36657475625 0.509375 0.366881128125 0.509375 0.4890625 0.581874415625 0.4890625 0.606576796875 0.473805146875 0.6218954250000001 0.473805146875 0.66887255 0.48452818750000004 0.687254903125 0.48452818750000004 0.7148284312500001 0.48452818750000004 0.722523025 0.4890625 0.814666734375 0.4890625 0.8200163406250001 0.46155024375 0.8108251624999999 0.4155943625 0.797549021875 0.37729779375 0.785294115625 0.38495710625 0.7791666687500001 0.42784926562500003 0.769975490625 0.446231615625 0.75261438125 0.46461396875 0.736274509375 0.44929534374999996 0.71176470625 0.41099877500000004 0.70563725625 0.392616421875
2 0.8421875 0.0546875 0.08125 0.109375
2 0.5453125 0.05625 0.071875 0.1125
2 0.68125 0.08125 0.08125 0.125
2 0.9765625 0.371875 0.046875 0.1203125
4 0.8765625 0.340625 0.0578125 0.14375
4 0.790625 0.3625 0.0640625 0.1328125
4 0.690625 0.35625 0.0609375 0.140625
4 0.528125 0.34375 0.0375 0.10625
3 0.746875 0.3515625 0.109375 0.2640625
3 0.6609375 0.31875 0.0984375 0.259375
3 0.828125 0.315625 0.121875 0.2515625
3 0.565625 0.325 0.1046875 0.2515625
4 0.01875 0.628125 0.0375 0.153125
0 0.6164624187500001 0.6479779406249999 0.574591503125 0.66636029375 0.541911765625 0.658700978125 0.509375 0.6508921562500001 0.509375 0.6964540718750001 0.522508171875 0.7015931375 0.5531454250000001 0.7306985312500001 0.5674428125000001 0.7766544125 0.587867646875 0.784313725 0.590931371875 0.74448529375 0.607271240625 0.719975490625 0.6287173187499999 0.703125 0.637908496875 0.681678921875 0.631781046875 0.657169115625 0.6164624187500001 0.6479779406249999
0 0.714501634375 0.7735906875 0.7236928125000001 0.75520833125 0.73492646875 0.715379903125 0.74922385625 0.6985294125 0.7951797375 0.703125 0.796200978125 0.66023284375 0.7747549031250001 0.646446078125 0.751266340625 0.66482843125 0.7093954250000001 0.6801470593750001 0.6797794125000001 0.6755514687499999 0.6389297375 0.66023284375 0.64301470625 0.681678921875 0.6624183 0.7077205875 0.6828431375 0.74142156875 0.701225490625 0.7751225500000001 0.714501634375 0.7735906875
0 0.871772878125 0.768995096875 0.890155228125 0.747549021875 0.9085375812500001 0.723039215625 0.9422385625 0.7107843125 0.9412173218750001 0.686274509375 0.9299836593749999 0.66176470625 0.8993464031249999 0.684742646875 0.8768790843750001 0.687806371875 0.857475490625 0.687806371875 0.82581699375 0.66023284375 0.80232843125 0.66789215625 0.804370915625 0.706188725 0.83194444375 0.735294115625 0.85849673125 0.7705269593749999 0.85849673125 0.793504903125 0.871772878125 0.768995096875
0 1 0.68860975 0.986151959375 0.6801470593750001 0.959599671875 0.67861519375 0.9422385625 0.67708333125 0.9514297375 0.7138480406250001 0.9728758187500001 0.736825978125 0.987173203125 0.759803921875 0.9933006531249999 0.799632353125 1 0.80842524375 1 0.68860975
2 0.709375 0.809375 0.075 0.1140625
2 0.9921875 0.8546875 0.015625 0.096875