2 0.4953125 0.14375 0.203125 0.2875
4 0.84375 0.18125 0.3125 0.1328125
1 0.1375 0.9390625 0.0453125 0.0625
1 0.1109375 0.928125 0.04375 0.1015625
1 0.06875 0.934375 0.0359375 0.109375
1 0.0328125 0.946875 0.0328125 0.0984375
1 0.00625 0.9453125 0.0125 0.075
1 0.03125 0.7828125 0.04375 0.05625
1 0.084375 0.778125 0.0578125 0.05625
1 0.11875 0.7796875 0.0390625 0.0421875
1 0.159375 0.7984375 0.0515625 0.0390625
5 0.175 0.834375 0.0421875 0.0828125
5 0.13125 0.825 0.0421875 0.084375
5 0.025 0.8390625 0.046875 0.1
3 0.9640625 0.4109375 0.071875 0.234375
3 0.709375 0.35 0.2171875 0.1203125