2 0.2 0.29375 0.4 0.43125
0 0.6152518812500001 0 0.609195553125 0.004057440625 0.56834588125 0.03396595625 0.5426689437500001 0.07443041875 0.5321647406250001 0.12369150312499999 0.5730144125 0.17823055937500001 0.58468575 0.181749209375 0.59518995 0.14656271875 0.6056941499999999 0.11137623125 0.631371090625 0.07443041875 0.6605494281250001 0.07091176875 0.6873935 0.081467715625 0.7095690375 0.125450828125 0.734078840625 0.14656271875 0.756254378125 0.14304407187499998 0.7749285125 0.12721015 0.80994251875 0.0920236625 0.8414551250000001 0.07794906562500001 0.834452321875 0.03396595625 0.7644243125 0.063874475 0.73991450625 0.03924393125 0.686948025 0 0.6152518812500001 0
2 0.6875 0.15625 0.084375 0.140625
4 0.821875 0.221875 0.159375 0.253125
4 0.9515625 0.209375 0.096875 0.29375
4 0.75 0.48125 0.1265625 0.0578125
4 0.884375 0.4703125 0.1140625 0.078125
4 0.475 0.228125 0.0921875 0.11875
5 0.203125 0.8125 0.0625 0.1046875
5 0.18125 0.5734375 0.0484375 0.1140625
0 0.5867352718750001 0.69684511875 0.601152803125 0.698293971875 0.624220853125 0.7142313812500001 0.643444228125 0.733066503125 0.659784096875 0.763492465625 0.6684346156250001 0.792469571875 0.67804630625 0.788123009375 0.69534734375 0.754799334375 0.7193765625 0.7359642125 0.744366953125 0.7142313812500001 0.77031850625 0.7113336718750001 0.793386559375 0.73161765 0.8097264281250001 0.754799334375 0.821260453125 0.7852253 0.824143959375 0.8156512593749999 0.8414449968750001 0.8084069812499999 0.84240616875 0.769287884375 0.84240616875 0.73161765 0.8308721406249999 0.685254271875 0.794347725 0.6606237312500001 0.7626291562499999 0.6562771656249999 0.72802708125 0.669316865625 0.7020755249999999 0.689600840625 0.676123965625 0.699742828125 0.662667603125 0.67076571875 0.61557033125 0.65048174375 0.57904591875 0.65048174375 0.5569390375000001 0.664970296875 0.53867683125 0.69684511875 0.520414625 0.72727108125 0.492540728125 0.701191684375 0.459860990625 0.701191684375 0.434870603125 0.712782525 0.418530734375 0.73741306875 0.413724890625 0.77073674375 0.41180255 0.81275355 0.425258915625 0.81275355 0.43102592812499996 0.78087873125 0.44255995312499996 0.746106203125 0.453132809375 0.725822228125 0.47427852187499997 0.7287199375 0.490618390625 0.7446573437499999 0.500230078125 0.7649413218750001 0.512725275 0.792469571875 0.521375790625 0.7953672843749999 0.528103971875 0.7678390312500001 0.541560334375 0.734515359375 0.55982254375 0.7113336718750001 0.5867352718750001 0.69684511875
3 0.5859375 0.85625 0.165625 0.2859375