2 0.078125 0.278125 0.1546875 0.1421875
1 0.44375 0.49375 0.0515625 0.0859375
1 0.4609375 0.596875 0.015625 0.0734375
1 0.4375 0.615625 0.0359375 0.0625
1 0.390625 0.621875 0.0421875 0.05625
0 0.72016223125 0.38880865 0.7377554875000001 0.35 0.550501284375 0.35 0.5240838 0.378304446875 0.560264940625 0.420321253125 0.583607609375 0.450083159375 0.599947478125 0.43957895625 0.608117415625 0.40806635 0.624457284375 0.376553746875 0.6524684875 0.364298846875 0.673476890625 0.387057946875 0.7038223625 0.420321253125 0.72016223125 0.38880865
0 1 0.717167803125 0.988602940625 0.721441703125 0.9745973375 0.75995710625 0.9465861343749999 0.803724615625 0.9255777281249999 0.83173581875 0.91507353125 0.7949711125000001 0.890563725 0.7389487031249999 0.873056721875 0.75820640625 0.849714053125 0.805475315625 0.8275385125 0.8194809187500001 0.813532915625 0.7809655125 0.794858775 0.7336966031250001 0.7808531750000001 0.728444503125 0.7435049031250001 0.7897190125 0.73066643125 0.7984725125 0.7003209625 0.7669599093749999 0.692151028125 0.698682596875 0.67581115625 0.68642769375 0.662972690625 0.724943103125 0.64429855 0.7862176125 0.62679155 0.8212316187500001 0.59527894375 0.8282344187499999 0.58827614375 0.8422400218749999 0.66880835625 0.847492121875 0.699153828125 0.852744225 0.750507703125 0.83173581875 0.798360178125 0.84399071875 0.820535715625 0.8562456218750001 0.8835609249999999 0.854494925 0.9232434625 0.854494925 0.962926003125 0.84399071875 0.9851015406249999 0.833486521875 1 0.8283293625000001 1 0.717167803125
1 0.65 0.484375 0.09375 0.225
1 0.778125 0.48125 0.159375 0.2625
1 0.928125 0.471875 0.1421875 0.24375
1 0.9734375 0.71875 0.053125 0.1921875
1 0.89375 0.728125 0.075 0.1890625
1 0.7875 0.690625 0.0515625 0.1640625
5 0.846875 0.721875 0.0859375 0.209375
5 0.740625 0.734375 0.0828125 0.1859375
5 0.940625 0.71875 0.0796875 0.2328125