2 0.059375 0.05625 0.11875 0.1125
1 0.21875 0.246875 0.228125 0.171875
3 0.98125 0.465625 0.003125 0.0015625
5 0.071875 0.9703125 0.0625 0.059375
1 0.9546875 0.74375 0.0671875 0.0625
1 0.875 0.8 0.0375 0.096875
1 0.9578125 0.896875 0.0265625 0.0734375
1 0.93125 0.8984375 0.028125 0.0546875
1 0.9078125 0.8890625 0.028125 0.0578125
1 0.884375 0.896875 0.0359375 0.0546875
4 0.8578125 0.8875 0.0203125 0.059375
4 0.984375 0.871875 0.0171875 0.084375
4 0.875 0.8109375 0.0359375 0.0984375
4 0.9625 0.859375 0.0265625 0.059375
4 0.9375 0.86875 0.03125 0.0640625
4 0.909375 0.8609375 0.034375 0.05625
4 0.88125 0.884375 0.03125 0.053125
4 0.846875 0.834375 0.0234375 0.0546875
5 0.9578125 0.796875 0.053125 0.1078125
5 0.99375 0.83125 0.0125 0.05
0 0.9375 0.759375 0.1234375 0.0859375
0 0.903125 0.91875 0.0703125 0.0359375