2 0.1765625 0.31875 0.353125 0.4
5 0.85625 0.071875 0.0578125 0.096875
5 0.8203125 0.28125 0.0390625 0.0859375
1 0.3125 0.65625 0.028125 0.0890625
2 0.3625 0.671875 0.04375 0.059375
1 0.196875 0.6421875 0.03125 0.0734375
1 0.2390625 0.65625 0.028125 0.075
1 0.271875 0.6375 0.015625 0.0515625
5 0.8171875 0.775 0.06875 0.04375
5 0.8671875 0.6609375 0.0765625 0.0484375
5 0.94375 0.6359375 0.0921875 0.0640625
5 0.809375 0.8703125 0.0625 0.0515625
5 0.8140625 0.815625 0.0640625 0.0453125
5 0.834375 0.715625 0.0546875 0.0578125
3 0.9421875 0.6265625 0.115625 0.103125