2 0.3 0.171875 0.2765625 0.2734375
2 0.36875 0.0265625 0.1390625 0.053125
3 0.21875 0.0328125 0.4375 0.065625
0 1 0.07730326562499999 0.992453025 0.07487745 0.9536458343750001 0.071813725 0.8995200156250001 0.0810049 0.8453942 0.100919115625 0.8270118468750001 0.11011029375 0.7963745906249999 0.11623774375 0.7749285125 0.11011029375 0.75143995 0.076409315625 0.7351000812499999 0.0672181375 0.713654003125 0.077941178125 0.697314134375 0.10551470624999999 0.679953025 0.126960784375 0.66769811875 0.156066175 0.64625204375 0.18670343125 0.633997140625 0.21274509687499998 0.637060865625 0.238786765625 0.63910335 0.24491421562500001 0.647273284375 0.234191175 0.653400734375 0.211213234375 0.670761846875 0.18517156875000002 0.6932291687500001 0.17751225625 0.71773896875 0.17598039062499998 0.73203635625 0.195894609375 0.73918505 0.228063725 0.75143995 0.25104166562499997 0.7647160937499999 0.270955884375 0.78207720625 0.26023284375 0.79739583125 0.225 0.807608253125 0.200490196875 0.8198631531249999 0.18976715625 0.830075571875 0.18670343125 0.8453942 0.21274509687499998 0.8556066187500001 0.238786765625 0.863776553125 0.25563725625 0.8688827625 0.26176470625000003 0.8811376624999999 0.22040441249999998 0.893392565625 0.18210784375 0.9117749187499999 0.163725490625 0.92607230625 0.1514705875 0.948539621875 0.153002453125 0.965900734375 0.168321078125 0.9832618468750001 0.209681371875 0.99449550625 0.247977940625 1 0.262239584375 1 0.07730326562499999
3 0.9234375 0.246875 0.140625 0.2453125
1 0.159375 0.740625 0.09375 0.11875
1 0.2375 0.86875 0.078125 0.10625
4 0.575 0.5171875 0.034375 0.0671875
4 0.5328125 0.5234375 0.03125 0.0671875
5 0.80625 0.5328125 0.028125 0.0796875
5 0.8859375 0.6375 0.040625 0.0671875
5 0.8 0.659375 0.0296875 0.05
5 0.75625 0.65 0.0359375 0.053125
5 0.7078125 0.65625 0.0453125 0.065625
5 0.65625 0.634375 0.028125 0.05
2 0.50625 0.625 0.05625 0.0640625