2 0.925 0.05 0.0625 0.025
2 0.6640625 0.015625 0.059375 0.03125
1 0.8796875 0.021875 0.0609375 0.04375
1 0.6609375 0.003125 0.046875 0.00625
1 0.646875 0.034375 0.0625 0.0328125
1 0.65 0.065625 0.084375 0.028125
1 0.878125 0.009375 0.0640625 0.0171875
1 0.940625 0.121875 0.0703125 0.025
5 0.621875 0.090625 0.046875 0.028125
5 0.7546875 0.00625 0.0875 0.0109375
5 0.909375 0.065625 0.0703125 0.025
0 0.28054534375 0.580361521875 0.277481615625 0.6661458312499999 0.305055146875 0.65082720625 0.3234375 0.594148284375 0.358159721875 0.568106615625 0.362244690625 0.50070465625 0.325479984375 0.50836396875 0.28871527812500003 0.47772671562499996 0.24888684687499998 0.436366421875 0.23374795625 0.4296875 0.231432365625 0.4296875 0.22641952812500002 0.48232230625000005 0.25603553749999997 0.48844975625 0.277481615625 0.520618871875 0.28054534375 0.580361521875
0 0.0844669125 0.489981615625 0.11510416875 0.50070465625 0.13450776250000002 0.54206495 0.163102534375 0.517555146875 0.1794424 0.48844975625 0.209058415625 0.473131128125 0.224377040625 0.460876225 0.22532215312499998 0.4296875 0.21693105625000003 0.4296875 0.132465278125 0.454748775 0.08344566875000001 0.43943014687500004 0.06914828437500001 0.471599265625 0.0844669125 0.489981615625
0 0.4 1 0.4 0.98514486875 0.382669528125 0.9725183812499999 0.362244690625 0.9418811281249999 0.33467115937499997 0.918903184375 0.315267565625 0.9418811281249999 0.2968852125 0.9725183812499999 0.271354165625 0.9893688718750001 0.27270415 1 0.4 1
0 0.26634701875 1 0.266247959375 0.997028184375 0.25195057187500003 0.981709559375 0.231525734375 0.96792279375 0.20803717187499998 0.9480085781250001 0.18863357812499998 0.937285540625 0.18352736875 0.96332720625 0.18178104374999998 1 0.26634701875 1
5 0.375 0.7140625 0.05 0.15
5 0.16875 0.921875 0.065625 0.1515625
5 0.2625 0.65 0.0578125 0.1734375
4 0.1359375 0.6515625 0.0703125 0.115625
4 0.009375 0.6625 0.0171875 0.1484375
3 0.103125 0.8640625 0.121875 0.271875
3 0.371875 0.8703125 0.0578125 0.234375
3 0.35 0.66875 0.1015625 0.2734375
3 0.0625 0.625 0.1234375 0.2515625
5 0.7 0.9609375 0.059375 0.078125
5 0.7015625 0.8078125 0.053125 0.071875
5 0.703125 0.896875 0.0515625 0.065625
1 0.4609375 0.56875 0.1140625 0.0828125
1 0.596875 0.6015625 0.121875 0.1
1 0.696875 0.646875 0.08125 0.0890625
3 0.6 0.584375 0.1625 0.1609375
3 0.465625 0.546875 0.13125 0.1609375