4 0.946875 0.30625 0.0859375 0.10625
4 0.871875 0.2984375 0.0765625 0.0890625
5 0.984375 0.390625 0.0296875 0.0671875
5 0.959375 0.3875 0.04375 0.0703125
1 0.940625 0.39375 0.0390625 0.0671875
1 0.8890625 0.396875 0.05 0.0734375
1 0.84375 0.396875 0.05625 0.059375
0 0.98125 0.2625 0.0359375 0.05
0 0.90625 0.26875 0.05625 0.046875
0 0.821875 0.275 0.040625 0.0328125
0 0.15498880312500002 0.6262794625 0.111727103125 0.631089978125 0.071669925 0.6519355124999999 0.05244253125 0.7240929406250001 0.042828709375 0.7689909 0.049399003125 0.798357371875 0.055647053125 0.7689909 0.07487445000000001 0.831527325 0.11653401249999999 0.911702275 0.167807146875 0.9437722531249999 0.17581858125 0.889253325 0.217478021875 0.8170958718750001 0.24631923437499997 0.762576878125 0.26073984375000003 0.7305068968749999 0.313615240625 0.8379413437500001 0.348865628125 0.8908568000000001 0.35 0.8868834874999999 0.35 0.653538959375 0.339251809375 0.653538959375 0.2831717625 0.6455214625 0.20305741562500002 0.6262794625 0.15498880312500002 0.6262794625
5 0.390625 0.94375 0.0828125 0.0921875
5 0.40625 0.85625 0.1140625 0.128125
5 0.440625 0.734375 0.1046875 0.0890625
5 0.5203125 0.675 0.1125 0.0703125
5 0.64375 0.6390625 0.0921875 0.096875
5 0.76875 0.653125 0.10625 0.0828125
5 0.89375 0.684375 0.1109375 0.075
5 0.95625 0.7515625 0.0859375 0.090625
5 0.965625 0.8734375 0.06875 0.109375
5 0.98125 0.9375 0.0359375 0.0890625