2 0.0875 0.30625 0.175 0.2875
2 0.159375 0.571875 0.25625 0.1140625
1 0.353125 0.8421875 0.03125 0.0515625
1 0.4 0.828125 0.04375 0.05625
1 0.4875 0.81875 0.04375 0.0765625
3 0.3 0.784375 0.0546875 0.1171875
3 0.25625 0.778125 0.0484375 0.1015625
3 0.4890625 0.796875 0.040625 0.1109375
0 0.592585784375 0.8963541656249999 0.639562909375 0.9024816187500001 0.6579452625 0.8994178906249999 0.66611519375 0.891758578125 0.6610089875 0.8549938718750001 0.639562909375 0.8488664218749999 0.62730800625 0.8274203437500001 0.616074346875 0.776868871875 0.596670753125 0.76308210625 0.581352125 0.76614583125 0.5609272875 0.813633578125 0.5486723875 0.8580576000000001 0.5262050656249999 0.884099265625 0.523141340625 0.914736521875 0.545608659375 0.91167279375 0.569097221875 0.90707720625 0.592585784375 0.8963541656249999
0 0.745772059375 0.84273896875 0.72126225625 0.82895220625 0.71513480625 0.789123775 0.693688725 0.769209559375 0.683476309375 0.7906556375 0.673263890625 0.82282475625 0.662030228125 0.8381433812499999 0.6640727125 0.887162990625 0.6804125812499999 0.8825673999999999 0.694709965625 0.8657169124999999 0.71513480625 0.8687806374999999 0.7345384 0.8856311281249999 0.744750815625 0.877971815625 0.745772059375 0.84273896875
0 0.778451796875 0.775337009375 0.7610906875000001 0.7937193625 0.746609184375 0.8486638937500001 0.745772059375 0.8825673999999999 0.778451796875 0.873376225 0.79785539375 0.8657169124999999 0.82236519375 0.89788603125 0.8325776156250001 0.884099265625 0.81623774375 0.86418505 0.806025328125 0.84580269375 0.79785539375 0.813633578125 0.785600490625 0.775337009375 0.778451796875 0.775337009375
2 0.9375 0.65625 0.0484375 0.053125