0 0.2226492 0.279997659375 0.20702144687500001 0.2739863 0.196202240625 0.2379181375 0.18778735625 0.19704086875 0.138499965625 0.17539998125 0.11806366875 0.21627725 0.107244553125 0.252345415625 0.073584821875 0.265570478125 0.05435073124999999 0.29803174375 0.051946409375 0.38459529375 0.09642534999999999 0.412247590625 0.184180925 0.40383172187499994 0.23226619999999998 0.368965815625 0.243085403125 0.317268078125 0.2226492 0.279997659375
0 0.300787771875 0.39782036249999997 0.28275579375 0.38459529375 0.28275579375 0.340111265625 0.270734475 0.29682944375 0.25943506875 0.27650240312499996 0.23106408437499998 0.349729478125 0.23226619999999998 0.38339304375 0.235296471875 0.41875 0.36528989375 0.41875 0.41138387187500003 0.37377491875 0.42340519062500004 0.330493053125 0.401766778125 0.294424934375 0.390947665625 0.33289765 0.36810723125 0.355740840625 0.346468821875 0.319672678125 0.34406459375 0.286009021875 0.32843684375 0.33409990624999997 0.32242618125 0.372572575 0.300787771875 0.39782036249999997
5 0.03125 0.3390625 0.0625 0.096875
1 0.921875 0.0609375 0.1 0.0875
1 0.828125 0.059375 0.084375 0.1078125
1 0.73125 0.096875 0.09375 0.0875
1 0.6296875 0.075 0.0984375 0.0953125
5 0.53125 0.146875 0.0265625 0.0671875
3 0.7046875 0.2125 0.1171875 0.1203125
3 0.734375 0.1078125 0.1296875 0.090625
3 0.94375 0.08125 0.1125 0.1109375
3 0.615625 0.0875 0.1109375 0.1015625
2 0.025 0.65 0.0484375 0.1609375
3 0.0328125 0.840625 0.065625 0.203125
3 0.9796875 0.5765625 0.040625 0.178125
3 0.6625 0.5875 0.0890625 0.209375