3 0.265625 0.3578125 0.046875 0.1140625
3 0.565625 0.3375 0.06875 0.103125
3 0.534375 0.2375 0.078125 0.115625
3 0.43125 0.35625 0.0453125 0.1203125
3 0.471875 0.359375 0.05 0.128125
3 0.390625 0.353125 0.0609375 0.1078125
3 0.321875 0.26875 0.059375 0.0984375
3 0.3046875 0.384375 0.0625 0.1203125
3 0.384375 0.246875 0.0859375 0.1328125
3 0.4671875 0.2359375 0.0796875 0.1265625
3 0.275 0.25625 0.0671875 0.1078125
3 0.596875 0.24375 0.00625 0.0703125
0 0.309375 0.678125 0.5796875 0.2546875
3 0.809375 0.690625 0.1546875 0.28125