3 0.5828125 0.1359375 0.0984375 0.2578125
3 0.41875 0.3484375 0.0984375 0.16875
3 0.5234375 0.1078125 0.146875 0.215625
3 0.3546875 0.3453125 0.084375 0.15625
3 0.4953125 0.34375 0.0921875 0.1765625
3 0.621875 0.3421875 0.075 0.165625
3 0.5625 0.340625 0.0828125 0.16875
5 0.85 0.365625 0.1234375 0.1765625
5 0.95625 0.334375 0.0859375 0.1765625
5 0.846875 0.528125 0.0671875 0.14375
5 0.934375 0.53125 0.0671875 0.1578125
5 0.99375 0.528125 0.0125 0.1546875
5 0.803125 0.5390625 0.0578125 0.134375
5 0.703125 0.515625 0.028125 0.0890625
5 0.734375 0.5203125 0.0046875 0.0125
0 0.128125 0.9234375 0.25625 0.153125
0 0.346875 0.953125 0.1625 0.09375
0 0.8203125 0.846875 0.2625 0.1703125
1 0.721875 0.903125 0.0671875 0.1671875
1 0.928125 0.909375 0.0546875 0.1484375
1 0.8375 0.93125 0.1125 0.1265625