2 0.834375 0.334375 0.33125 0.13125
2 0.309375 0.746875 0.040625 0.065625
2 0.296875 0.80625 0.021875 0.04375
5 0.00625 0.8921875 0.0125 0.034375
5 0.0125 0.940625 0.0234375 0.0515625
5 0.034375 0.9796875 0.04375 0.040625
5 0.234375 0.975 0.05 0.0484375
5 0.259375 0.928125 0.0421875 0.0640625
5 0.278125 0.871875 0.0578125 0.0671875
5 0.28125 0.8171875 0.0578125 0.0828125
5 0.29375 0.7609375 0.05625 0.071875
1 0.21875 0.978125 0.0390625 0.04375
1 0.0359375 0.98125 0.046875 0.0359375
3 0.971875 0.640625 0.05625 0.1125