3 0.38125 0.2828125 0.04375 0.0609375
3 0.4109375 0.26875 0.0359375 0.075
3 0.3296875 0.203125 0.0578125 0.090625
5 0.45 0.184375 0.028125 0.046875
5 0.40625 0.190625 0.0234375 0.0421875
3 0.44375 0.265625 0.0421875 0.084375
0 0.25 0.7390625 0.5 0.521875
3 0.8640625 0.603125 0.1125 0.1765625
5 0.871875 0.80625 0.078125 0.0984375
5 0.803125 0.84375 0.08125 0.1375
0 0.544666659375 0.52979494375 0.568480259375 0.5575807687500001 0.580387134375 0.5999211125 0.5922939375 0.63696889375 0.603208515625 0.5959517187500001 0.621068790625 0.52582555 0.6309911500000001 0.49803967499999996 0.6438902468750001 0.482162040625 0.6637349625 0.48613148749999996 0.6796107218749999 0.5125941968750001 0.69846314375 0.5443494156249999 0.70739335625 0.5959517187500001 0.7183078625 0.591982321875 0.7331914 0.5628733312499999 0.7480749375 0.52317926875 0.763950771875 0.4927471625 0.7842912656250001 0.4796875 0.514240075 0.4796875 0.5 0.485879559375 0.5 0.542035209375 0.517876246875 0.52582555 0.544666659375 0.52979494375
0 0.788756665625 0.9293818 0.7897489656250001 0.872487040625 0.7589895906249999 0.8208847374999999 0.732199253125 0.80103770625 0.715331271875 0.849993675 0.696478703125 0.905565425 0.6677038468750001 0.91879678125 0.6518280875 0.9029190937499999 0.6359523312500001 0.867194478125 0.62503775 0.847347446875 0.61908435 0.83940865625 0.609161990625 0.857932571875 0.595270671875 0.8830720624999999 0.580387134375 0.9174736625 0.56351908125 0.896303415625 0.54268214375 0.8566093531250001 0.52779860625 0.834116090625 0.504977225 0.87381015625 0.5 0.890101046875 0.5 0.96430153125 0.52779860625 0.9611370718750001 0.6458746875 0.9558445125 0.71334668125 0.9479057187500001 0.788756665625 0.9293818