3 0.0296875 0.246875 0.059375 0.171875
1 0.675 0.2125 0.090625 0.2265625
1 0.590625 0.209375 0.1046875 0.26875
1 0.90625 0.2625 0.06875 0.19375
1 0.9859375 0.2609375 0.028125 0.209375
1 0.8 0.2625 0.071875 0.215625
1 0.8046875 0.084375 0.078125 0.16875
3 0.628125 0.0390625 0.1359375 0.078125
3 0.7421875 0.0671875 0.1625 0.134375
5 0.290625 0.73125 0.0375 0.0796875
5 0.2375 0.7265625 0.0390625 0.0796875
5 0.1625 0.746875 0.0359375 0.0953125
5 0.125 0.8375 0.0296875 0.0703125
5 0.10625 0.715625 0.03125 0.084375
5 0.16875 0.846875 0.034375 0.0828125
5 0.209375 0.846875 0.03125 0.084375
5 0.990625 0.7015625 0.0171875 0.109375
5 0.7015625 0.575 0.075 0.0296875
5 0.659375 0.709375 0.0625 0.103125
5 0.6453125 0.7953125 0.075 0.0984375
5 0.6140625 0.91875 0.0859375 0.11875
5 0.60625 0.98125 0.0765625 0.0359375
3 0.6546875 0.60625 0.090625 0.09375