3 0.253125 0.171875 0.134375 0.146875
3 0.209375 0.378125 0.10625 0.1609375
3 0.3328125 0.34375 0.109375 0.140625
3 0.43125 0.425 0.0359375 0.1515625
3 0.3859375 0.4703125 0.121875 0.11875
1 0.275 0.4390625 0.13125 0.128125
1 0.375 0.421875 0.08125 0.13125
2 0.6578125 0.171875 0.240625 0.34375
2 0.95 0.2046875 0.0984375 0.334375
1 0.1078125 0.9125 0.046875 0.175
1 0.059375 0.9375 0.05625 0.10625
1 0.190625 0.728125 0.1140625 0.1125
1 0.165625 0.653125 0.0546875 0.0890625
1 0.196875 0.86875 0.0859375 0.1
1 0.2078125 0.965625 0.096875 0.0671875
1 0.3875 0.8875 0.1015625 0.2046875
0 0.65625 0.671875 0.4140625 0.284375