3 0.39375 0.2328125 0.134375 0.146875
3 0.4375 0.4390625 0.10625 0.1609375
3 0.315625 0.403125 0.109375 0.140625
3 0.0578125 0.4109375 0.115625 0.146875
3 0.159375 0.484375 0.146875 0.1515625
3 0.2625 0.53125 0.121875 0.11875
3 0.0265625 0.171875 0.053125 0.14375
1 0.3734375 0.5 0.13125 0.128125
1 0.271875 0.4828125 0.08125 0.13125
0 0.61875 0.340625 0.159375 0.6796875
3 0.7625 0.953125 0.1015625 0.09375
3 0.646875 0.9578125 0.06875 0.084375
3 0.584375 0.834375 0.090625 0.1546875
1 0.6109375 0.9640625 0.053125 0.071875
3 0.75625 0.83125 0.0890625 0.159375
3 0.671875 0.8375 0.109375 0.1625