3 0.3125 0.184375 0.0640625 0.1265625
3 0.040625 0.20625 0.059375 0.11875
3 0.209375 0.1875 0.06875 0.15
3 0.259375 0.2078125 0.0515625 0.1078125
3 0.86875 0.4140625 0.0625 0.309375
3 0.634375 0.4078125 0.059375 0.2625
3 0.7859375 0.1625 0.096875 0.3234375
3 0.8875 0.14375 0.065625 0.2328125
3 0.6921875 0.1453125 0.0875 0.275
3 0.621875 0.14375 0.040625 0.259375
3 0.603125 0.365625 0.0390625 0.2515625
3 0.5703125 0.390625 0.05 0.2421875
3 0.584375 0.1703125 0.0375 0.25625
3 0.54375 0.409375 0.0421875 0.2125
3 0.5625 0.190625 0.04375 0.1828125
3 0.9859375 0.471875 0.028125 0.2
3 0.975 0.2875 0.0375 0.1734375
3 0.99375 0.28125 0.0125 0.159375
1 0.8515625 0.515625 0.0546875 0.15625
5 0.6578125 0.446875 0.0359375 0.16875
5 0.865625 0.1484375 0.0359375 0.1859375
5 0.0609375 0.871875 0.1109375 0.0828125