3 0.403125 0.3625 0.0640625 0.0625
3 0.4671875 0.4234375 0.0390625 0.0859375
3 0.521875 0.365625 0.059375 0.0625
3 0.50625 0.43125 0.0515625 0.09375
1 0.578125 0.3140625 0.0421875 0.0671875
1 0.5046875 0.309375 0.05625 0.0625
1 0.434375 0.3125 0.065625 0.053125
1 0.35625 0.3375 0.0390625 0.046875
1 0.396875 0.346875 0.0328125 0.0390625
1 0.384375 0.471875 0.046875 0.053125
1 0.55 0.4609375 0.0375 0.0375
1 0.509375 0.465625 0.0421875 0.0390625
1 0.425 0.471875 0.0390625 0.0421875
5 0.46875 0.4375 0.046875 0.0734375
0 0.46683803125 0.318463575 0.47706355 0.3122099375 0.48728903125 0.286626840625 0.5009230437500001 0.279804678125 0.51626128125 0.2854898125 0.526486803125 0.29686007812500004 0.52762295625 0.31277844374999997 0.538984625 0.340635603125 0.541256971875 0.344046675 0.558299478125 0.31960060625 0.577046253125 0.288332378125 0.588407925 0.2815102125 0.596929178125 0.300271146875 0.594656878125 0.32187466875 0.593520640625 0.3377930375 0.60317813125 0.333244934375 0.6094269999999999 0.324717234375 0.615675953125 0.313915475 0.617948253125 0.310504403125 0.619652521875 0.3286968125 0.619652521875 0.341772634375 0.619652521875 0.348594778125 0.627037625 0.330970875 0.62760565625 0.316758040625 0.62760565625 0.305956278125 0.625901475 0.29401750937500004 0.6162439843749999 0.2854898125 0.602610015625 0.27468805 0.58102281875 0.26616035 0.573069640625 0.26616035 0.552618640625 0.263317784375 0.538984625 0.2644548125 0.5287591468749999 0.2644548125 0.5247825374999999 0.263886309375 0.5037634625 0.26729738125 0.46740610312499997 0.271276978125 0.432184940625 0.275256575 0.4134381625 0.274119546875 0.3941233125 0.278667646875 0.3719680875 0.28719534687500003 0.34185964062499996 0.29686007812500004 0.32595328125 0.305387775 0.3123193125 0.325854246875 0.316903396875 0.3453125 0.34185964062499996 0.37190383437499996 0.336746878125 0.34632073750000003 0.335610728125 0.32812830625 0.344700059375 0.3201691125 0.357197878125 0.31732654375 0.37594465625 0.338361540625 0.382193565625 0.348594778125 0.390714821875 0.33438194375 0.39639565625 0.333244934375 0.406053103125 0.339498571875 0.40775732812500004 0.332107903125 0.40775732812500004 0.318463575 0.40775732812500004 0.308798846875 0.4123020125 0.2991341375 0.42139134062499994 0.290606440625 0.43956999999999996 0.288332378125 0.45490828125 0.29686007812500004 0.46683803125 0.318463575
0 0.52023789375 0.46172895 0.5151251343750001 0.4719621625 0.506603878125 0.4816269125 0.49978689374999996 0.47821579999999997 0.49240179062499995 0.46400296875 0.48274438750000004 0.45092718749999994 0.478767775 0.45320125000000006 0.469678446875 0.46627703125000003 0.46172526875 0.464571515625 0.45490828125 0.460023390625 0.44979552187499994 0.4679825875 0.42366368750000005 0.487880553125 0.406053103125 0.460023390625 0.390767034375 0.485227275 0.386738253125 0.491860128125 0.402644565625 0.49925081875000005 0.4123020125 0.49925081875000005 0.427640253125 0.4986823125 0.50546773125 0.4952712 0.530463371875 0.49242863124999997 0.5736377593750001 0.4765102875 0.579886671875 0.4583178375 0.576478178125 0.44524205625 0.5679569250000001 0.43898841875 0.56511650625 0.448653125 0.561707971875 0.46172895 0.5497782250000001 0.470825153125 0.541256971875 0.46514002187500003 0.5355761343750001 0.457180828125 0.5242144625 0.45149569375 0.52023789375 0.46172895