3 0.2734375 0.115625 0.071875 0.1046875
3 0.3625 0.1125 0.034375 0.059375
3 0.125 0.221875 0.0421875 0.05
3 0.259375 0.2203125 0.053125 0.0984375
0 0.159375 0.10625 0.1546875 0.059375
0 0.325 0.0921875 0.0734375 0.0546875
3 0.3234375 0.1375 0.05 0.08125
3 0.6296875 0.4515625 0.040625 0.059375
5 0.059375 0.6703125 0.11875 0.265625
5 0.3484375 0.9234375 0.078125 0.153125
4 0.0296875 0.575 0.059375 0.0734375
5 0.571875 0.753125 0.0703125 0.0640625
5 0.840625 0.7390625 0.05 0.040625
4 0.496875 0.759375 0.0734375 0.05625
4 0.63125 0.75625 0.0515625 0.046875