3 0.378125 0.3796875 0.04375 0.0609375
3 0.3484375 0.365625 0.0359375 0.075
3 0.4296875 0.3 0.0578125 0.090625
5 0.309375 0.28125 0.028125 0.046875
5 0.353125 0.2875 0.0234375 0.0421875
3 0.315625 0.3625 0.0421875 0.084375
0 1 0.029612018750000003 0.9786458343750001 0.043229168750000005 0.9536458343750001 0.041840278125000005 0.928645834375 0.03211805625 0.9067708343750001 0.0390625 0.908854165625 0.055729165625 0.9203125 0.061284721875 0.9328125 0.07100694375 0.946354165625 0.09878472187500001 0.9567708343750001 0.116840278125 0.9640625 0.150173609375 0.9734375 0.13072916875 0.9765625 0.102951390625 0.9963541656249999 0.080729165625 1 0.07661591875 1 0.029612018750000003
0 0.9067708343750001 0.0515625 0.897395834375 0.029340278125 0.8859375 0.0390625 0.861979165625 0.048784721875 0.8453125 0.055729165625 0.8286458343750001 0.044618056249999996 0.8130208343750001 0.043229168750000005 0.7953125 0.05711805625000001 0.78489583125 0.0640625 0.7755208312499999 0.0501736125 0.76510416875 0.043229168750000005 0.76197916875 0.0654513875 0.76822916875 0.0779513875 0.7734375 0.086284721875 0.78072916875 0.097395834375 0.78802083125 0.11961805625 0.7921875 0.13350694375 0.79635416875 0.1265625 0.8046875 0.10434027812499999 0.8109375 0.08211805625 0.8276041656249999 0.080729165625 0.836979165625 0.09600694374999999 0.8484375 0.12239583125 0.8609375 0.141840278125 0.8640625 0.1265625 0.8703125 0.09045138750000001 0.8869791656249999 0.068229165625 0.9067708343750001 0.0515625
0 1 0.333376734375 0.9984375 0.33350694375 0.9942708343750001 0.30572916562499997 0.9890625 0.28211805624999997 0.9786458343750001 0.25850694375 0.971354165625 0.2640625 0.966145834375 0.2890625 0.9588541656249999 0.3140625 0.950520834375 0.32100694375 0.955729165625 0.347395834375 0.9786458343750001 0.35850694375000003 0.9859375 0.3640625 1 0.370552884375 1 0.333376734375
0 0.9692708343750001 0.348784721875 0.9526041656249999 0.327951390625 0.9296875 0.31961805625 0.9223958343750001 0.298784721875 0.913020834375 0.277951390625 0.9046875 0.25711805625 0.899479165625 0.262673609375 0.8869791656249999 0.275173609375 0.8755208343750001 0.277951390625 0.8598958343750001 0.25850694375 0.8473958343750001 0.28350694375 0.8473958343750001 0.30711805625 0.8588541656249999 0.32100694375 0.8744791656249999 0.33489583437500003 0.8859375 0.343229165625 0.8942708343750001 0.34600694375 0.9098958343750001 0.352951390625 0.9265625 0.361284721875 0.950520834375 0.36822916562499997 0.9692708343750001 0.359895834375 0.9692708343750001 0.348784721875
1 0.965625 0.15 0.0484375 0.11875
1 0.8734375 0.1171875 0.0578125 0.1125
5 0.878125 0.2546875 0.05625 0.0765625
5 0.9375 0.2671875 0.0765625 0.115625
5 0.984375 0.2765625 0.0296875 0.109375
1 0.84375 0.375 0.0546875 0.053125
1 0.853125 0.234375 0.0421875 0.05625
5 0.784375 0.1578125 0.0703125 0.0796875