3 0.375 0.0390625 0.0390625 0.078125
3 0.4125 0.0453125 0.0515625 0.090625
1 0.290625 0.084375 0.046875 0.053125
1 0.44375 0.0734375 0.0109375 0.0375
1 0.41875 0.078125 0.0421875 0.0390625
1 0.33125 0.084375 0.0390625 0.0421875
5 0.375 0.05 0.046875 0.0734375
0 0.42805039375 0.07422895 0.42293763437500004 0.08446216250000001 0.414416378125 0.094126915625 0.40759939375 0.0907158 0.40021429062499997 0.07650296875 0.3905568875 0.06342719062499999 0.386580275 0.06570125 0.377490946875 0.07877702812500001 0.36953776875 0.077071515625 0.36272078125 0.07252339375 0.357608021875 0.08048258750000001 0.331476184375 0.10038055312500001 0.313865603125 0.07252339375 0.298579534375 0.097727271875 0.294550753125 0.10436012812499999 0.310457065625 0.111750815625 0.3201145125 0.111750815625 0.335452753125 0.11118231249999999 0.41328023125 0.1077712 0.438275871875 0.104928634375 0.45 0.1006059625 0.45 0.07826084375 0.449069471875 0.07764002187499999 0.44338863437500003 0.069680825 0.4320269625 0.06399569375 0.42805039375 0.07422895
3 0.89375 0.1828125 0.2109375 0.121875
3 0.875 0.2375 0.2046875 0.1140625
5 0.296875 0.74375 0.0484375 0.05
5 0.353125 0.746875 0.04375 0.0640625
5 0.4 0.740625 0.046875 0.05
5 0.240625 0.7375 0.0671875 0.046875
5 0.18125 0.7265625 0.046875 0.0546875
5 0.4390625 0.7359375 0.021875 0.046875
5 0.15 0.7234375 0.0484375 0.046875
2 0.35625 0.659375 0.084375 0.1203125
4 0.25 0.640625 0.1015625 0.075
4 0.4328125 0.64375 0.034375 0.0703125
4 0.1125 0.7796875 0.028125 0.0375
5 0.440625 0.790625 0.01875 0.0703125
5 0.396875 0.7875 0.059375 0.071875
5 0.3484375 0.790625 0.0578125 0.078125
5 0.3 0.78125 0.0578125 0.0671875
5 0.2375 0.7828125 0.0640625 0.06875
5 0.171875 0.778125 0.05625 0.06875
5 0.184375 0.6625 0.0453125 0.0671875
0 0.834375 0.8140625 0.3296875 0.371875