0 0.803125 0.290625 0.3921875 0.5796875
3 0.0375 0.896875 0.075 0.2046875
3 0.096875 0.903125 0.0859375 0.1875
3 0.18125 0.8765625 0.0796875 0.153125
5 0.6765625 0.8953125 0.0484375 0.05
5 0.7328125 0.896875 0.04375 0.0640625
5 0.78125 0.890625 0.046875 0.05
5 0.621875 0.8890625 0.0671875 0.046875
5 0.5609375 0.878125 0.046875 0.0546875
5 0.828125 0.8875 0.0421875 0.046875
5 0.53125 0.875 0.0484375 0.046875
2 0.7359375 0.809375 0.084375 0.1203125
4 0.63125 0.790625 0.1015625 0.075
4 0.81875 0.796875 0.046875 0.0703125
4 0.49375 0.93125 0.028125 0.0375
5 0.834375 0.94375 0.0484375 0.0703125
5 0.778125 0.9390625 0.059375 0.071875
5 0.728125 0.940625 0.0578125 0.078125
5 0.6796875 0.934375 0.0578125 0.0671875
5 0.61875 0.934375 0.0640625 0.06875
5 0.553125 0.9296875 0.05625 0.06875
5 0.86875 0.79375 0.0578125 0.0921875
5 0.5625 0.815625 0.0453125 0.0671875