5 0.084375 0.5625 0.0578125 0.0546875
2 0.0296875 0.7171875 0.059375 0.065625
2 0.4390625 0.7390625 0.040625 0.059375
3 0.809375 0.396875 0.0640625 0.0328125
3 0.7453125 0.4421875 0.0390625 0.0859375
3 0.690625 0.396875 0.059375 0.0359375
3 0.70625 0.45 0.0515625 0.09375
1 0.828125 0.490625 0.046875 0.053125
1 0.6625 0.4796875 0.0375 0.0375
1 0.703125 0.484375 0.0421875 0.0390625
1 0.7875 0.490625 0.0390625 0.0421875
5 0.74375 0.45625 0.046875 0.0734375
0 0.821732965625 0.503977275 0.806446896875 0.47877339062499996 0.7888363125 0.506630553125 0.7627044781250001 0.4867325875 0.75759171875 0.47877339062499996 0.75077473125 0.483321515625 0.742821553125 0.48502703125 0.733732225 0.47195125000000004 0.7297556125 0.4696771875 0.720098209375 0.48275296875 0.7127131062500001 0.4969658 0.7058961218750001 0.5003769124999999 0.697374865625 0.49071216250000005 0.6922621062500001 0.48047895 0.6882855375 0.47024569375 0.676923865625 0.475930828125 0.6712430281249999 0.483890021875 0.662721775 0.489575153125 0.6507920281249999 0.48047895 0.64738349375 0.467403125 0.644543075 0.45773841875 0.636021821875 0.46399205625000006 0.6326133281249999 0.47706783750000004 0.638862240625 0.4952602875 0.682036628125 0.51117863125 0.70703226875 0.5140212 0.784859746875 0.5174323125 0.8001979875 0.51800081875 0.8098554312499999 0.51800081875 0.825761746875 0.510610128125 0.821732965625 0.503977275