3 0.4125 0.04375 0.1125 0.0875
5 0.40625 0.203125 0.078125 0.0984375
5 0.4734375 0.2375 0.08125 0.1265625
0 0.621875 0.506423609375 0.60208333125 0.518923609375 0.58645833125 0.5175347218749999 0.54791666875 0.48836805625 0.5177083312499999 0.48836805625 0.49375 0.49253472187499997 0.47083333125 0.506423609375 0.44270833125 0.5175347218749999 0.428125 0.493923609375 0.396875 0.47447916875 0.380208334375 0.46475694375 0.3625 0.496701390625 0.340625 0.50364583125 0.307291665625 0.505034721875 0.291666665625 0.50364583125 0.278125 0.559201390625 0.286458334375 0.56614583125 0.316666665625 0.58975694375 0.333333334375 0.5994791687500001 0.346875 0.609201390625 0.355208334375 0.5994791687500001 0.36041666562499997 0.581423609375 0.366666665625 0.555034721875 0.40520833125 0.559201390625 0.415625 0.56475694375 0.43020833124999996 0.58975694375 0.43958333125 0.606423609375 0.46145833124999996 0.610590278125 0.47708333124999996 0.568923609375 0.50833333125 0.555034721875 0.53958333125 0.546701390625 0.55 0.555034721875 0.5645833312499999 0.5800347218749999 0.57395833125 0.6022569437499999 0.57708333125 0.63697916875 0.5916666687500001 0.609201390625 0.615625 0.5800347218749999 0.6375 0.57586805625 0.6583333312499999 0.5703125 0.67083333125 0.581423609375 0.68229166875 0.598090278125 0.6875 0.621701390625 0.69791666875 0.61336805625 0.7125 0.598090278125 0.7322916687500001 0.56475694375 0.753125 0.55086805625 0.765625 0.5633680562500001 0.77291666875 0.584201390625 0.790625 0.5772569437499999 0.790625 0.55364583125 0.790625 0.523090278125 0.76979166875 0.498090278125 0.7322916687500001 0.4953125 0.70833333125 0.51614583125 0.69583333125 0.5203125 0.6875 0.506423609375 0.66041666875 0.49947916875000004 0.640625 0.50225694375 0.621875 0.506423609375
0 0.775 0.80086805625 0.76875 0.793923609375 0.76041666875 0.8078125 0.759375 0.8105902781250001 0.7520833312499999 0.8453125 0.74895833125 0.8439236125 0.7375 0.8328125 0.71875 0.8244791656249999 0.71458333125 0.8189236125000001 0.70833333125 0.8092013874999999 0.69583333125 0.798090278125 0.69166666875 0.8203125 0.69166666875 0.841145834375 0.69270833125 0.861979165625 0.6854166687500001 0.866145834375 0.675 0.8703125 0.66145833125 0.8730902781250001 0.64583333125 0.8744791656249999 0.6385416687500001 0.8717013874999999 0.63125 0.855034721875 0.62604166875 0.83975694375 0.62395833125 0.823090278125 0.61979166875 0.79947916875 0.615625 0.780034721875 0.6125 0.7911458312499999 0.60625 0.8078125 0.60104166875 0.8244791656249999 0.5916666687500001 0.836979165625 0.58333333125 0.8439236125 0.56875 0.8467013874999999 0.5625 0.841145834375 0.553125 0.8133680562500001 0.54791666875 0.796701390625 0.54375 0.7828125 0.5375 0.796701390625 0.53229166875 0.8119791656249999 0.5177083312499999 0.8314236125000001 0.5135416687500001 0.836979165625 0.50520833125 0.841145834375 0.49270833124999996 0.83975694375 0.49166666875000004 0.8300347218749999 0.48229166875 0.817534721875 0.475 0.79947916875 0.465625 0.780034721875 0.465625 0.793923609375 0.45520833125 0.81475694375 0.446875 0.8342013875 0.44583333124999996 0.835590278125 0.42708333125 0.835590278125 0.41770833124999995 0.8314236125000001 0.4125 0.8119791656249999 0.40729166875 0.792534721875 0.4 0.77586805625 0.386458334375 0.755034721875 0.385416665625 0.768923609375 0.382291665625 0.796701390625 0.37604166562499997 0.8244791656249999 0.370833334375 0.8286458343750001 0.352083334375 0.8272569437499999 0.352083334375 0.8161458343750001 0.34479166562499997 0.793923609375 0.33125 0.784201390625 0.320833334375 0.803645834375 0.316666665625 0.823090278125 0.310416665625 0.8494791656249999 0.3 0.8564236125000001 0.292708334375 0.861979165625 0.273958334375 0.8536458343750001 0.267708334375 0.8300347218749999 0.28020833437500003 0.8897569437499999 0.345833334375 0.8897569437499999 0.379166665625 0.8814236125000001 0.415625 0.8814236125000001 0.46770833125 0.8939236125000001 0.509375 0.8814236125000001 0.5447916687500001 0.8814236125000001 0.58229166875 0.9092013874999999 0.60625 0.910590278125 0.640625 0.9092013874999999 0.68020833125 0.9092013874999999 0.7052083312499999 0.903645834375 0.73854166875 0.8967013875 0.759375 0.8925347218749999 0.77708333125 0.866145834375 0.78125 0.861979165625 0.790625 0.86475694375 0.8010416656249999 0.8592013875 0.817708334375 0.8453125 0.833333334375 0.835590278125 0.848958334375 0.8244791656249999 0.8510416656249999 0.7897569437499999 0.821875 0.77586805625 0.79583333125 0.768923609375 0.78645833125 0.781423609375 0.78541666875 0.785590278125 0.78125 0.798090278125 0.7791666687500001 0.79947916875 0.775 0.80086805625
2 0.84375 0.684375 0.040625 0.0734375
5 0.346875 0.646875 0.04375 0.0890625
5 0.459375 0.6640625 0.0390625 0.1140625
5 0.5765625 0.659375 0.040625 0.0828125
5 0.721875 0.63125 0.0875 0.1546875
5 0.5375 0.7703125 0.034375 0.109375
5 0.46875 0.76875 0.0421875 0.0796875
5 0.334375 0.76875 0.0328125 0.075