0 0.290625 0.8125 0.5796875 0.2171875
3 0.9625 0.8 0.0625 0.309375
3 0.728125 0.79375 0.059375 0.2625
3 0.8796875 0.6046875 0.096875 0.209375
3 0.9734375 0.5734375 0.053125 0.146875
3 0.7859375 0.584375 0.0875 0.16875
3 0.7140625 0.5796875 0.040625 0.159375
3 0.696875 0.7515625 0.0390625 0.2515625
3 0.6640625 0.7765625 0.05 0.2421875
3 0.678125 0.5921875 0.0375 0.184375
3 0.6375 0.796875 0.0421875 0.2125
3 0.6546875 0.584375 0.04375 0.16875
1 0.9453125 0.9 0.0546875 0.15625
5 0.7515625 0.83125 0.0359375 0.16875
5 0.959375 0.5625 0.0359375 0.1265625