0 0.553125 0.134375 0.26875 0.2671875
3 0.175 0.66875 0.0703125 0.103125
3 0.209375 0.56875 0.078125 0.115625
3 0.3109375 0.6875 0.0453125 0.1203125
3 0.2703125 0.690625 0.05 0.128125
3 0.3515625 0.684375 0.0609375 0.1078125
3 0.403125 0.6 0.0296875 0.0984375
3 0.4125 0.715625 0.0125 0.1203125
3 0.359375 0.578125 0.0859375 0.1328125
3 0.275 0.5671875 0.0796875 0.1265625
3 0.1328125 0.575 0.03125 0.0703125
3 0.99375 0.871875 0.0125 0.0640625
3 0.9859375 0.921875 0.028125 0.0890625
3 0.9625 0.625 0.05625 0.0765625