3 0.45 0.390625 0.1171875 0.2578125
3 0.05 0.378125 0.1 0.271875
3 0.2625 0.03125 0.1296875 0.0609375
3 0.15625 0.0421875 0.1 0.084375
3 0.76875 0.4640625 0.1203125 0.1234375
3 0.6359375 0.45625 0.109375 0.115625
3 0.2953125 0.9203125 0.140625 0.159375
3 0.1078125 0.9578125 0.128125 0.084375
3 0.175 0.9796875 0.0828125 0.040625
3 0.034375 0.9515625 0.06875 0.096875
3 0.378125 0.925 0.121875 0.14375
3 0.746875 0.928125 0.1296875 0.1421875
3 0.6609375 0.8984375 0.146875 0.203125
3 0.7390625 0.7640625 0.11875 0.128125
1 0.678125 0.9375 0.115625 0.125