4 0.028125 0.0203125 0.05625 0.040625
5 0.40625 0.109375 0.0734375 0.0921875
4 0.025 0.153125 0.0484375 0.1171875
1 0.81875 0.4046875 0.046875 0.1859375
1 0.8671875 0.425 0.05625 0.10625
1 0.7375 0.2140625 0.1140625 0.1125
1 0.759375 0.140625 0.0546875 0.0890625
1 0.73125 0.35625 0.0859375 0.1
1 0.71875 0.46875 0.096875 0.1
3 0.5125 0.9421875 0.134375 0.115625
3 0.53125 0.7125 0.08125 0.253125
3 0.55625 0.64375 0.0453125 0.2515625
5 0.253125 0.865625 0.090625 0.1484375
0 0.8734375 0.759375 0.253125 0.48125