1 0.7125 0.278125 0.075 0.0453125
1 0.6765625 0.3046875 0.090625 0.046875
1 0.60625 0.33125 0.0703125 0.0515625
1 0.54375 0.334375 0.0515625 0.065625
3 0.4125 0.9625 0.0890625 0.075
1 0.675 0.81875 0.040625 0.084375
1 0.821875 0.8234375 0.028125 0.125
1 0.8671875 0.80625 0.0546875 0.1109375
1 0.759375 0.83125 0.0546875 0.0734375
1 0.765625 0.921875 0.059375 0.0859375
1 0.76875 0.984375 0.0484375 0.03125
1 0.765625 0.74375 0.0546875 0.0875
1 0.75 0.4703125 0.0484375 0.040625
3 0.546875 0.771875 0.0375 0.090625
0 0.8166826593750001 0.592169365625 0.811562484375 0.611622025 0.8273988062500001 0.6226544125 0.8581184500000001 0.6579027468749999 0.8559751999999999 0.68552979375 0.8731211 0.667429321875 0.8859805 0.64551816875 0.906698340625 0.6321809875 0.9174144875 0.6359915968750001 0.925273040625 0.667429321875 0.94241883125 0.64075488125 0.94813413125 0.6007432968749999 0.9074127937500001 0.6007432968749999 0.865977003125 0.6007432968749999 0.8309708562499999 0.5959800093750001 0.8166826593750001 0.592169365625
4 0.60625 0.7 0.071875 0.1078125
4 0.6625 0.690625 0.0578125 0.128125
4 0.89375 0.68125 0.065625 0.084375
4 0.834375 0.678125 0.059375 0.109375