3 0.3953125 0.5 0.046875 0.1375
3 0.159375 0.4140625 0.125 0.146875
2 0.709375 0.53125 0.390625 0.075
3 0.3234375 0.821875 0.1609375 0.2234375
3 0.271875 0.95 0.1703125 0.0984375
3 0.61875 0.58125 0.0390625 0.0234375
3 0.659375 0.5875 0.0515625 0.0359375
1 0.5375 0.596875 0.046875 0.053125
1 0.703125 0.5875 0.0375 0.0375
1 0.6625 0.5921875 0.0421875 0.0390625
1 0.578125 0.5984375 0.0390625 0.0421875
5 0.6203125 0.584375 0.046875 0.03125
0 0.6943819718750001 0.591702521875 0.688701134375 0.583743328125 0.6773394625 0.57805819375 0.67336289375 0.58829145 0.668250134375 0.5985246625 0.6597288781249999 0.6081894125 0.65291189375 0.6047783 0.645526790625 0.59056546875 0.6358693875 0.5774896875 0.6318927750000001 0.57976375 0.622803446875 0.59283953125 0.6148502687499999 0.591134015625 0.60803328125 0.586585890625 0.602920521875 0.5945450875 0.5767886875 0.614443053125 0.559178103125 0.586585890625 0.54389203125 0.611789775 0.5398632531249999 0.618422628125 0.555769565625 0.62581331875 0.5654270125 0.62581331875 0.5807652531249999 0.6252448125 0.65859273125 0.6218337 0.683588371875 0.6189911312499999 0.726762759375 0.6030727875 0.733011671875 0.5848803375 0.729603178125 0.57180455625 0.725441015625 0.56875 0.720141728125 0.56875 0.7182415062499999 0.575215625 0.7148329718750001 0.58829145 0.702903225 0.597387653125 0.6943819718750001 0.591702521875