3 0.05 0.0375 0.0828125 0.075
3 0.4140625 0.078125 0.046875 0.15625
3 0.703125 0.40625 0.1359375 0.1046875
3 0.628125 0.04375 0.0765625 0.0859375
3 0.9265625 0.06875 0.146875 0.1375
3 0.25 0.859375 0.2203125 0.2796875
5 0.6875 0.534375 0.046875 0.09375
5 0.69375 0.61875 0.046875 0.0859375
5 0.709375 0.6984375 0.0671875 0.0734375
5 0.7375 0.765625 0.0890625 0.0515625
5 0.775 0.815625 0.0703125 0.0828125
3 0.93125 0.76875 0.0875 0.1578125
3 0.9859375 0.7859375 0.028125 0.140625
3 0.8625 0.825 0.115625 0.153125