3 0.225 0.365625 0.178125 0.1734375
3 0.41875 0.365625 0.15625 0.1828125
0 0.56875 0 0.56875 0.080729165625 0.5723958312499999 0.0782986125 0.5838541687500001 0.0810763875 0.60260416875 0.088020834375 0.6171875 0.0935763875 0.6296875 0.0907986125 0.6348958312499999 0.0671875 0.64114583125 0.04635416875 0.6515625 0.031076387500000004 0.6776041687500001 0.015798609375 0.6932291687500001 0.022743056249999997 0.7265625 0.04774305625 0.7484375 0.0685763875 0.7578125 0.101909721875 0.7671875 0.082465278125 0.77239583125 0.0685763875 0.78072916875 0.056076387500000005 0.79635416875 0.039409721875 0.8130208343750001 0.022743056249999997 0.8557291656249999 0.0019097218749999998 0.8598958343750001 0.033854168750000004 0.866145834375 0.057465278125 0.8713541656249999 0.071354165625 0.8744791656249999 0.07413194375 0.8859375 0.082465278125 0.8963541656249999 0.0810763875 0.9078125 0.07274305625000001 0.9182291656249999 0.064409721875 0.9255208343750001 0.04774305625 0.9328125 0.0421875 0.9473958343750001 0.0407986125 0.9536458343750001 0.049131943750000004 0.9588541656249999 0.058854165624999996 0.9640625 0.071354165625 0.971354165625 0.075520834375 0.981770834375 0.07274305625000001 0.993229165625 0.056076387500000005 0.997395834375 0.039409721875 1 0.035165893749999996 1 0 0.56875 0
0 0.7359375 0.340798609375 0.76302083125 0.344965278125 0.77760416875 0.344965278125 0.79635416875 0.3421875 0.8182291656249999 0.340798609375 0.8338541656249999 0.33524305625 0.8578125 0.333854165625 0.8755208343750001 0.326909721875 0.8963541656249999 0.32413194375 0.9203125 0.32413194375 0.9338541656249999 0.313020834375 0.946354165625 0.308854165625 0.961979165625 0.29913194375 0.966145834375 0.275520834375 0.9671875 0.25746527812500003 0.9578125 0.24496527812500002 0.9526041656249999 0.22274305625 0.9432291656249999 0.23107639062500002 0.9432291656249999 0.26163194375 0.930729165625 0.27274305625 0.919270834375 0.278298609375 0.9005208343750001 0.275520834375 0.9005208343750001 0.264409721875 0.8859375 0.24913194375 0.881770834375 0.24913194375 0.8744791656249999 0.281076390625 0.861979165625 0.2921875 0.8536458343750001 0.3046875 0.8432291656249999 0.303298609375 0.8359375 0.29913194375 0.8244791656249999 0.28802083437500003 0.8130208343750001 0.27690972187499996 0.8130208343750001 0.300520834375 0.8119791656249999 0.31024305625 0.8005208343750001 0.318576390625 0.7755208312499999 0.328298609375 0.76510416875 0.32135416562499997 0.7515625 0.294965278125 0.7401041687500001 0.268576390625 0.73177083125 0.250520834375 0.7286458312499999 0.250520834375 0.7234375 0.26996527812500004 0.7203125 0.2796875 0.70677083125 0.2921875 0.69635416875 0.301909721875 0.68072916875 0.29774305624999997 0.66927083125 0.283854165625 0.6619791687500001 0.264409721875 0.6661458312499999 0.23524305625 0.6546875 0.221354165625 0.6421875 0.23663194375000002 0.63802083125 0.24774305624999998 0.62760416875 0.251909721875 0.6140625 0.251909721875 0.6046875 0.24635416562499998 0.5953125 0.2296875 0.58697916875 0.2046875 0.5828125 0.18663194375 0.57447916875 0.225520834375 0.58072916875 0.240798609375 0.58489583125 0.26163194375 0.59322916875 0.2796875 0.60260416875 0.28663194375 0.62135416875 0.290798609375 0.63697916875 0.2921875 0.65260416875 0.281076390625 0.6578125 0.29774305624999997 0.67135416875 0.315798609375 0.6890625 0.326909721875 0.70572916875 0.33524305625 0.72239583125 0.338020834375 0.7359375 0.340798609375
1 0.6 0.1234375 0.0609375 0.125
1 0.96875 0.1015625 0.0515625 0.1109375
1 0.9625 0.221875 0.046875 0.084375
1 0.890625 0.2375 0.046875 0.0828125
1 0.828125 0.2515625 0.05625 0.090625
1 0.7734375 0.26875 0.0828125 0.1296875
1 0.69375 0.2609375 0.0734375 0.103125
1 0.634375 0.2296875 0.0671875 0.08125
5 0.884375 0.11875 0.053125 0.0875
5 0.75625 0.134375 0.05625 0.134375