3 0.2875 0.20625 0.1609375 0.2234375
3 0.2375 0.3375 0.1703125 0.1015625
0 1 0.057282715625 0.9352228968749999 0.04510100625 0.864774165625 0.043777893750000005 0.799286615625 0.050393571875 0.731814546875 0.080825675 0.6841872718750001 0.080825675 0.6415211000000001 0.088764465625 0.62762978125 0.139043603125 0.644497834375 0.187999625 0.6554124156250001 0.201230978125 0.667319215625 0.16947575625 0.676249353125 0.144336165625 0.6911328906249999 0.14565928125 0.7149465687500001 0.150951840625 0.7288378843750001 0.16682947812499999 0.741736903125 0.17741455 0.75959718125 0.184030228125 0.766542803125 0.1827071125 0.78043411875 0.193292184375 0.8062322375000001 0.19726158124999998 0.8181391093749999 0.203877259375 0.822107996875 0.21181605312500001 0.8240925125 0.17609143437500002 0.8310381343750001 0.14301305 0.842945009375 0.123166015625 0.8657663875000001 0.10993466562500001 0.88053073125 0.1117972875 0.90942478125 0.136397371875 0.9411763000000001 0.18006083125 0.9580443531249999 0.19196901875 0.9759045531250001 0.14698244375 1 0.125561796875 1 0.057282715625
3 0.7953125 0.259375 0.109375 0.16875
3 0.890625 0.21875 0.1578125 0.265625
3 0.746875 0.3625 0.1015625 0.0515625
3 0.9125 0.35625 0.103125 0.065625
3 0.9703125 0.21875 0.059375 0.2484375
3 0.665625 0.365625 0.0984375 0.0453125
4 0.4125 0.515625 0.2125 0.253125
4 0.396875 0.771875 0.2421875 0.21875
0 0.259375 0.69375 0.3703125 0.6109375
5 0.628125 0.7578125 0.059375 0.071875
5 0.690625 0.753125 0.059375 0.075
5 0.771875 0.7625 0.06875 0.075
5 0.875 0.765625 0.0890625 0.06875
5 0.95625 0.7625 0.0515625 0.078125
5 0.9921875 0.759375 0.015625 0.0609375
5 0.9875 0.821875 0.025 0.0296875
5 0.9515625 0.825 0.04375 0.046875
5 0.896875 0.821875 0.0546875 0.040625
5 0.84375 0.8234375 0.059375 0.040625
5 0.79375 0.83125 0.0484375 0.046875
5 0.7375 0.8171875 0.0453125 0.0359375
5 0.69375 0.83125 0.0484375 0.040625
5 0.653125 0.815625 0.03125 0.028125
5 0.625 0.803125 0.040625 0.03125