4 0.0609375 0.11875 0.053125 0.203125
4 0.14375 0.1328125 0.115625 0.23125
4 0.2953125 0.10625 0.178125 0.2109375
4 0.4484375 0.0671875 0.146875 0.134375
4 0.59375 0.0453125 0.1109375 0.090625
4 0.4875 0.2921875 0.1328125 0.2328125
4 0.365625 0.3078125 0.1453125 0.2265625
4 0.259375 0.346875 0.1140625 0.203125
4 0.171875 0.35625 0.0984375 0.1765625
4 0.1125 0.365625 0.0703125 0.2078125
4 0.059375 0.346875 0.059375 0.225
4 0.0296875 0.13125 0.0421875 0.1671875
1 0.803125 0.665625 0.30625 0.190625