5 0.2546875 0.4109375 0.0640625 0.1
5 0.1734375 0.384375 0.0515625 0.090625
5 0.153125 0.19375 0.0328125 0.0625
5 0.09375 0.353125 0.0296875 0.0703125
5 0.0125 0.35 0.025 0.0546875
5 0.303125 0.4 0.0453125 0.0796875
0 0 0.509375 0.19522598124999999 0.509375 0.18625761875 0.497645696875 0.1829087875 0.45410634375000003 0.1683973875 0.422847234375 0.160583478125 0.41168327812500005 0.151653409375 0.446291521875 0.142723253125 0.46861943124999994 0.136025675 0.4842489875 0.129328103125 0.49652932187500004 0.12151419375000001 0.499878540625 0.112584121875 0.48759820937500004 0.108119040625 0.4563391 0.10142146875 0.430661965625 0.088026234375 0.408334059375 0.073514834375 0.4239636125 0.066817171875 0.457455478125 0.05565451875000001 0.485365365625 0.03779429375 0.4987621625 0.02328289375 0.47866700937499995 0.016585234375 0.44294238750000003 0.009887659375 0.41391603750000006 0.003190084375 0.39493734687500004 0 0.401318253125 0 0.509375
0 0 0.132582459375 0.0076551625 0.1526795125 0.018817815625 0.13370078125 0.032212965625 0.0923941375 0.052305775 0.06225149375 0.080212409375 0.049971115625 0.1058864625 0.053320293750000004 0.11928169687500001 0.073415446875 0.12709551875 0.10355809375 0.14160700312500002 0.14374835625 0.14160700312500002 0.1761238 0.15835098125 0.154912309375 0.1639323125 0.125886003125 0.171746134375 0.09351055625 0.1817925375 0.06783346875 0.19518768749999998 0.061135071875 0.207466675 0.074531828125 0.21862933125 0.09574335625 0.23090823125 0.135933578125 0.236489559375 0.175007421875 0.25658228125 0.138166378125 0.26439619062499997 0.11472204687500001 0.27779134375000003 0.099092534375 0.291186575 0.0923941375 0.294535321875 0.10802369375000001 0.29230282500000004 0.127002421875 0.28895399374999997 0.151563134375 0.29230282500000004 0.179473021875 0.309046803125 0.16719264375 0.325892884375 0.146149553125 0.323558203125 0.120304025 0.31909320937499996 0.077881003125 0.280023925 0.055553093750000004 0.243187134375 0.0376907625 0.19407144062499998 0.03210878125 0.12821176875 0.028759649999999998 0.032212965625 0.00754809375 0 0.00585246875 0 0.132582459375
0 0.659375 0.1765625 0.2421875 0.353125
0 0.7125 0.4015625 0.3484375 0.215625
4 0.725 0.7546875 0.3265625 0.490625
4 0.934375 0.7921875 0.13125 0.415625
0 0.76875 0.621875 0.4609375 0.2234375