5 0.3546875 0.6640625 0.0640625 0.1
5 0.4359375 0.6375 0.0515625 0.090625
5 0.75625 0.409375 0.040625 0.06875
5 0.45625 0.446875 0.0328125 0.0625
5 0.515625 0.60625 0.0296875 0.0703125
5 0.60625 0.603125 0.0421875 0.0546875
5 0.909375 0.59375 0.040625 0.078125
5 0.30625 0.653125 0.0453125 0.0796875
0 0.53920899375 0.78984454375 0.5593018062499999 0.790961003125 0.58497585625 0.785379028125 0.607301165625 0.77198223125 0.627393975 0.7786805875 0.6597656875 0.78202980625 0.703300053125 0.76751663125 0.75353199375 0.768633096875 0.778089796875 0.745188721875 0.8539958750000001 0.7373739875 0.8885999968749999 0.70276574375 0.8919488281250001 0.6636919 0.87632118125 0.641363946875 0.857344703125 0.612337765625 0.84618205 0.5922425687499999 0.840600725 0.630199990625 0.8372518937500001 0.6703902562499999 0.8283217374999999 0.6960673875000001 0.8126940906250001 0.706114878125 0.8026476 0.68490343125 0.78925245 0.664808278125 0.7713921375 0.641363946875 0.757996984375 0.6793214562500001 0.746834334375 0.7005329 0.734555515625 0.710580478125 0.718927696875 0.6815542125 0.7066488843750001 0.652527903125 0.685439740625 0.639131190625 0.674277084375 0.67485585625 0.66199818125 0.71169685625 0.6463704531250001 0.72955925 0.635207796875 0.715046075 0.632975303125 0.6916017875 0.61846381875 0.6726230125 0.60618491875 0.648062346875 0.599487340625 0.6670410375 0.592789765625 0.6960673875000001 0.58609210625 0.731792009375 0.57158070625 0.7518871625 0.553720478125 0.7384903656249999 0.542557828125 0.710580478125 0.535860165625 0.6770886125 0.521348765625 0.661459059375 0.50795353125 0.683786965625 0.50125595625 0.7094641 0.49679088125000004 0.740723209375 0.48786080624999995 0.753003540625 0.48004689687499996 0.749654321875 0.47334932187499995 0.7373739875 0.46665175000000003 0.72174443125 0.45772159375 0.699416521875 0.44879151874999995 0.664808278125 0.44097760937499997 0.675972234375 0.4264662125 0.70723134375 0.42311738125 0.750770696875 0.408605984375 0.769749471875 0.392978253125 0.765283871875 0.384048096875 0.748537940625 0.382931846875 0.719511675 0.38069935 0.6882525687500001 0.37176919375 0.65699354375 0.355025215625 0.690485409375 0.343862559375 0.7139297 0.322544615625 0.714564734375 0.332699909375 0.7641674968750001 0.3684203625 0.794310140625 0.37176919375 0.79989211875 0.40190832500000007 0.824452871875 0.44097760937499997 0.8166380500000001 0.45214026562500004 0.78202980625 0.47000057812499996 0.785379028125 0.48786080624999995 0.796542984375 0.5168836906250001 0.7931937625 0.531395175 0.7831461843749999 0.53920899375 0.78984454375
0 0.39074566875 0.34886835625 0.40190832500000007 0.327656825 0.4141873125 0.314260071875 0.42758246250000004 0.32095846875 0.437628865625 0.34663555625 0.445442690625 0.379011 0.45102401875 0.4080373125 0.467767996875 0.4292488 0.467767996875 0.39687335625000003 0.48227948125 0.356683090625 0.490093303125 0.326540446875 0.5034885375 0.30644529375 0.529162590625 0.303096115625 0.557069225 0.31537649375 0.577162034375 0.3455191375 0.5905571843749999 0.38682578125 0.6017198375 0.40580450937499996 0.61064999375 0.382360225 0.6218126500000001 0.337704403125 0.640789125 0.3042125375 0.672044590625 0.27183704999999997 0.6932535625 0.28635018125 0.716695203125 0.30867809375 0.72785785625 0.33882078125000004 0.7446018375000001 0.37454544375 0.7557644906250001 0.365614290625 0.75911331875 0.317609246875 0.76134581875 0.27630266875 0.7758573 0.248392784375 0.799298771875 0.26178949375 0.8104614218749999 0.290815759375 0.830554234375 0.33882078125000004 0.8372518937500001 0.3533339125 0.8450657156249999 0.316492871875 0.8584608656249999 0.28076820625 0.8696235218749999 0.264022271875 0.8796700124999999 0.24950913749999998 0.86292603125 0.217133675 0.791484946875 0.224948428125 0.70999754375 0.24504356249999998 0.619580065625 0.25844029687500003 0.577162034375 0.260673096875 0.48116323124999993 0.281884646875 0.415303559375 0.285233784375 0.366187865625 0.290815759375 0.329351075 0.30867809375 0.29028179062500004 0.331006003125 0.285816796875 0.37342902499999997 0.283482115625 0.39927455625 0.300328196875 0.42031764374999997 0.31707217499999996 0.43259801875 0.32042100625000003 0.404688134375 0.31707217499999996 0.380127425 0.314839678125 0.36114869375 0.318188425 0.3455191375 0.33158365624999997 0.352217534375 0.34497880937500003 0.367847046875 0.35279271875 0.391291378125 0.372885440625 0.428132421875 0.37846676874999996 0.389058578125 0.39074566875 0.34886835625
3 0.7375 0.6203125 0.1140625 0.221875