0 0.62447916875 0.363020834375 0.63697916875 0.364409721875 0.65677083125 0.32413194375 0.6619791687500001 0.303298609375 0.67864583125 0.293576390625 0.7109375 0.294965278125 0.73489583125 0.307465278125 0.74114583125 0.340798609375 0.75677083125 0.35052083437500003 0.77239583125 0.343576390625 0.77760416875 0.3171875 0.7828125 0.2921875 0.79947916875 0.27690972187499996 0.821354165625 0.27690972187499996 0.841145834375 0.265798609375 0.8598958343750001 0.2796875 0.866145834375 0.29913194375 0.8734375 0.318576390625 0.8807291656249999 0.356076390625 0.899479165625 0.346354165625 0.9119791656249999 0.32413194375 0.9276041656249999 0.293576390625 0.9223958343750001 0.26163194375 0.8921875 0.25885416562499997 0.877604165625 0.23940972187499998 0.852604165625 0.23802083437500002 0.8119791656249999 0.23802083437500002 0.78802083125 0.243576390625 0.7755208312499999 0.2546875 0.76822916875 0.27690972187499996 0.76302083125 0.275520834375 0.75364583125 0.26024305625 0.7359375 0.240798609375 0.7140625 0.232465278125 0.68385416875 0.2421875 0.65260416875 0.2546875 0.63802083125 0.27274305625 0.6328125 0.27274305625 0.61822916875 0.26024305625 0.5984375 0.243576390625 0.5890625 0.246461003125 0.5890625 0.297102028125 0.59739583125 0.300520834375 0.60885416875 0.318576390625 0.6151041687500001 0.343576390625 0.62447916875 0.363020834375
1 0.665625 0.503125 0.065625 0.03125
1 0.734375 0.5015625 0.05625 0.034375
1 0.803125 0.503125 0.0578125 0.0328125
1 0.8765625 0.5 0.0625 0.0375
5 0.846875 0.465625 0.0390625 0.0703125
5 0.771875 0.471875 0.0375 0.08125
5 0.9078125 0.378125 0.0484375 0.096875
5 0.7 0.4671875 0.040625 0.0640625
3 0.609375 0.478125 0.040625 0.0828125
3 0.259375 0.734375 0.1484375 0.103125
3 0.190625 0.6578125 0.1859375 0.10625
3 0.478125 0.7375 0.1609375 0.1015625
3 0.23125 0.875 0.1453125 0.078125
3 0.20625 0.815625 0.159375 0.0828125