3 0.59375 0.053125 0.121875 0.10625
3 0.896875 0.040625 0.1140625 0.078125
0 0 0.54180555625 0.00625 0.532638890625 0.03229166875 0.517361109375 0.04791666875 0.5243055562500001 0.08125 0.54930555625 0.103125 0.570138890625 0.1125 0.6034722218749999 0.121875 0.5840277781250001 0.12708333125 0.570138890625 0.13541666875 0.557638890625 0.15104166875 0.5409722218749999 0.16770833125 0.5243055562500001 0.210416665625 0.503472221875 0.21458333437500002 0.53541666875 0.22083333437500002 0.559027778125 0.226041665625 0.57291666875 0.229166665625 0.57569444375 0.240625 0.5840277781250001 0.25104166562499997 0.582638890625 0.2625 0.57430555625 0.272916665625 0.565972221875 0.28020833437500003 0.54930555625 0.2875 0.54375 0.302083334375 0.542361109375 0.308333334375 0.55069444375 0.31354166562499997 0.5604166687500001 0.31875 0.57291666875 0.326041665625 0.57708333125 0.336458334375 0.57430555625 0.347916665625 0.557638890625 0.352083334375 0.5409722218749999 0.361458334375 0.52569444375 0.371875 0.517361109375 0.384375 0.50625 0.386458334375 0.495138890625 0.37604166562499997 0.48125 0.357291665625 0.48541666875 0.336458334375 0.48958333125 0.29791666562499997 0.48819444375 0.270833334375 0.482638890625 0.246875 0.48541666875 0.228125 0.48125 0.202083334375 0.467361109375 0.171875 0.465972221875 0.15625 0.47569444375 0.14791666875 0.492361109375 0.11875 0.5006944437499999 0.1 0.49652777812500004 0.067708334375 0.479861109375 0.036458331249999996 0.478472221875 0.01041666875 0.478472221875 0 0.48088768125000003 0 0.54180555625
0 0 0.787824075 0.007291668749999999 0.782638890625 0.0125 0.79930555625 0.026041668750000004 0.8173611125000001 0.04375 0.828472221875 0.060416665625 0.8368055562500001 0.077083334375 0.8395833343750001 0.090625 0.8423611125000001 0.11770833124999999 0.846527778125 0.13229166875 0.846527778125 0.15104166875 0.84375 0.17291666875 0.8423611125000001 0.18854166875 0.8368055562500001 0.2125 0.8354166656249999 0.23020833437500002 0.828472221875 0.25104166562499997 0.82569444375 0.275 0.82569444375 0.288541665625 0.8145833343750001 0.301041665625 0.8104166656249999 0.316666665625 0.80069444375 0.320833334375 0.77708333125 0.321875 0.759027778125 0.3125 0.746527778125 0.307291665625 0.72430555625 0.29791666562499997 0.732638890625 0.29791666562499997 0.76319444375 0.285416665625 0.7743055562500001 0.273958334375 0.779861109375 0.255208334375 0.77708333125 0.255208334375 0.765972221875 0.240625 0.7506944437499999 0.23645833437500002 0.7506944437499999 0.229166665625 0.782638890625 0.21666666562499998 0.79375 0.208333334375 0.80625 0.19791666875 0.8048611125 0.190625 0.80069444375 0.17916666875 0.78958333125 0.16770833125 0.778472221875 0.16770833125 0.802083334375 0.16666666875 0.8118055562500001 0.15520833125 0.8201388875 0.13020833125 0.8298611125 0.11979166875 0.822916665625 0.10625 0.796527778125 0.094791665625 0.770138890625 0.086458334375 0.7520833312499999 0.083333334375 0.7520833312499999 0.078125 0.7715277781250001 0.075 0.78125 0.061458334375 0.79375 0.051041665624999996 0.803472221875 0.035416668750000005 0.79930555625 0.02395833125 0.78541666875 0.01666666875 0.765972221875 0.02083333125 0.73680555625 0.009375 0.72291666875 0 0.734375 0 0.787824075
1 0.3234375 0.603125 0.0515625 0.1109375
1 0.36875 0.70625 0.0390625 0.0734375
1 0.315625 0.7234375 0.046875 0.084375
1 0.246875 0.7390625 0.046875 0.0828125
1 0.1828125 0.753125 0.05625 0.090625
1 0.128125 0.771875 0.0828125 0.1296875
1 0.0484375 0.7625 0.0734375 0.103125
1 0.0109375 0.73125 0.021875 0.08125
1 0.4125 0.628125 0.034375 0.0640625
1 0.3875 0.553125 0.0359375 0.0640625
5 0.2390625 0.6203125 0.053125 0.0875
5 0.1125 0.6359375 0.05625 0.134375
2 0.85 0.584375 0.3 0.4296875