0 1 0.06830929375 0.994791665625 0.058159721875 0.963541665625 0.0373263875 0.9458333343750001 0.026215278125 0.9197916656249999 0.013715278124999999 0.8791666656249999 0.00399305625 0.853125 0.026215278125 0.8104166656249999 0.0234375 0.7791666687500001 0.0234375 0.7375 0.0234375 0.6854166687500001 0.0234375 0.6385416687500001 0.022048609375 0.615625 0.026215278125 0.5802083312499999 0.0373263875 0.559375 0.026215278125 0.54166666875 0.024826390625 0.51979166875 0.044270831249999996 0.49479166875 0.065104165625 0.48645833125 0.09149305625000001 0.48958333125 0.11788194375000001 0.50104166875 0.138715278125 0.5125 0.158159721875 0.521875 0.18038194375 0.521875 0.15677083125 0.525 0.12899305625 0.52604166875 0.09704861249999999 0.528125 0.076215278125 0.54166666875 0.070659721875 0.55104166875 0.0845486125 0.56666666875 0.11232639062500001 0.57916666875 0.134548609375 0.58541666875 0.15954860937499998 0.59791666875 0.16649305625 0.60104166875 0.134548609375 0.609375 0.095659721875 0.628125 0.0734375 0.64375 0.07482638750000001 0.66145833125 0.09288194375 0.67291666875 0.11927083125 0.68020833125 0.147048609375 0.6895833312499999 0.15399305624999998 0.69479166875 0.13177083125 0.70208333125 0.09704861249999999 0.7208333312499999 0.06649305625 0.73333333125 0.051215278125 0.75625 0.051215278125 0.76979166875 0.070659721875 0.79375 0.0998263875 0.8010416656249999 0.12204860937499999 0.8041666656249999 0.13038194375 0.821875 0.133159721875 0.8354166656249999 0.108159721875 0.848958334375 0.077604165625 0.8708333343750001 0.06788194374999999 0.890625 0.058159721875 0.9145833343750001 0.076215278125 0.927083334375 0.09149305625000001 0.9354166656249999 0.1359375 0.953125 0.14149305625 0.96875 0.10677083125 0.979166665625 0.0859375 0.9864583343750001 0.077604165625 1 0.096863425 1 0.06830929375
0 0.952083334375 0.334548609375 0.934375 0.35260416562499997 0.905208334375 0.340104165625 0.907291665625 0.33038194375 0.8979166656249999 0.306770834375 0.885416665625 0.297048609375 0.8729166656249999 0.299826390625 0.858333334375 0.333159721875 0.846875 0.345659721875 0.8302083343750001 0.3359375 0.821875 0.33038194375 0.8104166656249999 0.306770834375 0.8041666656249999 0.276215278125 0.8 0.2984375 0.79270833125 0.315104165625 0.78645833125 0.327604165625 0.76875 0.327604165625 0.76145833125 0.322048609375 0.74895833125 0.30399305625 0.7375 0.251215278125 0.71145833125 0.263715278125 0.71041666875 0.3109375 0.7 0.331770834375 0.684375 0.338715278125 0.665625 0.326215278125 0.6583333312499999 0.312326390625 0.6541666687500001 0.287326390625 0.6385416687500001 0.30538194375 0.62916666875 0.31649305625 0.61770833125 0.3359375 0.60104166875 0.338715278125 0.58645833125 0.326215278125 0.58854166875 0.309548609375 0.578125 0.295659721875 0.55833333125 0.30815972187499996 0.540625 0.322048609375 0.5291666687500001 0.337326390625 0.5291666687500001 0.37065972187499996 0.540625 0.38038194375 0.56979166875 0.384548609375 0.578125 0.37899305625 0.596875 0.39149305624999997 0.63541666875 0.40399305625000004 0.66041666875 0.40399305625000004 0.69895833125 0.39288194375 0.72395833125 0.39288194375 0.753125 0.40260416875000005 0.78645833125 0.40399305625000004 0.817708334375 0.41371527812500003 0.8552083343750001 0.41927083125 0.891666665625 0.41927083125 0.93125 0.424826390625 0.958333334375 0.41788194375 0.9604166656249999 0.38315972187499997 0.952083334375 0.334548609375
1 0.584375 0.1875 0.053125 0.0953125
1 0.640625 0.28125 0.040625 0.06875
1 0.728125 0.284375 0.0453125 0.09375
1 0.8078125 0.2953125 0.046875 0.109375
1 0.884375 0.290625 0.0515625 0.1
1 0.959375 0.2921875 0.0421875 0.08125
1 0.946875 0.178125 0.04375 0.09375
1 0.99375 0.2 0.0109375 0.0703125
1 0.5734375 0.29375 0.0546875 0.065625
5 0.6796875 0.178125 0.0359375 0.078125
5 0.821875 0.184375 0.05 0.1171875