0 0.67916666875 0.24131944375 0.68854166875 0.21909722187499997 0.703125 0.194097221875 0.71354166875 0.185763890625 0.74479166875 0.194097221875 0.77604166875 0.207986109375 0.79166666875 0.24965277812500003 0.813541665625 0.24548610937499998 0.822916665625 0.22881944375000002 0.8375 0.20381944375 0.8479166656249999 0.198263890625 0.8864583343750001 0.194097221875 0.8927083343750001 0.220486109375 0.8979166656249999 0.23854166562499998 0.90625 0.248263890625 0.9197916656249999 0.23854166562499998 0.936458334375 0.22881944375000002 0.9666666656249999 0.20520833437500002 0.975 0.198263890625 0.9614583343750001 0.14270833125 0.9458333343750001 0.14409722187500001 0.9125 0.14270833125 0.890625 0.135763890625 0.8729166656249999 0.10381944375 0.85625 0.11354166875 0.825 0.132986109375 0.8104166656249999 0.156597221875 0.78229166875 0.145486109375 0.759375 0.131597221875 0.73541666875 0.12743055625 0.7052083312499999 0.12743055625 0.66666666875 0.156597221875 0.65104166875 0.157986109375 0.63125 0.145486109375 0.6125 0.14131944375 0.59270833125 0.13854166875 0.565625 0.145486109375 0.55729166875 0.159375 0.5447916687500001 0.15520833125 0.52083333125 0.134375 0.48333333125 0.13715277812499999 0.4625 0.162152778125 0.4625 0.19270833125 0.4625 0.21631944375 0.48020833124999995 0.22326389062500002 0.4875 0.20243055625 0.5 0.18993055625 0.52083333125 0.20381944375 0.540625 0.23715277812500002 0.55520833125 0.25243055625 0.565625 0.260763890625 0.57083333125 0.23715277812500002 0.58229166875 0.220486109375 0.59479166875 0.209375 0.615625 0.21493055625 0.6375 0.21909722187499997 0.66145833125 0.248263890625 0.67604166875 0.276041665625 0.67916666875 0.24131944375
0 0.8770833343750001 0.46354166875 0.8708333343750001 0.435763890625 0.8677083343750001 0.407986109375 0.8666666656249999 0.39409722187499996 0.853125 0.41493055625 0.8458333343750001 0.431597221875 0.840625 0.45104166875 0.8354166656249999 0.470486109375 0.8260416656249999 0.474652778125 0.807291665625 0.474652778125 0.80625 0.473263890625 0.79791666875 0.45381944374999994 0.7875 0.432986109375 0.7875 0.419097221875 0.778125 0.43854166875 0.77083333125 0.45659722187499996 0.76145833125 0.46909722187499997 0.76041666875 0.47881944374999996 0.7479166687500001 0.48020833124999995 0.73958333125 0.47604166875000004 0.73541666875 0.470486109375 0.7208333312499999 0.45104166875 0.715625 0.435763890625 0.709375 0.421875 0.7052083312499999 0.435763890625 0.7 0.45243055625000006 0.690625 0.48020833124999995 0.684375 0.485763890625 0.6697916687500001 0.482986109375 0.66145833125 0.47604166875000004 0.65208333125 0.46354166875 0.646875 0.446875 0.640625 0.43020833124999996 0.6375 0.419097221875 0.63333333125 0.43854166875 0.62916666875 0.462152778125 0.6270833312499999 0.47881944374999996 0.621875 0.494097221875 0.619292534375 0.5 0.959049478125 0.5 0.953125 0.495486109375 0.942708334375 0.48854166875000005 0.936458334375 0.462152778125 0.932291665625 0.44270833125 0.921875 0.423263890625 0.9083333343750001 0.432986109375 0.901041665625 0.45520833125 0.901041665625 0.46631944374999995 0.8822916656249999 0.46770833125 0.8770833343750001 0.46354166875
0 0.49375 0.44965277812500004 0.49270833124999996 0.446875 0.484375 0.432986109375 0.478125 0.43993055625000005 0.47395833125 0.43854166875 0.471875 0.43715277812500003 0.46770833125 0.424652778125 0.46666666875 0.420486109375 0.45729166875000005 0.407986109375 0.43125 0.41493055625 0.40208333124999995 0.42881944375 0.40416666875 0.46354166875 0.41979166875 0.474652778125 0.43541666875 0.484375 0.45208333125 0.498263890625 0.45533854375000005 0.5 0.56046875 0.5 0.56145833125 0.48020833124999995 0.56145833125 0.459375 0.55729166875 0.43715277812500003 0.5447916687500001 0.448263890625 0.53854166875 0.457986109375 0.534375 0.46354166875 0.515625 0.471875 0.50416666875 0.482986109375 0.50104166875 0.484375 0.49375 0.44965277812500004
2 0.409375 0.3234375 0.040625 0.0734375
5 0.90625 0.2859375 0.04375 0.0890625
5 0.79375 0.303125 0.0390625 0.1140625
5 0.6765625 0.3 0.040625 0.0828125
5 0.53125 0.271875 0.0875 0.1546875
5 0.715625 0.409375 0.034375 0.109375
5 0.784375 0.4078125 0.0421875 0.0796875
5 0.91875 0.40625 0.0328125 0.075
0 0.9515625 0.71875 0.096875 0.4046875
0 0.8984375 0.9296875 0.203125 0.140625