2 0.559375 0.5828125 0.103125 0.0765625
1 0.115625 0.784375 0.0609375 0.0640625
1 0.165625 0.8 0.08125 0.065625
1 0.2296875 0.8046875 0.0703125 0.065625
1 0.2953125 0.8046875 0.0625 0.0734375
1 0.34375 0.790625 0.0703125 0.06875
1 0.4125 0.7671875 0.0765625 0.065625
1 0.465625 0.73125 0.0703125 0.065625
0 1 0.668284721875 0.9901041656249999 0.65086805625 0.981770834375 0.6230902781250001 0.971354165625 0.62725694375 0.961979165625 0.643923609375 0.9536458343750001 0.668923609375 0.946354165625 0.68697916875 0.934895834375 0.68697916875 0.9223958343750001 0.6883680562500001 0.9171875 0.668923609375 0.9109375 0.646701390625 0.9015625 0.6397569437499999 0.8911458343750001 0.65225694375 0.8859375 0.67586805625 0.881770834375 0.70086805625 0.8713541656249999 0.710590278125 0.866145834375 0.71475694375 0.8473958343750001 0.71197916875 0.8317708343750001 0.7050347218749999 0.8276041656249999 0.69114583125 0.8244791656249999 0.6661458312499999 0.8171875 0.660590278125 0.803645834375 0.6578125 0.79010416875 0.6883680562500001 0.7859375 0.709201390625 0.7796875 0.71614583125 0.7640625 0.71475694375 0.75364583125 0.692534721875 0.75 0.686863428125 0.75 0.740914353125 0.7598958312499999 0.7453125 0.78385416875 0.743923609375 0.79635416875 0.735590278125 0.8005208343750001 0.7286458312499999 0.803645834375 0.731423609375 0.8203125 0.743923609375 0.836979165625 0.74947916875 0.8515625 0.742534721875 0.877604165625 0.734201390625 0.897395834375 0.7286458312499999 0.9026041656249999 0.7286458312499999 0.9536458343750001 0.718923609375 0.971354165625 0.71336805625 0.9953125 0.7286458312499999 1 0.732322303125 1 0.668284721875
5 0.9875 0.5953125 0.025 0.1125
5 0.909375 0.590625 0.0625 0.1203125
5 0.803125 0.603125 0.0484375 0.1453125
5 0.76875 0.6859375 0.0375 0.071875