0 0.503125 0.2296875 0.1484375 0.459375
3 0.8546875 0.396875 0.290625 0.125
3 0.3828125 0.721875 0.09375 0.146875
3 0.4125 0.9234375 0.0359375 0.153125
3 0.325 0.89375 0.109375 0.140625
3 0.0625 0.9 0.125 0.146875
3 0.1671875 0.9484375 0.146875 0.103125
3 0.2703125 0.9796875 0.121875 0.040625
3 0.03125 0.6609375 0.0625 0.14375
1 0.3734375 0.9625 0.1125 0.075
1 0.28125 0.953125 0.08125 0.09375
3 0.596875 0.85625 0.1921875 0.271875
3 0.49375 0.7515625 0.1296875 0.21875
3 0.85625 0.5 0.1296875 0.0796875
3 0.7484375 0.5109375 0.1 0.103125