3 0.8171875 0.19375 0.10625 0.1125
3 0.91875 0.125 0.1625 0.25
3 0.6203125 0.665625 0.1296875 0.3125
3 0.6671875 0.6 0.065625 0.2984375
3 0.6296875 0.38125 0.11875 0.1984375
1 0.1171875 0.390625 0.1046875 0.196875
1 0.671875 0.3046875 0.0578125 0.109375
1 0.665625 0.60625 0.06875 0.1609375
1 0.60625 0.71875 0.134375 0.2
1 0.503125 0.79375 0.115625 0.215625
1 0.375 0.815625 0.1234375 0.221875
1 0.275 0.784375 0.1125 0.23125
1 0.175 0.74375 0.1390625 0.21875
1 0.2140625 0.4125 0.121875 0.1578125
0 0.221875 0.878125 0.321875 0.196875
0 0.5 0.8875 0.2203125 0.1796875
0 0.534375 0.2921875 0.33125 0.084375
0 0.203125 0.3109375 0.2359375 0.121875
0 0.9 0.921875 0.1984375 0.1546875