1 0.7203125 0.190625 0.1203125 0.1578125
0 1 0.1645228125 0.988766534375 0.199350690625 0.977775675 0.24469340625 0.96541086875 0.27354791562499997 0.9420550999999999 0.266677790625 0.9186994374999999 0.23095315312500003 0.899465303125 0.173244084375 0.876109640625 0.204846653125 0.8623709906249999 0.251563534375 0.84451070625 0.281792153125 0.8142857156250001 0.274922025 0.79505158125 0.235075271875 0.786808415625 0.1856104375 0.782686775 0.16362595 0.75658331875 0.204846653125 0.7249844875 0.23782328125 0.692011603125 0.23232715937499998 0.667282196875 0.18835839062499998 0.668655934375 0.147137634375 0.63293556875 0.1938544625 0.597214996875 0.2172129 0.58072865625 0.21034277499999998 0.583476346875 0.250189528125 0.615075284375 0.266677790625 0.6892639093749999 0.28866227499999997 0.744218615625 0.29003628125 0.7830725281250001 0.3 1 0.3 1 0.1645228125
4 0.9828125 0.14375 0.034375 0.0875
1 0.9609375 0.60625 0.078125 0.1625
1 0.809375 0.646875 0.1375 0.1609375
1 0.659375 0.6078125 0.059375 0.121875
1 0.565625 0.675 0.1109375 0.18125
1 0.515625 0.7109375 0.0109375 0.125
1 0.95 0.865625 0.1 0.1328125
1 0.86875 0.8875 0.1015625 0.128125
1 0.7671875 0.9015625 0.090625 0.1890625
1 0.6546875 0.9265625 0.10625 0.146875
1 0.5609375 0.890625 0.09375 0.1421875
0 1 0.442181915625 0.9725501718749999 0.443872403125 0.8475717375 0.453493434375 0.767457384375 0.47594238125 0.6296606031249999 0.47594238125 0.539932675 0.47914939375000004 0.509375 0.502084934375 0.509375 0.62829670625 0.512693846875 0.60903285 0.511091459375 0.5737558593750001 0.544739584375 0.5994118187499999 0.5847967625 0.6250678375 0.615240115625 0.631481796875 0.6392744218749999 0.5833768312500001 0.636069896875 0.514426384375 0.640876809375 0.53687539375 0.690547559375 0.605825840625 0.7241956843749999 0.6394992937499999 0.748229990625 0.60903285 0.79309395 0.549703375 0.8251396906249999 0.5464963625 0.879617478125 0.605825840625 0.91006095625 0.637895821875 0.9693455249999999 0.55932434375 1 0.529980521875 1 0.442181915625