0 1 0.16659722187499998 0.99375 0.170486109375 0.979166665625 0.194097221875 0.9510416656249999 0.18298610937499998 0.928125 0.169097221875 0.9041666656249999 0.16493055625 0.873958334375 0.16493055625 0.8354166656249999 0.194097221875 0.8197916656249999 0.195486109375 0.8 0.18298610937499998 0.78125 0.17881944375 0.76145833125 0.17604166875 0.734375 0.18298610937499998 0.72604166875 0.196875 0.71354166875 0.19270833125 0.6895833312499999 0.171875 0.65208333125 0.174652778125 0.63125 0.19965277812499999 0.63125 0.23020833437500002 0.63125 0.25381944375 0.64895833125 0.260763890625 0.65625 0.23993055624999998 0.66875 0.22743055625 0.6895833312499999 0.24131944375 0.709375 0.274652778125 0.72395833125 0.28993055624999997 0.734375 0.298263890625 0.73958333125 0.274652778125 0.75104166875 0.257986109375 0.7635416687500001 0.246875 0.784375 0.25243055625 0.80625 0.256597221875 0.8302083343750001 0.285763890625 0.844791665625 0.31354166562499997 0.8479166656249999 0.27881944375 0.8572916656249999 0.256597221875 0.871875 0.23159722187499998 0.8822916656249999 0.22326389062500002 0.9135416656249999 0.23159722187499998 0.9447916656249999 0.24548610937499998 0.9604166656249999 0.287152778125 0.9822916656249999 0.282986109375 0.9916666656249999 0.26631944375 1 0.25203373125 1 0.16659722187499998
0 1 0.5098379625 0.994791665625 0.512152778125 0.9760416656249999 0.512152778125 0.975 0.510763890625 0.9666666656249999 0.49131944375 0.95625 0.470486109375 0.95625 0.45659722187499996 0.946875 0.47604166875000004 0.9395833343750001 0.494097221875 0.9302083343750001 0.506597221875 0.9291666656249999 0.5163194437499999 0.916666665625 0.5177083312499999 0.9083333343750001 0.5135416687500001 0.9041666656249999 0.507986109375 0.889583334375 0.48854166875000005 0.884375 0.473263890625 0.878125 0.459375 0.873958334375 0.473263890625 0.86875 0.48993055625000004 0.859375 0.5177083312499999 0.853125 0.523263890625 0.838541665625 0.520486109375 0.8302083343750001 0.5135416687500001 0.8208333343750001 0.50104166875 0.815625 0.484375 0.809375 0.46770833125 0.80625 0.45659722187499996 0.802083334375 0.47604166875000004 0.79791666875 0.49965277812500003 0.79583333125 0.5163194437499999 0.790625 0.531597221875 0.787358940625 0.5390625 1 0.5390625 1 0.5098379625
0 0.72604166875 0.474652778125 0.71354166875 0.485763890625 0.70729166875 0.495486109375 0.703125 0.50104166875 0.684375 0.509375 0.67291666875 0.520486109375 0.6697916687500001 0.521875 0.6625 0.487152778125 0.66145833125 0.484375 0.653125 0.470486109375 0.646875 0.47743055625 0.6427083312499999 0.47604166875000004 0.640625 0.474652778125 0.63645833125 0.462152778125 0.63541666875 0.457986109375 0.62604166875 0.445486109375 0.6 0.45243055625000006 0.57083333125 0.46631944374999995 0.57291666875 0.50104166875 0.58854166875 0.512152778125 0.60416666875 0.521875 0.62083333125 0.535763890625 0.62701823125 0.5390625 0.6388671875 0.5390625 0.640625 0.53854166875 0.64114583125 0.5390625 0.730078125 0.5390625 0.72916666875 0.53854166875 0.73020833125 0.5177083312499999 0.73020833125 0.496875 0.72604166875 0.474652778125
2 0.578125 0.359375 0.0390625 0.0734375
5 0.9625 0.340625 0.0390625 0.1140625
5 0.8453125 0.3375 0.040625 0.0828125
5 0.7 0.309375 0.0875 0.1546875
5 0.884375 0.446875 0.034375 0.109375
5 0.953125 0.4453125 0.0421875 0.0796875
3 0.084375 0.76875 0.16875 0.4609375
0 0.165625 0.8671875 0.33125 0.265625
3 0.690625 0.6046875 0.146875 0.13125