3 0.8578125 0.165625 0.20625 0.2578125
0 0.263671909375 0.594140625 0.27402471875 0.49840924375 0.220908878125 0.529677475 0.224751340625 0.4796875 0.136751028125 0.4796875 0.139672853125 0.495282409375 0.167793040625 0.560945703125 0.263671909375 0.594140625
1 0.9765625 0.6890625 0.046875 0.184375
1 0.896875 0.51875 0.1140625 0.078125
1 0.890625 0.64375 0.0859375 0.1
1 0.878125 0.7640625 0.096875 0.1140625
1 0.88125 0.925 0.0890625 0.0859375
1 0.703125 0.659375 0.0890625 0.2046875
1 0.73125 0.859375 0.0546875 0.1171875
1 0.671875 0.8625 0.0265625 0.121875
0 0.69669858125 0.8097028906249999 0.680445721875 0.859717540625 0.6629426625 0.899729053125 0.659375 0.8947073156249999 0.659375 0.971945240625 0.6841964093749999 0.97641808125 0.7242033218749999 0.968082328125 0.745456978125 0.9580793218749999 0.764210234375 0.9664150781249999 0.75920944375 0.87472179375 0.75795915 0.889726109375 0.74920766875 0.9164005562499999 0.725453521875 0.894727546875 0.70920075625 0.84638021875 0.69669858125 0.8097028906249999