2 0.13125 0.0984375 0.2625 0.196875
3 0.896875 0.1 0.2046875 0.1796875
3 0.95 0.2171875 0.1 0.103125
3 0.0796875 0.703125 0.1296875 0.3125
3 0.0328125 0.6375 0.065625 0.2984375
3 0.0703125 0.41875 0.11875 0.1984375
1 0.028125 0.3328125 0.05625 0.128125
1 0.034375 0.64375 0.0671875 0.1609375
1 0.09375 0.75625 0.134375 0.2
1 0.196875 0.83125 0.115625 0.215625
1 0.296875 0.853125 0.0671875 0.221875
0 0.2 0.9171875 0.2203125 0.165625
0 0.165625 0.3203125 0.3296875 0.103125
3 0.6984375 0.7515625 0.0890625 0.159375
3 0.540625 0.78125 0.0921875 0.1859375
3 0.8328125 0.371875 0.115625 0.2078125
3 0.396875 0.3484375 0.0875 0.159375
0 0.5921875 0.303125 0.525 0.0703125
0 0.5734375 0.8625 0.4875 0.1234375