0 0.6 0.275 0.140625 0.55
0 0.5296875 1 0.5296875 0.55 0.003936165625 0.55 0 0.7023119999999999 0 1 0.007899168750000001 1 0.097528284375 0.7889485374999999 0.270703159375 0.5765625 0.39122754375 0.632607384375 0.43653223125 0.804582653125 0.45089029687500004 1 0.5296875 1
0 1 0.586469534375 0.977604165625 0.565277778125 0.944270834375 0.56666666875 0.9005208343750001 0.602777778125 0.868229165625 0.5916666687500001 0.8390625 0.602777778125 0.8078125 0.58333333125 0.78072916875 0.5694444437499999 0.7609375 0.56805555625 0.70989583125 0.5944444437499999 0.6463541687500001 0.60416666875 0.61197916875 0.609722221875 0.5796875 0.5916666687500001 0.5328125 0.577777778125 0.5296875 0.5760416687500001 0.5296875 0.60399305625 0.5328125 0.609722221875 0.5453125 0.638888890625 0.55364583125 0.6569444437499999 0.57552083125 0.673611109375 0.5890625 0.665277778125 0.60572916875 0.6583333312499999 0.6307291687500001 0.6541666687500001 0.63697916875 0.6555555562500001 0.6421875 0.6555555562500001 0.6640625 0.690277778125 0.69010416875 0.69583333125 0.7088541687500001 0.6625 0.73802083125 0.64444444375 0.7765625 0.6347222218749999 0.7984375 0.64166666875 0.805729165625 0.640277778125 0.821354165625 0.661111109375 0.8286458343750001 0.70833333125 0.8338541656249999 0.74166666875 0.8442708343750001 0.7375 0.8557291656249999 0.726388890625 0.8744791656249999 0.725 0.8755208343750001 0.7569444437499999 0.8692708343750001 0.784722221875 0.8848958343750001 0.773611109375 0.9119791656249999 0.75555555625 0.9203125 0.74444444375 0.928645834375 0.727777778125 0.934895834375 0.7125 0.9453125 0.69583333125 0.9515625 0.690277778125 0.9671875 0.68194444375 0.9744791656249999 0.690277778125 0.9651041656249999 0.75555555625 0.950520834375 0.7833333312499999 0.977604165625 0.772222221875 0.993229165625 0.74166666875 1 0.712326390625 1 0.586469534375
0 0.938541665625 1 0.944270834375 0.99444444375 0.9515625 0.9638888874999999 0.9515625 0.922222221875 0.9411458343750001 0.902777778125 0.934895834375 0.9263888874999999 0.934895834375 0.9513888875 0.9276041656249999 0.979166665625 0.915104165625 0.977777778125 0.9026041656249999 0.965277778125 0.9005208343750001 0.9611111125 0.888020834375 0.9361111125000001 0.8828125 0.915277778125 0.8734375 0.9 0.866145834375 0.8875 0.8692708343750001 0.9236111125 0.872395834375 0.9472222218749999 0.8713541656249999 0.9638888874999999 0.8671875 0.979166665625 0.8609375 0.9930555562500001 0.8442708343750001 0.997222221875 0.830729165625 0.983333334375 0.8265625 0.9638888874999999 0.8182291656249999 0.915277778125 0.805729165625 0.8819444437499999 0.8015625 0.852777778125 0.79739583125 0.85555555625 0.7890625 0.891666665625 0.78072916875 0.915277778125 0.77447916875 0.93194444375 0.7713541687500001 0.95694444375 0.75364583125 0.972222221875 0.7442708312499999 0.95555555625 0.7265625 0.922222221875 0.7140625 0.89305555625 0.7015625 0.9013888874999999 0.68802083125 0.9125 0.67552083125 0.9458333343750001 0.6661458312499999 0.954166665625 0.6546875 0.965277778125 0.64427083125 0.952777778125 0.6359375 0.920833334375 0.6307291687500001 0.8986111125 0.61822916875 0.9 0.6046875 0.9111111125000001 0.5994791687500001 0.9444444437499999 0.57552083125 0.9458333343750001 0.55572916875 0.9069444437499999 0.54635416875 0.86944444375 0.5369791687500001 0.8416666656249999 0.53072916875 0.8513888875 0.5296875 0.85319444375 0.5296875 0.98966049375 0.54322916875 0.9916666656249999 0.5734375 0.9902777781250001 0.6171875 0.9875 0.67135416875 0.9875 0.6973958312499999 0.9875 0.740861740625 1 0.75885416875 1 0.78385416875 0.9916666656249999 0.795392628125 1 0.8869791656249999 1 0.938541665625 1
3 0.8375 0.778125 0.0890625 0.15
3 0.765625 0.721875 0.1421875 0.2265625
3 0.63125 0.7375 0.1015625 0.203125
1 0.821875 0.69375 0.071875 0.1578125
1 0.690625 0.7171875 0.10625 0.1390625
1 0.6203125 0.878125 0.090625 0.1171875
1 0.7125 0.871875 0.075 0.103125
1 0.853125 0.7609375 0.0671875 0.1109375
1 0.56875 0.665625 0.075 0.115625