1 0.259375 0.25625 0.1984375 0.234375
0 0.14375 0.1046875 0.2859375 0.209375
3 0.71875 0.284375 0.096875 0.2921875
3 0.615625 0.284375 0.065625 0.2328125
3 0.8125 0.284375 0.0875 0.275
3 0.884375 0.284375 0.040625 0.259375
3 0.9 0.403125 0.0390625 0.0515625
3 0.91875 0.30625 0.0375 0.2484375
3 0.94375 0.33125 0.04375 0.1828125
3 0.5296875 0.384375 0.0375 0.0890625
3 0.5 0.384375 0.0328125 0.0890625
5 0.6390625 0.2875 0.0359375 0.1859375
2 0.91875 0.5515625 0.08125 0.24375
2 0.8453125 0.58125 0.1140625 0.284375