1 0.109375 0.05625 0.0953125 0.1125
1 0.2015625 0.096875 0.0890625 0.134375
1 0.3671875 0.128125 0.1578125 0.1625
1 0.559375 0.16875 0.1375 0.1609375
1 0.0265625 0.18125 0.053125 0.1390625
1 0.3109375 0.334375 0.13125 0.090625
1 0.4125 0.35 0.115625 0.059375
1 0.503125 0.3625 0.1015625 0.0359375
1 0.603125 0.353125 0.090625 0.053125
1 0.134375 0.3234375 0.0515625 0.096875
1 0.0921875 0.31875 0.053125 0.0796875
0 0.194389084375 0 0.219908490625 0.05558435625 0.25035196875 0.126138340625 0.295215934375 0.195088784375 0.31444345 0.089257875 0.36411432499999996 0.044359853125 0.40096697187499997 0.07963684374999999 0.46025154687500003 0.158208321875 0.49069502500000006 0.126138340625 0.54517280625 0.0668088625 0.57721855 0.070015875 0.622082509375 0.12934535 0.646116815625 0.15981179375000001 0.6796875 0.126215840625 0.6796875 0 0.194389084375 0
5 0.7625 0.178125 0.0703125 0.0640625
4 0.7015625 0.184375 0.04375 0.05625
4 0.821875 0.18125 0.0515625 0.046875
2 0.103125 0.5546875 0.20625 0.353125
2 0.43125 0.590625 0.2 0.334375
5 0.721875 0.7328125 0.0859375 0.14375