5 0.421875 0.2875 0.0734375 0.1265625
1 0.2828125 0.6765625 0.046875 0.1859375
1 0.33125 0.696875 0.05625 0.10625
1 0.2 0.4859375 0.1140625 0.1125
1 0.225 0.41875 0.0546875 0.0765625
1 0.19375 0.628125 0.0859375 0.1
1 0.1828125 0.7484375 0.096875 0.1140625
1 0.1875 0.909375 0.0890625 0.0859375
1 0.0265625 0.64375 0.053125 0.2046875
1 0.0375 0.84375 0.0546875 0.1171875
0 0 0.958476959375 0.028890825 0.952457328125 0.050144475 0.9424543218749999 0.06889773437499999 0.9507900781249999 0.06389694375 0.85909679375 0.062646646875 0.874101109375 0.05389516875 0.9007755562499999 0.030141021875 0.879102546875 0.01388825625 0.83075521875 0.0013860843750000001 0.79407789375 0 0.798343259375 0 0.958476959375