1 0.39375 0.01875 0.0796875 0.0375
1 0.225 0.2859375 0.1296875 0.1921875
1 0.0953125 0.140625 0.13125 0.128125
1 0.025 0.1734375 0.05 0.134375
1 0.271875 0.1109375 0.0515625 0.096875
1 0.3140625 0.10625 0.053125 0.0796875
0 0 0.40477993437500004 0.11744311874999999 0.421947471875 0.15269350625 0.458828 0.153786678125 0.459375 0.2958249125 0.459375 0.32734281875 0.3962915125 0.33695651249999997 0.330548078125 0.3433656875 0.26640811875 0.32079330625 0.173317309375 0.295297075 0.16859464375 0.263251334375 0.1365246625 0.24242155625 0.11567919062500001 0.2472284625 0.14774916875 0.25363751562500003 0.179819146875 0.268058121875 0.231131253125 0.263251334375 0.2776325625 0.25363751562500003 0.33215155625000004 0.23120559375 0.34818654375 0.20877355312499998 0.324134059375 0.187943771875 0.279236159375 0.1703186375 0.219906625 0.159102678125 0.171801653125 0.141477425 0.162180684375 0.10943168125 0.21349266562500002 0.10302263125 0.24395910625 0.070976890625 0.203871634375 0.037328768750000005 0.16859464375 0.008487671875 0.20226815937499998 0 0.235182634375 0 0.40477993437500004
3 0.2859375 0.8703125 0.140625 0.259375
3 0.303125 0.578125 0.08125 0.2375
3 0.353125 0.54375 0.090625 0.16875
5 0.0359375 0.721875 0.071875 0.1484375
5 0.640625 0.675 0.0734375 0.125