2 0.9890625 0.40625 0.021875 0.0828125
2 0.9203125 0.4109375 0.090625 0.115625
2 0.815625 0.409375 0.115625 0.11875
2 0.7 0.4046875 0.103125 0.128125
2 0.575 0.4046875 0.096875 0.1171875
2 0.478125 0.39375 0.0703125 0.1234375
0 0.8151936937500001 0.32017716875 0.792669690625 0.328179490625 0.75298454375 0.323378046875 0.725097678125 0.31697622812500004 0.68970275625 0.30577296249999997 0.6543078343750001 0.30097158125 0.63821925 0.27856505 0.58459063125 0.28176599375 0.53632495625 0.28816787499999996 0.5298894562500001 0.32977993125 0.538470065625 0.374592928125 0.5534860125 0.34738501875 0.58244551875 0.332980871875 0.6114049406250001 0.388997134375 0.631783834375 0.3809948125 0.656453028125 0.350585959375 0.6939930624999999 0.34098319374999997 0.7336782093750001 0.356987840625 0.7594199625 0.422606865625 0.76585538125 0.401800840625 0.794814884375 0.35858828125 0.8269920531249999 0.345784578125 0.8645320875 0.3729924875 0.8709675062500001 0.417805484375 0.891346396875 0.42740824687499995 0.9160155124999999 0.382595253125 0.91279784375 0.323378046875 0.8945640656249999 0.31857666875 0.8570240312499999 0.32017716875 0.832354915625 0.315375725 0.8151936937500001 0.32017716875
3 0.9546875 0.821875 0.090625 0.2578125
3 0.528125 0.809375 0.178125 0.271875
3 0.4625 0.7046875 0.0453125 0.21875
3 0.6734375 0.4921875 0.1 0.046875