1 0.15625 0.0234375 0.1578125 0.046875
1 0.3484375 0.04375 0.1375 0.0859375
1 0.4984375 0.0125 0.059375 0.025
1 0.5890625 0.0625 0.1 0.1234375
1 0.0171875 0.334375 0.034375 0.1921875
1 0.1 0.190625 0.13125 0.128125
1 0.2015625 0.225 0.115625 0.1328125
1 0.290625 0.246875 0.1015625 0.128125
1 0.3921875 0.259375 0.090625 0.1890625
1 0.503125 0.309375 0.10625 0.196875
1 0.5953125 0.246875 0.0875 0.1421875
0 0 0.45 0.6077754843750001 0.45 0.6390625 0.41161901875 0.6390625 0.337020040625 0.6018173124999999 0.2859416125 0.5697715718749999 0.244250665625 0.566566803125 0.30839062500000003 0.560157753125 0.3645130875 0.5377258312500001 0.3869621 0.49286174687499995 0.3645130875 0.476838878125 0.301976603125 0.45120218437500004 0.27792411875 0.42556561562499995 0.31480464375 0.396724403125 0.343667553125 0.380701534375 0.321218665625 0.3646786625 0.269906625 0.335837571875 0.241043775 0.306996353125 0.263492665625 0.29898491875 0.27632064375 0.28937122187500003 0.289148746875 0.265336915625 0.289148746875 0.249314046875 0.269906625 0.2364957 0.26188913125 0.199643171875 0.301976603125 0.186824825 0.25226815937499997 0.15798373125 0.21859464375 0.12433560625 0.253871634375 0.092289865625 0.29395910625 0.08588081875 0.263492665625 0.053835074999999996 0.21218068437499998 0.036209821875 0.221801653125 0.0249938625 0.269906625 0.007368728125 0.329236159375 0 0.345119209375 0 0.45
0 0.5125 0.6484375 0.2515625 0.396875