3 0.0453125 0.128125 0.090625 0.2328125
3 0.1390625 0.128125 0.184375 0.25625
3 0.18125 0.35625 0.1375 0.2578125
3 0.1265625 0.05 0.196875 0.1
3 0.30625 0.0609375 0.1234375 0.121875
3 0.35625 0.3625 0.0859375 0.278125
0 1 0.27966749375 0.983111578125 0.30319065 0.9422619062500001 0.310193453125 0.9130835656249999 0.310193453125 0.88740663125 0.30844275312499997 0.832551353125 0.292686446875 0.7987044812499999 0.289185046875 0.7753618125 0.30844275312499997 0.756687675 0.3627144625 0.71116946875 0.3854735625 0.7053338 0.437994575 0.7205065375 0.47826068125 0.74384920625 0.432742471875 0.768359009375 0.394227065625 0.7928688125 0.3574623625 0.83955415625 0.3732186625 0.88623949375 0.3854735625 0.9189192343749999 0.427490371875 0.941094771875 0.453750875 0.9656045750000001 0.40122986562499996 0.984278709375 0.359213059375 1 0.34873220312500003 1 0.27966749375
4 0.515625 0.51875 0.159375 0.2125
4 0.6609375 0.496875 0.1328125 0.190625
4 0.821875 0.478125 0.1765625 0.28125
4 0.9671875 0.45 0.065625 0.275
4 0.7125 0.60625 0.075 0.0453125
3 0.21875 0.9796875 0.1171875 0.040625
5 0.9796875 0.9171875 0.040625 0.059375