3 0.146875 0.1453125 0.29375 0.240625
3 0.103125 0.059375 0.20625 0.11875
0 1 0.1609375 0.9921875 0.18177083125 0.981770834375 0.19288194375 0.9692708343750001 0.19288194375 0.9630208343750001 0.17899305625 0.9515625 0.15538194375 0.944270834375 0.1609375 0.9380208343750001 0.18315972187500001 0.924479165625 0.20677083437500002 0.9161458343750001 0.22621527812500003 0.915104165625 0.22899305625 0.8984375 0.23038194375 0.8942708343750001 0.202604165625 0.8890625 0.17899305625 0.8786458343750001 0.15538194375 0.8713541656249999 0.1609375 0.866145834375 0.1859375 0.8588541656249999 0.2109375 0.850520834375 0.21788194375 0.8557291656249999 0.24427083437500002 0.8786458343750001 0.25538194375 0.8859375 0.2609375 0.913020834375 0.2734375 0.9296875 0.27899305625 0.9578125 0.27899305625 0.9609375 0.295659721875 0.9734375 0.30121527812500004 0.993229165625 0.30121527812500004 1 0.298958334375 1 0.1609375
0 0.8692708343750001 0.245659721875 0.852604165625 0.224826390625 0.8296875 0.21649305624999998 0.8223958343750001 0.195659721875 0.8130208343750001 0.174826390625 0.8046875 0.15399305624999998 0.79947916875 0.15954860937499998 0.7869791687500001 0.172048609375 0.7755208312499999 0.174826390625 0.7598958312499999 0.15538194375 0.74739583125 0.18038194375 0.74739583125 0.20399305625 0.75885416875 0.21788194375 0.77447916875 0.231770834375 0.7859375 0.24010416562499998 0.79427083125 0.24288194375 0.809895834375 0.249826390625 0.8265625 0.25815972187499997 0.850520834375 0.265104165625 0.8692708343750001 0.25677083437500003 0.8692708343750001 0.245659721875
1 0.984375 0.0453125 0.0296875 0.090625
1 0.865625 0.053125 0.0484375 0.10625
1 0.7703125 0.034375 0.059375 0.06875
5 0.778125 0.1515625 0.05625 0.0765625
5 0.8375 0.1640625 0.0765625 0.115625
5 0.909375 0.175 0.0765625 0.109375
5 0.96875 0.16875 0.0609375 0.09375
1 0.74375 0.271875 0.0546875 0.053125
1 0.753125 0.13125 0.0421875 0.05625
5 0.684375 0.0546875 0.0703125 0.0796875
3 0.671875 0.890625 0.0859375 0.11875
2 0.546875 0.86875 0.0578125 0.0859375