1 0.1765625 0.3125 0.0953125 0.1328125
1 0.26875 0.3625 0.0890625 0.134375
1 0.434375 0.39375 0.1578125 0.1625
1 0.628125 0.434375 0.1375 0.1609375
1 0.778125 0.39375 0.059375 0.121875
1 0.871875 0.4625 0.1109375 0.18125
1 0.9375 0.496875 0.0421875 0.125
1 0.08125 0.446875 0.0796875 0.1390625
1 0.246875 0.7640625 0.1296875 0.1921875
1 0.378125 0.61875 0.13125 0.128125
1 0.4796875 0.653125 0.115625 0.1328125
1 0.56875 0.675 0.1015625 0.128125
1 0.6703125 0.6875 0.090625 0.1890625
1 0.78125 0.7375 0.10625 0.196875
1 0.8765625 0.6765625 0.09375 0.1421875
1 0.2 0.5890625 0.0515625 0.096875
1 0.159375 0.584375 0.053125 0.0796875
0 0.64440605 0.335640875 0.689270009375 0.39497035 0.7133043156250001 0.42543679375 0.746952440625 0.3917633375 0.796623190625 0.32281289375 0.801430103125 0.300363884375 0.7982255781250001 0.36931433125 0.8222598812499999 0.417419296875 0.8527032374999999 0.41100533749999996 0.892760415625 0.38534932187500004 0.926408540625 0.35969335625 0.924806153125 0.39497035 0.9328175875 0.441471784375 0.963261190625 0.423833321875 0.969670240625 0.370917865625 0.9680681 0.318002346875 0.897567325 0.26508689375 0.807839396875 0.261879884375 0.670042615625 0.261879884375 0.5899282625 0.239430934375 0.464949825 0.229809903125 0.36080116875 0.22339594687500003 0.311130296875 0.21858545937499999 0.1701289875 0.2137749125 0.12846955 0.22820642812499997 0.07399176874999999 0.285932365625 0.068509578125 0.328926284375 0.09161702187500001 0.404591321875 0.142890159375 0.439868309375 0.15090159375 0.37412481249999996 0.155708503125 0.287535903125 0.18134507187499999 0.32281289375 0.22620903750000002 0.409401803125 0.248641078125 0.321209359375 0.259857159375 0.261879884375 0.287095990625 0.321209359375 0.31753946875 0.3917633375 0.362403434375 0.46071378437500005 0.38163095 0.35488287500000004 0.43130182499999997 0.309984853125 0.468154471875 0.34526184375 0.527439046875 0.423833321875 0.557882525 0.3917633375 0.61236030625 0.3324338625 0.64440605 0.335640875
0 0.8382827531249999 0.792638090625 0.81585083125 0.815087103125 0.770986746875 0.792638090625 0.754963878125 0.7301016031249999 0.729327184375 0.706049121875 0.703690615625 0.7429296437499999 0.674849403125 0.771792553125 0.6588265343749999 0.749343665625 0.6428036625 0.6980316249999999 0.61396256875 0.6691687749999999 0.585121353125 0.691617665625 0.57710991875 0.70444564375 0.567496221875 0.717273746875 0.543461915625 0.717273746875 0.527439046875 0.6980316249999999 0.5146207 0.690014128125 0.47776817187500004 0.7301016031249999 0.464949825 0.680393159375 0.43610873437500003 0.64671964375 0.402460609375 0.681996634375 0.37041486875 0.72208410625 0.364005815625 0.691617665625 0.331960078125 0.640305684375 0.314334821875 0.649926653125 0.3031188625 0.6980316249999999 0.28549372812499996 0.757361159375 0.264663946875 0.802259059375 0.24223190625000002 0.8263115437499999 0.21979998437499998 0.8102765562500001 0.210186165625 0.7557575625 0.205379378125 0.709256253125 0.21979998437499998 0.657944146875 0.22620903750000002 0.62587416875 0.23101594374999998 0.593804190625 0.210186165625 0.614649665625 0.178140425 0.64671964375 0.15264419375 0.6514423093749999 0.1300718125 0.74453311875 0.136480984375 0.80867308125 0.14609468125 0.874416515625 0.178140425 0.9385564750000001 0.243834290625 0.975437 0.320743996875 0.9369529999999999 0.35599438437500003 0.900072471875 0.49859783125 0.879227059375 0.601144225 0.89526205 0.69407691875 0.924124959375 0.7693843625000001 0.9337460500000001 0.8719308781249999 0.89526205 0.92160163125 0.834329040625 0.9232040125 0.773396153125 0.8799423125000001 0.7140666125 0.847896571875 0.672375665625 0.844691803125 0.736515625 0.8382827531249999 0.792638090625