1 0.503125 0.034375 0.115625 0.06875
1 0.509375 0.1421875 0.08125 0.084375
1 0.4890625 0.40625 0.125 0.025
0 0.425 0.209375 0.1640625 0.41875
3 0.165625 0.715625 0.1421875 0.175
3 0.06875 0.8125 0.090625 0.11875
0 0.9736728749999999 1 0.9708333343750001 0.9671875 0.942708334375 0.9394097218749999 0.93125 0.9185763874999999 0.916666665625 0.92413194375 0.916666665625 0.950520834375 0.915625 0.97274305625 0.8979166656249999 0.9907986125000001 0.8822916656249999 0.9852430562500001 0.865625 0.969965278125 0.85625 0.944965278125 0.827083334375 0.94774305625 0.8197916656249999 0.9560763874999999 0.8041666656249999 0.98663194375 0.7875 0.9907986125000001 0.76041666875 0.9838541656249999 0.740625 0.964409721875 0.70729166875 0.9532986125 0.68645833125 0.9532986125 0.6854166687500001 0.9657986125000001 0.67708333125 0.9838541656249999 0.6582465281250001 1 0.9736728749999999 1
0 0.6895833312499999 0.8005208343750001 0.70833333125 0.8185763875 0.7208333312499999 0.782465278125 0.72916666875 0.756076390625 0.74583333125 0.740798609375 0.76458333125 0.726909721875 0.7875 0.714409721875 0.8041666656249999 0.726909721875 0.8322916656249999 0.75052083125 0.8510416656249999 0.7755208312499999 0.8552083343750001 0.776909721875 0.8635416656249999 0.7727430562500001 0.875 0.756076390625 0.88125 0.7352430562500001 0.891666665625 0.726909721875 0.920833334375 0.72552083125 0.9458333343750001 0.728298609375 0.963541665625 0.731076390625 0.9625 0.718576390625 0.95625 0.6866319437499999 0.942708334375 0.6699652781250001 0.915625 0.653298609375 0.871875 0.6505208312499999 0.8395833343750001 0.643576390625 0.807291665625 0.6421875 0.77604166875 0.6491319437499999 0.74375 0.67135416875 0.72916666875 0.68385416875 0.70833333125 0.6796875 0.68333333125 0.668576390625 0.659375 0.653298609375 0.621875 0.651909721875 0.5916666687500001 0.656076390625 0.55833333125 0.664409721875 0.5375 0.67135416875 0.50520833125 0.678298609375 0.484375 0.678298609375 0.465625 0.67135416875 0.45729166875000005 0.66302083125 0.44583333124999996 0.668576390625 0.43645833125 0.67135416875 0.43125 0.66302083125 0.44375 0.6546875 0.44166666875000005 0.631076390625 0.43541666875 0.62552083125 0.42291666875 0.628298609375 0.40208333124999995 0.644965278125 0.392708334375 0.681076390625 0.388541665625 0.7102430562500001 0.394791665625 0.74635416875 0.41041666875000005 0.768576390625 0.41354166875000004 0.76024305625 0.4125 0.73663194375 0.421875 0.743576390625 0.43958333125 0.757465278125 0.45520833125 0.768576390625 0.46458333124999995 0.7713541687500001 0.484375 0.756076390625 0.5020833312499999 0.753298609375 0.52291666875 0.75052083125 0.53645833125 0.74774305625 0.55208333125 0.7491319437499999 0.559375 0.7546875 0.565625 0.74635416875 0.56979166875 0.72274305625 0.6 0.7130208312499999 0.63020833125 0.72274305625 0.66041666875 0.7421875 0.678125 0.75885416875 0.6895833312499999 0.8005208343750001
1 0.4546875 0.834375 0.05625 0.1546875
1 0.525 0.778125 0.0765625 0.1046875
1 0.621875 0.7640625 0.11875 0.1765625
5 0.55 0.9640625 0.0625 0.071875
5 0.7921875 0.975 0.059375 0.046875
5 0.896875 0.9578125 0.0609375 0.084375
2 0.9796875 0.778125 0.040625 0.09375
2 0.35625 0.796875 0.0359375 0.0546875