3 0.5984375 0.01875 0.090625 0.0359375
4 0.75625 0.15625 0.0609375 0.0890625
0 0.355729165625 0.612673609375 0.343229165625 0.6140625 0.3296875 0.625173609375 0.324479165625 0.65850694375 0.300520834375 0.65989583125 0.280729165625 0.62100694375 0.271354165625 0.58350694375 0.261979165625 0.55572916875 0.255729165625 0.565451390625 0.2453125 0.58350694375 0.2390625 0.62100694375 0.23072916562499998 0.64600694375 0.219270834375 0.661284721875 0.2109375 0.64322916875 0.2078125 0.61961805625 0.19739583125 0.586284721875 0.202604165625 0.550173609375 0.19739583125 0.5460069437499999 0.1890625 0.566840278125 0.17760416875 0.590451390625 0.17239583125 0.62100694375 0.1640625 0.6348958312499999 0.14635416875 0.652951390625 0.15989583125 0.68211805625 0.18385416875 0.6960069437499999 0.24010416562499998 0.7015625 0.268229165625 0.70572916875 0.2984375 0.704340278125 0.3421875 0.7015625 0.3890625 0.7015625 0.3890625 0.67024936875 0.3796875 0.679340278125 0.369270834375 0.666840278125 0.3609375 0.6348958312499999 0.355729165625 0.612673609375
3 0.346875 0.5015625 0.084375 0.103125
1 0.34375 0.590625 0.0890625 0.1171875
5 0.7125 0.80625 0.0703125 0.16875
5 0.625 0.80625 0.0734375 0.1515625
5 0.609375 0.9484375 0.0828125 0.103125
5 0.70625 0.95625 0.0671875 0.0875
5 0.4671875 0.5984375 0.075 0.1109375
5 0.48125 0.671875 0.090625 0.0890625
5 0.4734375 0.4640625 0.096875 0.028125
5 0.4890625 0.7328125 0.09375 0.0515625
5 0.5125 0.81875 0.0671875 0.0765625
5 0.50625 0.9140625 0.0796875 0.109375
5 0.4984375 0.9796875 0.090625 0.040625
5 0.4125 0.9453125 0.046875 0.109375