3 0.028125 0.925 0.05625 0.15
1 0.94375 0.646875 0.040625 0.084375
1 0.796875 0.6515625 0.028125 0.125
1 0.7515625 0.634375 0.0546875 0.1109375
1 0.859375 0.659375 0.0546875 0.0734375
1 0.853125 0.75 0.059375 0.0859375
1 0.85 0.825 0.0484375 0.0546875
1 0.853125 0.571875 0.0546875 0.0875
1 0.86875 0.2890625 0.0484375 0.059375
0 0.67061586875 0.428868296875 0.67633116875 0.46887988125 0.6934769625 0.495554321875 0.7013355125 0.464116596875 0.7120516593749999 0.46030598749999996 0.7327695000000001 0.47364316874999995 0.7456289 0.495554321875 0.7627748000000001 0.51365479375 0.76063155 0.48602774687499994 0.79135119375 0.45077941250000003 0.807187515625 0.43974702499999996 0.802067340625 0.42029436562500005 0.78777914375 0.424105009375 0.752772996875 0.428868296875 0.71133720625 0.428868296875 0.67061586875 0.428868296875
4 0.9875 0.528125 0.025 0.1078125
4 0.95625 0.51875 0.0578125 0.128125
4 0.725 0.509375 0.065625 0.084375
4 0.784375 0.50625 0.059375 0.109375