0 0.234375 0.165625 0.46875 0.33125
3 0.503125 0.325 0.06875 0.1484375
3 0.615625 0.2625 0.14375 0.2078125
3 0.76875 0.246875 0.1375 0.1921875
3 0.8875 0.275 0.0875 0.1609375
5 0.165625 0.6859375 0.0484375 0.05
5 0.221875 0.6875 0.04375 0.0640625
5 0.26875 0.68125 0.046875 0.05
5 0.109375 0.6796875 0.0671875 0.046875
5 0.05 0.66875 0.046875 0.0546875
5 0.31875 0.678125 0.0421875 0.046875
5 0.021875 0.665625 0.04375 0.046875
2 0.225 0.60625 0.084375 0.1109375
4 0.11875 0.584375 0.1015625 0.06875
4 0.309375 0.5875 0.046875 0.0703125
5 0.325 0.734375 0.0484375 0.0703125
5 0.265625 0.7296875 0.059375 0.071875
5 0.2171875 0.73125 0.0578125 0.078125
5 0.16875 0.725 0.0578125 0.0671875
5 0.10625 0.725 0.0640625 0.06875
5 0.040625 0.7203125 0.05625 0.06875
5 0.359375 0.590625 0.0578125 0.08125
5 0.053125 0.60625 0.0453125 0.0671875