3 0.221875 0.41875 0.1171875 0.0984375
1 0.5421875 0.60625 0.046875 0.078125
1 0.46875 0.5921875 0.0578125 0.0984375
1 0.121875 0.5875 0.0484375 0.0828125
1 0.10625 0.696875 0.0359375 0.0671875
1 0.18125 0.696875 0.0453125 0.0875
1 0.415625 0.6953125 0.053125 0.0875
1 0.490625 0.7046875 0.0390625 0.0859375
1 0.54375 0.71875 0.0359375 0.0890625
1 0.5875 0.728125 0.0421875 0.0734375
1 0.3140625 0.7359375 0.065625 0.0890625
1 0.30625 0.6125 0.06875 0.0734375
1 0.3125 0.528125 0.046875 0.0703125
1 0.3046875 0.8375 0.059375 0.0546875
1 0.309375 0.94375 0.0640625 0.059375
0 0.694702675 0.829617475 0.712209675 0.845373775 0.720379609375 0.792852765625 0.74022088125 0.773595065625 0.77056635 0.784099265625 0.807914621875 0.822614671875 0.8370929625000001 0.829617475 0.8475971625 0.784099265625 0.8814440375 0.7648415625 0.88961396875 0.7280768531249999 0.877942634375 0.69831495 0.84643003125 0.721074053125 0.807914621875 0.7368303593750001 0.77640201875 0.73157825625 0.7448894125 0.72982755625 0.708708275 0.73157825625 0.691201271875 0.7158219531250001 0.68886700625 0.7753457625 0.694702675 0.829617475
0 1 0.747580384375 0.9899874531249999 0.752586659375 0.940967846875 0.74033175625 0.8791097718750001 0.714071253125 0.8919482375 0.75083595625 0.8919482375 0.7788471625 0.9094552406249999 0.7753457625 0.9421349781250001 0.791102065625 0.97014618125 0.81911326875 0.97131331875 0.8506258750000001 0.98181751875 0.8751356781249999 1 0.8597942125 1 0.747580384375
4 0.9046875 0.7734375 0.125 0.1
4 0.734375 0.775 0.053125 0.06875