0 0.0515625 0.25 0.103125 0.5
5 0.15 0.33125 0.2984375 0.1984375
5 0.0921875 0.0921875 0.184375 0.159375
5 0.590625 0.3125 0.0171875 0.01875
1 0.8109375 0.4265625 0.028125 0.125
1 0.85625 0.409375 0.0546875 0.1109375
1 0.753125 0.434375 0.0453125 0.0734375
1 0.75625 0.346875 0.0515625 0.0875
1 0.746875 0.05 0.0328125 0.0859375
0 0.805745159375 0.195294365625 0.800624984375 0.214747025 0.8164613062500001 0.22577941250000003 0.84718095 0.261027746875 0.8450377 0.28865479375 0.8621836 0.270554321875 0.875043 0.248643171875 0.8957608406249999 0.2353059875 0.9064769874999999 0.23911659375 0.914335540625 0.270554321875 0.93148133125 0.24387988124999999 0.93719663125 0.203868296875 0.89647529375 0.203868296875 0.855039503125 0.203868296875 0.82003335625 0.199105009375 0.805745159375 0.195294365625
4 0.8828125 0.284375 0.065625 0.084375
4 0.8234375 0.28125 0.059375 0.109375