4 0.240625 0.4578125 0.0984375 0.1375
4 0.8703125 0.39375 0.078125 0.1546875
4 0.5078125 0.865625 0.084375 0.2671875
3 0.609375 0.834375 0.125 0.3265625
3 0.8078125 0.446875 0.128125 0.3953125
3 0.50625 0.8109375 0.1265625 0.3515625
0 0.314270640625 0.284593025 0.325490490625 0.335889921875 0.3639587375 0.408026246875 0.3831928 0.371156578125 0.39761840625 0.310241471875 0.42166104375 0.2573415125 0.471349140625 0.24612029375 0.500200353125 0.26535665937499997 0.522640171875 0.315050546875 0.54027141875 0.395202021875 0.56431405625 0.412835384375 0.575533903125 0.37436265 0.5899595125 0.33108084375 0.6059879375 0.279783890625 0.6300305749999999 0.255738446875 0.67170445625 0.23169300625 0.698952853125 0.24131121875 0.714981278125 0.311844478125 0.7406267343749999 0.40321716875 0.766272315625 0.361538428125 0.791917646875 0.310241471875 0.8095490125 0.26535665937499997 0.8367972874999999 0.25894451875 0.8480171375 0.311844478125 0.849620075 0.361538428125 0.884882565625 0.3294778375 0.8993080499999999 0.289402103125 0.9121308375 0.26856273124999996 0.9265565718750001 0.266959665625 0.940982053125 0.27337180625 0.94899626875 0.323065696875 0.952201903125 0.377568721875 0.9538048437500001 0.40001109687499997 0.9730389031250001 0.367950509375 0.9778474812500001 0.29741724999999997 0.9698332687500001 0.21886878125 0.920145053125 0.2028384875 0.750243890625 0.193220303125 0.63964760625 0.17398396875 0.48577474374999996 0.17238099375 0.3960155875 0.17398396875 0.251759759375 0.1884112875 0.17482326875 0.198029409375 0.12353235625 0.20764759375000003 0.088269746875 0.22848699374999998 0.080528809375 0.3309294875 0.10750392812500001 0.39199595 0.126737990625 0.45291111562499997 0.13314938437499999 0.377568721875 0.13956078125 0.279783890625 0.152383446875 0.254135440625 0.19085169062500001 0.26535665937499997 0.210085878125 0.34550813125 0.235731334375 0.420850528125 0.25496539375 0.37596565625 0.266185365625 0.30382933125 0.283816609375 0.2877990375 0.314270640625 0.284593025
0 0.131546565625 0.9771017625 0.16360341875 0.9947350593750001 0.21489433125000001 0.993132053125 0.21674675937500001 0.8417467937499999 0.16520623437499998 0.9322168874999999 0.131546565625 0.9771017625
0 0.336939065625 0.8357371812500001 0.30465349062499997 1 0.37678140312499997 0.99794106875 0.336939065625 0.8357371812500001
0 0.45913458125 0.8457532062500001 0.40082404374999997 1 0.47776053437500005 0.9995441968750001 0.47455489687499997 0.9242017406249999 0.45913458125 0.8457532062500001
0 0.575533903125 1 0.5659168718750001 0.9466441781249999 0.5432691968750001 0.8798076937499999 0.500200353125 1 0.575533903125 1
0 0.655448678125 0.863782053125 0.6380447874999999 0.98832291875 0.698952853125 0.99794106875 0.655448678125 0.863782053125
0 0.7358181593750001 0.99794106875 0.798329165625 0.9947350593750001 0.787109071875 0.8873321375 0.759615346875 0.8297275656249999 0.7342153406249999 0.901759303125 0.7358181593750001 0.99794106875
0 0.940982053125 1 0.9313648999999999 0.983513903125 0.8993080499999999 0.919392725 0.8637820125 0.861778846875 0.857634290625 1 0.940982053125 1