0 0.19375 0.265625 0.3859375 0.5296875
0 0.190625 0.5890625 0.3796875 0.11875
3 0.41875 0.571875 0.1015625 0.0859375
3 0.034375 0.65625 0.0671875 0.2140625
3 0.1125 0.58125 0.0328125 0.0484375
0 1 0.89224091875 0.9916666656249999 0.8901041656249999 0.971875 0.870659721875 0.938541665625 0.8595486125 0.9177083343750001 0.8595486125 0.916666665625 0.8720486125000001 0.9083333343750001 0.8901041656249999 0.8791666656249999 0.915104165625 0.8614583343750001 0.915104165625 0.8479166656249999 0.90399305625 0.838541665625 0.870659721875 0.828125 0.863715278125 0.807291665625 0.8609375 0.796875 0.87899305625 0.78645833125 0.895659721875 0.77395833125 0.90399305625 0.7635416687500001 0.913715278125 0.75416666875 0.9109375 0.75104166875 0.8942708343750001 0.75104166875 0.877604165625 0.75729166875 0.8651041656249999 0.75104166875 0.84149305625 0.73854166875 0.856770834375 0.72916666875 0.8748263875 0.721875 0.8873263874999999 0.70729166875 0.9095486125000001 0.696875 0.9234375 0.73125 0.9526041656249999 0.76458333125 0.9526041656249999 0.811458334375 0.9498263874999999 0.8822916656249999 0.9512152781250001 0.9489583343750001 0.9512152781250001 1 0.9503314406250001 1 0.89224091875
0 1 0.560399865625 0.975 0.57760416875 0.9604166656249999 0.59010416875 0.9395833343750001 0.5859375 0.9145833343750001 0.574826390625 0.890625 0.559548609375 0.853125 0.558159721875 0.822916665625 0.562326390625 0.78958333125 0.570659721875 0.76875 0.57760416875 0.7364583312499999 0.584548609375 0.715625 0.584548609375 0.696875 0.57760416875 0.68854166875 0.56927083125 0.67708333125 0.574826390625 0.66770833125 0.57760416875 0.6625 0.56927083125 0.675 0.5609375 0.67291666875 0.537326390625 0.66666666875 0.53177083125 0.6541666687500001 0.534548609375 0.63333333125 0.551215278125 0.62395833125 0.587326390625 0.61979166875 0.6164930562500001 0.62604166875 0.65260416875 0.64166666875 0.674826390625 0.64479166875 0.66649305625 0.64375 0.64288194375 0.653125 0.649826390625 0.67083333125 0.663715278125 0.68645833125 0.674826390625 0.69583333125 0.6776041687500001 0.715625 0.662326390625 0.73333333125 0.659548609375 0.75416666875 0.65677083125 0.7677083312499999 0.65399305625 0.7833333312499999 0.6553819437499999 0.790625 0.6609375 0.796875 0.65260416875 0.8010416656249999 0.62899305625 0.83125 0.6192708312499999 0.8614583343750001 0.62899305625 0.891666665625 0.6484375 0.909375 0.66510416875 0.920833334375 0.70677083125 0.9395833343750001 0.724826390625 0.952083334375 0.688715278125 0.9604166656249999 0.662326390625 0.9770833343750001 0.647048609375 0.9958333343750001 0.633159721875 1 0.63088699375 1 0.560399865625
1 0.6859375 0.740625 0.05625 0.1546875
1 0.75625 0.684375 0.0765625 0.1046875
1 0.853125 0.6703125 0.11875 0.1765625
5 0.78125 0.8796875 0.0625 0.090625
2 0.5875 0.703125 0.0359375 0.0546875