3 0.0875 0.3796875 0.1078125 0.2328125
3 0.1890625 0.3390625 0.184375 0.3359375
3 0.178125 0.253125 0.1984375 0.196875
3 0.35625 0.278125 0.1234375 0.1890625
0 0.56841323125 0.35271924375 0.566008909375 0.43928279375 0.610487846875 0.466935090625 0.698243421875 0.45851922187499994 0.7463287000000001 0.423653315625 0.757147903125 0.371955578125 0.7367117000000001 0.334685159375 0.721083946875 0.3286738 0.710264740625 0.2926056375 0.70184985625 0.25172836875 0.6525624624999999 0.23008748125 0.6321261687499999 0.27096475 0.621307053125 0.307032915625 0.587647321875 0.320257978125 0.56841323125 0.35271924375
0 0.83648868125 0.42726007499999996 0.814850271875 0.45250786249999997 0.79681829375 0.43928279375 0.79681829375 0.394798765625 0.784796975 0.35151694375 0.773497571875 0.33118990312499996 0.745126584375 0.404416978125 0.7463287000000001 0.43808054375000005 0.74993513125 0.48016006562499997 0.799222521875 0.49098053437500006 0.876159075 0.47655330625000003 0.9254463718749999 0.42846242187500005 0.937467690625 0.385180553125 0.9158292781249999 0.349112434375 0.905010165625 0.38758515 0.88216973125 0.41042833749999996 0.860531321875 0.374360178125 0.85812709375 0.340696521875 0.8424993437499999 0.38878740624999997 0.83648868125 0.42726007499999996
5 0.56875 0.3953125 0.01875 0.096875
5 0.21875 0.9796875 0.0546875 0.040625
5 0.284375 0.98125 0.0265625 0.0359375
3 0.415625 0.809375 0.1296875 0.2109375
3 0.29375 0.8671875 0.10625 0.16875
3 0.203125 0.8609375 0.103125 0.1078125
3 0.5140625 0.825 0.090625 0.1265625
5 0.58125 0.7859375 0.0421875 0.15
5 0.6125 0.659375 0.10625 0.1421875
5 0.7 0.584375 0.203125 0.1328125
5 0.878125 0.571875 0.1828125 0.1078125
5 0.984375 0.584375 0.0296875 0.1171875