0 0.3912070125 0.066580984375 0.408838253125 0.06978705625 0.42646962187500004 0.08742038437500001 0.445703684375 0.13551126875 0.468143503125 0.17398396875 0.480966171875 0.18520515625 0.503405990625 0.1691748625 0.525845809375 0.148335553125 0.541874234375 0.125893084375 0.551491265625 0.11306883125 0.5659168718750001 0.11146582499999999 0.586753875 0.10505371562500002 0.597973725 0.138717309375 0.6011793625 0.157953675 0.62041354375 0.186808190625 0.63964760625 0.20444158437499999 0.668498821875 0.180396140625 0.694144278125 0.137114275 0.710172703125 0.125893084375 0.7358181593750001 0.143526415625 0.747038009375 0.17879304375 0.764669371875 0.22848699374999998 0.796726225 0.1900142625 0.817563225 0.125893084375 0.76947795 0.07619922812499999 0.694144278125 0.06497794999999999 0.618810725 0.044138575 0.537065659375 0.044138575 0.46974632187500004 0.044138575 0.42967525625 0.037726465625 0.37678140312499997 0.029711321875000002 0.307859246875 0.031314353125 0.24053979062500003 0.06497794999999999 0.21970290937499998 0.085817346875 0.189248875 0.1162749625 0.172676246875 0.150641028125 0.19886590625 0.165968821875 0.22771711875 0.20123544999999998 0.243745546875 0.20604455625 0.253362578125 0.161159715625 0.253362578125 0.141923378125 0.274199578125 0.13230525937499998 0.29824221562500003 0.149938528125 0.320681915625 0.170777896875 0.330299065625 0.129099128125 0.344724553125 0.092229521875 0.359150159375 0.07619922812499999 0.3912070125 0.066580984375
0 0.586753875 0.73664734375 0.586753875 0.712601840625 0.57232826875 0.7061897593750001 0.551491265625 0.723823059375 0.5290514468749999 0.74626549375 0.498597534375 0.75428064375 0.47615771562500003 0.786341234375 0.578739665625 0.807180665625 0.6540732125 0.8408442562499999 0.700555675 0.8729048468749999 0.755052221875 0.90336243125 0.811151709375 0.8873321375 0.8255774406249999 0.818401821875 0.814357590625 0.7655018 0.789663425 0.739583334375 0.775889221875 0.778326084375 0.775889221875 0.832829109375 0.777492165625 0.8648897 0.7342153406249999 0.8696987125 0.714981278125 0.82160783125 0.7165841000000001 0.76870793125 0.686130065625 0.7206169874999999 0.6652930625 0.71420490625 0.6380447874999999 0.73183820625 0.6268249406249999 0.778326084375 0.60438511875 0.78153209375 0.586753875 0.73664734375
0 0.357547340625 0.675732175 0.34632749375 0.7190141062500001 0.351135946875 0.786341234375 0.3831928 0.7895472406249999 0.3960155875 0.7638987937499999 0.420058228125 0.7093958312499999 0.436086653125 0.6725261031249999 0.43768946875000003 0.630847484375 0.395032015625 0.613381409375 0.37357576875 0.635656440625 0.357547340625 0.675732175
0 0.259773971875 0.693365534375 0.235731334375 0.701380684375 0.21168869375 0.7158079093749999 0.2020716625 0.696571546875 0.158794840625 0.725426065625 0.1306089375 0.74559295 0.134752203125 0.7799290875 0.14597217499999998 0.800768521875 0.16520623437499998 0.82641696875 0.17963184375000002 0.8408442562499999 0.210085878125 0.8344321156250001 0.232525575 0.823210959375 0.285419428125 0.797562390625 0.28702224374999996 0.7638987937499999 0.29022800625 0.7302352 0.285419428125 0.699777615625 0.259773971875 0.693365534375
1 0.771875 0.234375 0.103125 0.121875
1 0.65 0.2546875 0.0671875 0.1203125
1 0.234375 0.2390625 0.0671875 0.071875
1 0.096875 0.28125 0.05 0.1078125
1 0.865625 0.2875 0.0546875 0.090625
1 0.74375 0.821875 0.109375 0.140625
1 0.6296875 0.675 0.125 0.2234375
1 0.54375 0.63125 0.1078125 0.2578125
1 0.4609375 0.646875 0.1078125 0.2890625
1 0.34375 0.6796875 0.115625 0.2484375
1 0.228125 0.678125 0.0609375 0.115625
3 0.296875 0.2421875 0.1328125 0.2390625
3 0.3953125 0.2125 0.178125 0.3046875
3 0.63125 0.640625 0.1109375 0.309375
3 0.5484375 0.628125 0.115625 0.2765625
3 0.446875 0.61875 0.1265625 0.3203125
3 0.35625 0.628125 0.1171875 0.2734375