0 0.514467284375 0.587903734375 0.492027465625 0.55584314375 0.46157355312500004 0.54782799375 0.43913373437500003 0.525385559375 0.41829673125 0.507752259375 0.40387112500000005 0.514164340625 0.40387112500000005 0.53820984375 0.386239878125 0.5830945937500001 0.36380005937500004 0.579888584375 0.352580209375 0.5334007062499999 0.3253319375 0.51576740625 0.30449493437499997 0.5221794875 0.274040903125 0.57027043125 0.27564372187499997 0.62317033125 0.256409659375 0.6712612124999999 0.213132834375 0.6664521999999999 0.214735775 0.6343916093749999 0.214735775 0.579888584375 0.200961575 0.541145834375 0.17626740937500002 0.5670643 0.16504755937499999 0.6199643218750001 0.179473290625 0.6888946375 0.21833753125 0.7 0.244384759375 0.7 0.290069328125 0.674467346875 0.33655178750000003 0.642406759375 0.41188533437499997 0.6087431624999999 0.514467284375 0.587903734375
0 0.55293553125 0.432409984375 0.554538346875 0.47408860312499995 0.570566771875 0.51095833125 0.5946094125 0.56546129375 0.607432203125 0.591109740625 0.6390625 0.587946390625 0.6390625 0.500381928125 0.6330776593749999 0.477294675 0.617049234375 0.43721894062500005 0.595592984375 0.414943909375 0.55293553125 0.432409984375
1 0.21875 0.0484375 0.103125 0.096875
1 0.340625 0.0578125 0.0671875 0.115625
1 0.125 0.0890625 0.0546875 0.090625
1 0.246875 0.6234375 0.109375 0.140625
1 0.3609375 0.4765625 0.125 0.2234375
1 0.446875 0.43125 0.1078125 0.2578125
1 0.5296875 0.45 0.1078125 0.2890625
1 0.6125 0.48125 0.0515625 0.2484375
3 0.571875 0.0828125 0.1328125 0.165625
3 0.359375 0.44375 0.1109375 0.309375
3 0.4421875 0.43125 0.115625 0.2765625
3 0.54375 0.4203125 0.1265625 0.3203125
3 0.60625 0.428125 0.0640625 0.2734375
2 0.896875 0.59375 0.128125 0.1609375
2 0.19375 0.846875 0.046875 0.059375
5 0.084375 0.959375 0.0234375 0.0390625
2 0.259375 0.734375 0.0765625 0.0703125