0 0.3 0.13125 0.19375 0.2609375
2 0.6625 0.09375 0.24375 0.1875
2 0.5875 0.296875 0.1765625 0.125
3 0.734375 0.265625 0.53125 0.1890625
3 0.7765625 0.1265625 0.446875 0.246875
4 0.0390625 0.68125 0.078125 0.21875
0 0.140625 0.6796875 0.28125 0.640625
0 1 0.49696180625 0.9770833343750001 0.49791666875 0.9333333343750001 0.534027778125 0.901041665625 0.52291666875 0.871875 0.534027778125 0.840625 0.51458333125 0.813541665625 0.5006944437499999 0.79375 0.49930555625000006 0.74270833125 0.52569444375 0.67916666875 0.53541666875 0.64479166875 0.5409722218749999 0.6125 0.52291666875 0.565625 0.509027778125 0.540625 0.495138890625 0.50625 0.479861109375 0.47395833125 0.48541666875 0.46875 0.498097825 0.46875 0.587996028125 0.46979166875 0.592361109375 0.48333333125 0.61875 0.48541666875 0.6034722218749999 0.49166666875000004 0.578472221875 0.5020833312499999 0.55208333125 0.5135416687500001 0.529861109375 0.52395833125 0.51041666875 0.5489583312499999 0.51041666875 0.565625 0.5409722218749999 0.578125 0.570138890625 0.58645833125 0.58819444375 0.60833333125 0.604861109375 0.621875 0.596527778125 0.6385416687500001 0.58958333125 0.66354166875 0.58541666875 0.6697916687500001 0.5868055562500001 0.675 0.5868055562500001 0.696875 0.621527778125 0.72291666875 0.6270833312499999 0.74166666875 0.59375 0.77083333125 0.57569444375 0.809375 0.565972221875 0.83125 0.57291666875 0.838541665625 0.571527778125 0.854166665625 0.592361109375 0.8614583343750001 0.63958333125 0.8666666656249999 0.67291666875 0.8770833343750001 0.66875 0.8885416656249999 0.657638890625 0.907291665625 0.65625 0.9083333343750001 0.6881944437499999 0.9020833343750001 0.715972221875 0.9177083343750001 0.704861109375 0.9447916656249999 0.6868055562500001 0.953125 0.67569444375 0.9614583343750001 0.659027778125 0.967708334375 0.64375 0.978125 0.6270833312499999 0.984375 0.621527778125 1 0.61319444375 1 0.49696180625
0 0.8416666656249999 0.940972221875 0.8302083343750001 0.98125 0.8520833343750001 0.9770833343750001 0.8791666656249999 0.97430555625 0.896875 0.9673611125000001 0.909375 0.9548611125 0.9197916656249999 0.93125 0.934375 0.940972221875 0.9447916656249999 0.946527778125 0.965625 0.9368055562500001 0.9770833343750001 0.92569444375 0.984375 0.8951388874999999 0.984375 0.8534722218749999 0.973958334375 0.8340277781250001 0.967708334375 0.8576388875 0.967708334375 0.8826388875 0.9604166656249999 0.9104166656249999 0.947916665625 0.909027778125 0.9354166656249999 0.8965277781250001 0.9333333343750001 0.8923611125 0.920833334375 0.8673611125 0.915625 0.846527778125 0.90625 0.83125 0.8989583343750001 0.81875 0.9020833343750001 0.8548611125000001 0.905208334375 0.878472221875 0.9041666656249999 0.8951388874999999 0.9 0.9104166656249999 0.89375 0.92430555625 0.8770833343750001 0.928472221875 0.8635416656249999 0.9145833343750001 0.859375 0.8951388874999999 0.8510416656249999 0.846527778125 0.838541665625 0.8131944437499999 0.834375 0.784027778125 0.8302083343750001 0.78680555625 0.821875 0.822916665625 0.813541665625 0.846527778125 0.807291665625 0.86319444375 0.8041666656249999 0.88819444375 0.78645833125 0.903472221875 0.77708333125 0.88680555625 0.759375 0.8534722218749999 0.746875 0.82430555625 0.734375 0.8326388874999999 0.7208333312499999 0.84375 0.70833333125 0.8770833343750001 0.69895833125 0.885416665625 0.6875 0.8965277781250001 0.67708333125 0.884027778125 0.66875 0.8520833343750001 0.66354166875 0.8298611125 0.65104166875 0.83125 0.6375 0.8423611125000001 0.63229166875 0.8756944437499999 0.60833333125 0.8770833343750001 0.58854166875 0.83819444375 0.57916666875 0.80069444375 0.56979166875 0.77291666875 0.56354166875 0.782638890625 0.553125 0.80069444375 0.546875 0.83819444375 0.53854166875 0.86319444375 0.52708333125 0.878472221875 0.51875 0.860416665625 0.515625 0.8368055562500001 0.50520833125 0.803472221875 0.51041666875 0.767361109375 0.50520833125 0.76319444375 0.496875 0.784027778125 0.48541666875 0.8076388874999999 0.48020833124999995 0.83819444375 0.471875 0.8520833343750001 0.46875 0.8552696093750001 0.46875 0.8999094218750001 0.49166666875000004 0.9131944437499999 0.54791666875 0.91875 0.5760416687500001 0.922916665625 0.60625 0.921527778125 0.65 0.91875 0.70416666875 0.91875 0.73020833125 0.91875 0.7833333312499999 0.934027778125 0.8166666656249999 0.922916665625 0.8416666656249999 0.940972221875
3 0.86875 0.709375 0.0890625 0.15
3 0.8 0.653125 0.1421875 0.2265625
3 0.6625 0.66875 0.1015625 0.203125
1 0.8546875 0.625 0.071875 0.1578125
1 0.721875 0.6484375 0.10625 0.1390625
1 0.653125 0.809375 0.090625 0.1171875
1 0.746875 0.803125 0.075 0.103125
1 0.8859375 0.6921875 0.0671875 0.1109375
1 0.6015625 0.596875 0.075 0.115625
1 0.4859375 0.615625 0.034375 0.0953125