0 0.31875 0.090625 0.4296875 0.1796875
0 0.565625 0.3921875 0.0453125 0.18125
0 0.5125 0.434375 0.0796875 0.1796875
0 0.396875 0.490625 0.10625 0.1171875
0 0.1578125 0.459375 0.315625 0.1828125
3 0.01875 0.2921875 0.0375 0.115625
3 0.078125 0.3484375 0.1109375 0.171875
5 0.3 0.709375 0.03125 0.040625
5 0.246875 0.6953125 0.04375 0.0484375
5 0.34375 0.790625 0.040625 0.0390625
5 0.3234375 0.746875 0.0625 0.0578125
3 0.2625 0.678125 0.0796875 0.09375
3 0.821875 0.878125 0.0734375 0.046875
3 0.828125 0.934375 0.04375 0.06875
3 0.88125 0.909375 0.0453125 0.06875