0 0.340625 0.25 0.6796875 0.5
0 0.6796875 0 0.6796875 0.055208334375 0.6859375 0.046875 0.6984375 0.051041665624999996 0.7078125 0.059375 0.71822916875 0.067708334375 0.72760416875 0.07743055625 0.7442708312499999 0.0954861125 0.7515625 0.10243055625 0.76510416875 0.08993055625 0.7755208312499999 0.0829861125 0.7869791687500001 0.0857638875 0.805729165625 0.092708334375 0.8203125 0.09826388750000001 0.8328125 0.0954861125 0.8380208343750001 0.071875 0.8442708343750001 0.051041665624999996 0.8546875 0.0357638875 0.8807291656249999 0.020486109375 0.8963541656249999 0.027430556249999998 0.9296875 0.05243055625 0.9515625 0.0732638875 0.9609375 0.10659722187500001 0.9703125 0.087152778125 0.975520834375 0.0732638875 0.9838541656249999 0.0607638875 0.9994791656249999 0.044097221874999995 1 0.0435763875 1 0 0.98055555625 0 0.9671875 0.0038194437499999997 0.95 0 0.6796875 0
0 1 0.3246817125 0.9786458343750001 0.332986109375 0.9682291656249999 0.326041665625 0.9546875 0.299652778125 0.9432291656249999 0.273263890625 0.934895834375 0.255208334375 0.9317708343750001 0.255208334375 0.9265625 0.274652778125 0.9234375 0.284375 0.9098958343750001 0.296875 0.899479165625 0.306597221875 0.883854165625 0.30243055625 0.872395834375 0.288541665625 0.8651041656249999 0.26909722187499996 0.8692708343750001 0.23993055624999998 0.8578125 0.226041665625 0.8453125 0.24131944375 0.841145834375 0.25243055625 0.830729165625 0.256597221875 0.8171875 0.256597221875 0.8078125 0.25104166562499997 0.7984375 0.234375 0.79010416875 0.209375 0.7859375 0.19131944375 0.77760416875 0.23020833437500002 0.78385416875 0.24548610937499998 0.78802083125 0.26631944375 0.79635416875 0.284375 0.805729165625 0.29131944375 0.8244791656249999 0.295486109375 0.8401041656249999 0.296875 0.8557291656249999 0.285763890625 0.8609375 0.30243055625 0.8744791656249999 0.320486109375 0.8921875 0.33159722187499996 0.908854165625 0.33993055625 0.9255208343750001 0.34270833437500003 0.9390625 0.345486109375 0.966145834375 0.349652778125 0.9807291656249999 0.349652778125 0.9994791656249999 0.346875 1 0.34684193125 1 0.3246817125
1 0.71875 0.10625 0.078125 0.1265625
1 0.790625 0.128125 0.0859375 0.125
1 0.9671875 0.275 0.065625 0.1296875
1 0.896875 0.265625 0.0734375 0.103125
1 0.8375 0.234375 0.0671875 0.08125
5 0.959375 0.1390625 0.05625 0.134375
5 0.0625 0.8515625 0.0921875 0.1125
5 0.115625 0.8296875 0.08125 0.109375
5 0.196875 0.83125 0.06875 0.0828125
5 0.35 0.734375 0.0578125 0.0859375
3 0.2765625 0.75 0.0921875 0.1390625
0 0.299600615625 0.8004491187499999 0.27148050625 0.797322303125 0.25689968125 0.766054075 0.239194440625 0.766054075 0.232945459375 0.80878730625 0.24127738124999998 0.834844165625 0.260024171875 0.8713237656249999 0.27356345000000004 0.8900847000000001 0.29126876875 0.8900847000000001 0.34334309687500003 0.85464739375 0.354799434375 0.8275482375 0.356882375 0.80878730625 0.357031228125 0.7830729187500001 0.32459630625 0.732701265625 0.3079325375 0.723320803125 0.300642084375 0.75875814375 0.299600615625 0.8004491187499999
3 0.740625 0.725 0.121875 0.2515625
3 0.8703125 0.809375 0.1484375 0.3109375