3 0.715625 0.6609375 0.1296875 0.3125
3 0.803125 0.5953125 0.1453125 0.2984375
3 0.725 0.375 0.11875 0.1984375
1 0.2125 0.384375 0.1046875 0.196875
1 0.79375 0.2859375 0.1109375 0.1390625
1 0.784375 0.603125 0.115625 0.1609375
1 0.7 0.7125 0.134375 0.2
1 0.6 0.7890625 0.115625 0.215625
1 0.4703125 0.8125 0.1234375 0.221875
1 0.3703125 0.778125 0.1125 0.23125
1 0.2703125 0.7375 0.1390625 0.21875
1 0.309375 0.4078125 0.121875 0.1578125
0 0.31875 0.875 0.321875 0.196875
0 0.5953125 0.88125 0.2203125 0.1796875
0 0.6421875 0.240625 0.3546875 0.178125
0 0.2984375 0.278125 0.2359375 0.178125