3 0.0140625 0.1515625 0.028125 0.225
3 0.4015625 0.1234375 0.075 0.184375
0 0.21875 0.0640625 0.4375 0.121875
3 0.528125 0.1296875 0.0875 0.1484375
3 0.646875 0.0296875 0.0921875 0.059375
3 0.5609375 0.03125 0.125 0.0625
3 0.4796875 0.0265625 0.08125 0.053125
3 0.475 0.1296875 0.0703125 0.13125
5 0.45625 0.453125 0.0328125 0.0703125
5 0.478125 0.4421875 0.0796875 0.046875
5 0.559375 0.4375 0.06875 0.0359375
0 0.705843096875 0.43589739375000003 0.713092265625 0.41875 0.6051422093750001 0.41875 0.6225241718750001 0.45257376875000005 0.63606345 0.47133469687499996 0.65376876875 0.47133469687499996 0.705843096875 0.43589739375000003