3 0.534375 0.5703125 0.1296875 0.1375
3 0.621875 0.540625 0.1453125 0.196875
3 0.5453125 0.371875 0.11875 0.1984375
1 0.0421875 0.38125 0.084375 0.196875
1 0.6125 0.2828125 0.1109375 0.1390625
1 0.6046875 0.578125 0.115625 0.1203125
1 0.1296875 0.4046875 0.121875 0.1578125
0 0.4625 0.2375 0.3546875 0.178125
0 0.11875 0.275 0.2359375 0.178125
3 0.746875 0.515625 0.0578125 0.2453125
3 0.73125 0.3609375 0.025 0.171875
4 0.8 0.275 0.121875 0.190625
0 0.796875 0.25 0.15625 0.1421875
1 0.4984375 0.9375 0.19375 0.125
3 0.865625 0.9125 0.0640625 0.0625
3 0.9265625 0.9640625 0.040625 0.071875
3 0.9765625 0.915625 0.046875 0.0625
3 0.96875 0.9671875 0.0515625 0.065625
1 0.9671875 0.859375 0.05625 0.0625
1 0.896875 0.8625 0.065625 0.053125
1 0.81875 0.8875 0.0390625 0.046875
1 0.859375 0.896875 0.0328125 0.0390625
5 0.9296875 0.975 0.046875 0.05
0 1 0.8144548125 0.9912591468749999 0.8144548125 0.9872825375 0.8138863093750001 0.9662634625000001 0.8172973812500001 0.929906103125 0.821276978125 0.8946849374999999 0.825256575 0.8759381625 0.824119546875 0.8566233125 0.828667646875 0.8344680875 0.837195346875 0.804359640625 0.846860078125 0.78845328125 0.855387775 0.7748193125 0.8758542437499999 0.779403396875 0.8953125 0.804359640625 0.921903834375 0.79924688125 0.8963207343749999 0.798110728125 0.87812830625 0.807200059375 0.8701691125 0.819697878125 0.86732654375 0.8384446562500001 0.888361540625 0.844693565625 0.898594775 0.8532148218750001 0.88438194375 0.85889565625 0.883244934375 0.8685531031249999 0.889498571875 0.870257328125 0.8821079031249999 0.870257328125 0.868463575 0.870257328125 0.858798846875 0.8748020125 0.8491341374999999 0.88389134375 0.8406064375 0.9020699999999999 0.838332378125 0.91740828125 0.846860078125 0.92933803125 0.868463575 0.9395635531250001 0.8622099375 0.9497890281249999 0.836626840625 0.96342304375 0.8298046781249999 0.9787612843750001 0.8354898125 0.988986803125 0.846860078125 0.990122953125 0.8627784437500001 1 0.886995515625 1 0.8144548125