0 0.19375 0.0546875 0.3875 0.109375
0 0.19375 0.3421875 0.3875 0.128125
0 0.90625 0.298611109375 0.89375 0.30694444375 0.878125 0.325 0.8635416656249999 0.313888890625 0.8635416656249999 0.290277778125 0.854166665625 0.26944444375 0.84375 0.275 0.8197916656249999 0.29722222187499997 0.8 0.30694444375 0.7791666687500001 0.26527777812500003 0.765625 0.25694444375000003 0.74375 0.225 0.73020833125 0.213888890625 0.7125 0.2125 0.684375 0.21944444375 0.6697916687500001 0.23472222187499997 0.65520833125 0.248611109375 0.640625 0.233333334375 0.625 0.21944444375 0.6 0.211111109375 0.571875 0.21805555625 0.53020833125 0.223611109375 0.52291666875 0.248611109375 0.50416666875 0.22777777812500002 0.48541666875 0.223611109375 0.45416666875 0.223611109375 0.44166666875000005 0.236111109375 0.41979166875 0.26527777812500003 0.415625 0.29444444375 0.4125 0.316666665625 0.4125 0.320833334375 0.421875 0.301388890625 0.43229166875 0.28055555625 0.45 0.28194444375 0.46354166875 0.2875 0.478125 0.298611109375 0.48020833124999995 0.33055555625 0.48958333125 0.352777778125 0.503125 0.34305555625 0.5375 0.28472222187499996 0.55104166875 0.272222221875 0.56979166875 0.258333334375 0.578125 0.263888890625 0.60208333125 0.27777777812500004 0.61875 0.29583333437500003 0.6270833312499999 0.320833334375 0.63229166875 0.348611109375 0.63958333125 0.372222221875 0.64895833125 0.375 0.65625 0.36944444375 0.6697916687500001 0.32777777812500003 0.684375 0.301388890625 0.70208333125 0.283333334375 0.72604166875 0.27777777812500004 0.74270833125 0.27777777812500004 0.75625 0.286111109375 0.77395833125 0.3 0.78541666875 0.338888890625 0.79791666875 0.35694444375 0.809375 0.352777778125 0.811458334375 0.33194444375 0.828125 0.311111109375 0.8458333343750001 0.309722221875 0.8625 0.315277778125 0.8770833343750001 0.3375 0.880208334375 0.348611109375 0.895833334375 0.363888890625 0.9 0.345833334375 0.9083333343750001 0.32777777812500003 0.925 0.325 0.9375 0.325 0.9447916656249999 0.35555555625 0.95 0.375 0.9625 0.35833333437500003 0.95625 0.32777777812500003 0.946875 0.298611109375 0.942708334375 0.29305555625 0.936458334375 0.279166665625 0.90625 0.298611109375
5 0.903125 0.3828125 0.0484375 0.071875
5 0.83125 0.371875 0.04375 0.0953125
5 0.678125 0.35625 0.0765625 0.1265625
5 0.571875 0.35 0.1375 0.1390625
5 0.45 0.3625 0.09375 0.0890625
5 0.4125 0.35625 0.0484375 0.1234375
1 0.315625 0.7296875 0.1453125 0.1625
1 0.13125 0.76875 0.1375 0.1609375
1 0.3515625 0.9453125 0.075 0.109375
1 0.278125 0.9609375 0.115625 0.078125
1 0.1875 0.971875 0.1015625 0.0546875
1 0.0875 0.9640625 0.090625 0.071875
0 0 0.71262545 0.01086005625 0.7277008406250001 0.044508184374999996 0.76137429375 0.068542490625 0.73090785 0.11340645 0.671578375 0.14545219375000001 0.6683713625000001 0.199929978125 0.7277008406250001 0.230373453125 0.759770821875 0.289658025 0.68119934375 0.32651067500000003 0.645922353125 0.37618155 0.690820375 0.3890625 0.7617189 0.3890625 0.559822971875 0.292862671875 0.5657474031249999 0.167884234375 0.575368434375 0.087769884375 0.59781738125 0 0.59781738125 0 0.71262545
5 0.8875 0.9890625 0.0390625 0.021875
5 0.8078125 0.978125 0.021875 0.0265625
5 0.746875 0.9796875 0.03125 0.0296875