0 0.128125 0.259375 0.25625 0.51875
0 0.615625 0.684201390625 0.60208333125 0.656423609375 0.590625 0.67864583125 0.59270833125 0.6855902781250001 0.5802083312499999 0.698090278125 0.56875 0.7244791687500001 0.5604166687500001 0.73836805625 0.55625 0.7578125 0.553125 0.7703125 0.56770833125 0.784201390625 0.58229166875 0.781423609375 0.603125 0.76336805625 0.61354166875 0.7480902781250001 0.62083333125 0.718923609375 0.615625 0.684201390625
0 0.5447916687500001 0.6703125 0.5333333312499999 0.631423609375 0.525 0.65364583125 0.51458333125 0.6647569437499999 0.5020833312499999 0.6647569437499999 0.49583333124999995 0.65086805625 0.484375 0.62725694375 0.47708333124999996 0.6328125 0.47083333125 0.655034721875 0.45729166875000005 0.67864583125 0.44895833124999995 0.698090278125 0.44791666875 0.70086805625 0.43125 0.7022569437499999 0.42708333125 0.67447916875 0.421875 0.65086805625 0.41145833125 0.62725694375 0.40416666875 0.6328125 0.398958334375 0.6578125 0.39166666562499997 0.6828125 0.383333334375 0.68975694375 0.388541665625 0.71614583125 0.41145833125 0.7272569437499999 0.41875 0.7328125 0.44583333124999996 0.7453125 0.4625 0.7508680562500001 0.490625 0.7508680562500001 0.49375 0.7675347218749999 0.50625 0.773090278125 0.52604166875 0.773090278125 0.54270833125 0.7675347218749999 0.53958333125 0.755034721875 0.54270833125 0.7203125 0.5447916687500001 0.68975694375 0.5447916687500001 0.6703125
0 0.40208333124999995 0.717534721875 0.385416665625 0.696701390625 0.3625 0.6883680562500001 0.355208334375 0.667534721875 0.345833334375 0.646701390625 0.3375 0.6258680562500001 0.332291665625 0.631423609375 0.319791665625 0.643923609375 0.308333334375 0.646701390625 0.292708334375 0.62725694375 0.28020833437500003 0.65225694375 0.28020833437500003 0.67586805625 0.291666665625 0.68975694375 0.307291665625 0.70364583125 0.31875 0.71197916875 0.32708333437500003 0.71475694375 0.34270833437500003 0.721701390625 0.359375 0.730034721875 0.383333334375 0.73697916875 0.40208333124999995 0.7286458312499999 0.40208333124999995 0.717534721875
5 0.678125 0.5421875 0.0296875 0.046875
5 0.621875 0.546875 0.0546875 0.0546875
1 0.540625 0.540625 0.0765625 0.04375
1 0.396875 0.5484375 0.0484375 0.059375
1 0.30625 0.53125 0.0578125 0.0234375
5 0.3125 0.6234375 0.05625 0.0765625
5 0.3703125 0.6359375 0.0765625 0.115625
5 0.440625 0.646875 0.0765625 0.109375
5 0.5046875 0.640625 0.065625 0.09375
1 0.2765625 0.74375 0.0546875 0.053125
1 0.2875 0.603125 0.0421875 0.05625
5 0.215625 0.5421875 0.0703125 0.046875
0 0.796875 0.60625 0.1578125 0.175