1 0.121875 0.9578125 0.06875 0.084375
1 0.18125 0.971875 0.0671875 0.0546875
1 0.24375 0.965625 0.0640625 0.06875
1 0.3 0.9546875 0.0859375 0.090625
1 0.3453125 0.90625 0.0828125 0.1046875
1 0.3875 0.834375 0.05625 0.0859375
1 0.403125 0.75625 0.05625 0.0859375
1 0.08125 0.925 0.08125 0.0703125
1 0.0546875 0.8484375 0.0953125 0.0828125
1 0.0375 0.76875 0.075 0.08125
1 0.034375 0.703125 0.0578125 0.0859375
5 0.03125 0.8375 0.0515625 0.09375
5 0.446875 0.621875 0.0765625 0.125
5 0.43125 0.721875 0.0421875 0.0859375
5 0.078125 0.921875 0.040625 0.0609375
5 0.40625 0.828125 0.0390625 0.084375
2 0.471875 0.35625 0.05625 0.0921875
3 0.6375 0.64375 0.146875 0.1328125
0 0.578125 0.4453125 0.1578125 0.115625