1 0.20625 0.3671875 0.4125 0.190625
5 0.8703125 0.625 0.0484375 0.05
5 0.8140625 0.628125 0.04375 0.0640625
5 0.765625 0.621875 0.046875 0.05
5 0.925 0.61875 0.0671875 0.046875
5 0.98125 0.60625 0.0375 0.0546875
5 0.71875 0.6171875 0.0421875 0.046875
2 0.8109375 0.540625 0.084375 0.1203125
4 0.915625 0.521875 0.1015625 0.075
4 0.728125 0.525 0.046875 0.0703125
5 0.7125 0.6734375 0.0484375 0.0703125
5 0.76875 0.66875 0.059375 0.071875
5 0.81875 0.671875 0.0578125 0.078125
5 0.8671875 0.6625 0.0578125 0.0671875
5 0.928125 0.6640625 0.0640625 0.06875
5 0.9828125 0.659375 0.034375 0.06875
5 0.678125 0.525 0.0578125 0.090625
5 0.9796875 0.5421875 0.040625 0.065625