3 0.48125 0.15 0.0734375 0.225
3 0.0671875 0.121875 0.0875 0.184375
0 0.259375 0.0640625 0.51875 0.121875
0 0.740625 0.190625 0.4453125 0.3796875
1 0.4078125 0.746875 0.046875 0.1859375
1 0.45625 0.765625 0.05625 0.10625
1 0.325 0.55625 0.1140625 0.1125
1 0.35 0.48125 0.0546875 0.0890625
1 0.31875 0.696875 0.0859375 0.1
1 0.3078125 0.81875 0.096875 0.1140625
1 0.3125 0.96875 0.0890625 0.0625
1 0.034375 0.6921875 0.04375 0.1046875
1 0.128125 0.715625 0.1015625 0.2046875
1 0.1625 0.9125 0.0546875 0.1171875
1 0.090625 0.9171875 0.05 0.121875
0 0.192746834375 1 0.188896940625 0.92940929375 0.18764665 0.944413609375 0.17889516875 0.9710880562499999 0.155141021875 0.949415046875 0.138888253125 0.90106771875 0.12638608125 0.8643903906249999 0.110133221875 0.914405040625 0.0926301625 0.954416553125 0.070126309375 0.9227407937500001 0.070126309375 0.8643903906249999 0.051372956250000004 0.8777275843749999 0.04137118125 0.92774210625 0.02136781875 0.976089496875 0.045061996874999996 1 0.192746834375 1
3 0.6375 0.58125 0.040625 0.0421875