0 0 0.252951390625 0.0078125 0.243576390625 0.02447916875 0.23802083437500002 0.049479168750000004 0.228298609375 0.055729165625 0.23107639062500002 0.074479165625 0.24774305624999998 0.0890625 0.26163194375 0.10572916875 0.31024305625 0.11510416875 0.3296875 0.1234375 0.275520834375 0.1390625 0.251909721875 0.15260416875 0.228298609375 0.16822916875 0.215798609375 0.18697916875 0.21302083437500002 0.205729165625 0.214409721875 0.221354165625 0.2296875 0.234895834375 0.265798609375 0.2421875 0.29913194375 0.250520834375 0.325520834375 0.265104165625 0.313020834375 0.27239583437500003 0.290798609375 0.2796875 0.268576390625 0.2984375 0.256076390625 0.3140625 0.24496527812500002 0.3421875 0.314409721875 0.349479165625 0.333854165625 0.35260416562499997 0.33663194375 0.3640625 0.29774305624999997 0.36822916562499997 0.2671875 0.36875 0.26560921875 0.36875 0.207275884375 0.36822916562499997 0.206076390625 0.346354165625 0.18663194375 0.313020834375 0.178298609375 0.2921875 0.1796875 0.266145834375 0.182465278125 0.247395834375 0.16857639062500002 0.22864583437500002 0.15885416875 0.1859375 0.153298609375 0.1640625 0.153298609375 0.14427083125 0.15885416875 0.1140625 0.18524305624999998 0.10052083125 0.178298609375 0.0734375 0.165798609375 0.0296875 0.16163194375 0.0015625 0.17274305625 0 0.173746140625 0 0.252951390625
3 0.05625 0.2734375 0.1125 0.128125
3 0.19375 0.25625 0.134375 0.165625
3 0.2953125 0.284375 0.0875 0.1078125
1 0.046875 0.24375 0.09375 0.0890625
1 0.3 0.259375 0.0515625 0.0703125
1 0.359375 0.25 0.0203125 0.0859375
3 0.70625 0.096875 0.0515625 0.059375
3 0.6625 0.1015625 0.0578125 0.0578125
0 0.26875 0.6515625 0.2015625 0.44375
5 0.49375 0.6 0.1078125 0.1671875
5 0.4015625 0.6359375 0.065625 0.13125
5 0.65 0.4265625 0.0625 0.175
5 0.628125 0.6140625 0.053125 0.1078125
2 0.5828125 0.425 0.09375 0.1703125