0 0.19322916875 0.0038194437499999997 0.18697916875 0.0038194437499999997 0.1765625 0.012152778125 0.1640625 0.026041668750000004 0.15260416875 0.041319443750000004 0.14635416875 0.031597221875 0.12552083125 0.016319443750000003 0.1171875 0.012152778125 0.11302083125 0.0329861125 0.10260416875 0.062152778124999995 0.091145834375 0.046875 0.084895834375 0.024652778125 0.0734375 0.0329861125 0.0671875 0.056597221875000006 0.068229165625 0.07743055625 0.078645834375 0.08993055625 0.096354165625 0.10104166875000001 0.11197916875 0.10659722187500001 0.11510416875 0.10659722187500001 0.11510416875 0.10520833125 0.11510416875 0.092708334375 0.11510416875 0.07881944375 0.1171875 0.062152778124999995 0.12760416875 0.059375 0.14635416875 0.069097221875 0.15885416875 0.0829861125 0.17135416875 0.10104166875000001 0.17552083125 0.0732638875 0.1796875 0.062152778124999995 0.19635416875 0.042708331249999995 0.2046875 0.044097221874999995 0.221354165625 0.046875 0.2203125 0.03854166875 0.2140625 0.01770833125 0.19322916875 0.0038194437499999997
0 0.22139136874999998 0 0.211979165625 0.0038194437499999997 0.2109375 0.03993055625 0.2140625 0.05243055625 0.23072916562499998 0.0704861125 0.2390625 0.07743055625 0.250520834375 0.076041665625 0.255729165625 0.053819443749999994 0.25677083437500003 0.037152778125 0.2609375 0.021875 0.269270834375 0.01354166875 0.2765625 0.0079861125 0.2796875 0.007204862500000001 0.2796875 0 0.22139136874999998 0
0 0.19322916875 0.373263890625 0.2078125 0.359375 0.2046875 0.346875 0.200520834375 0.32743055625 0.1921875 0.31354166562499997 0.18072916875 0.287152778125 0.16822916875 0.274652778125 0.1703125 0.267708334375 0.15885416875 0.24548610937499998 0.1453125 0.273263890625 0.14010416875 0.307986109375 0.14739583125 0.337152778125 0.1578125 0.35243055624999997 0.17864583125 0.370486109375 0.19322916875 0.373263890625
0 0.221354165625 0.34409722187499997 0.218229165625 0.356597221875 0.234895834375 0.362152778125 0.2546875 0.362152778125 0.2671875 0.356597221875 0.2703125 0.33993055625 0.2796875 0.33993055625 0.2796875 0.218700396875 0.2765625 0.21631944375 0.265104165625 0.23993055624999998 0.25885416562499997 0.25381944375 0.24635416562499998 0.25381944375 0.2359375 0.242708334375 0.227604165625 0.220486109375 0.216145834375 0.259375 0.216145834375 0.27881944375 0.218229165625 0.309375 0.221354165625 0.34409722187499997
5 0.0828125 0.11875 0.0296875 0.071875
5 0.1390625 0.0984375 0.0546875 0.1296875
1 0.21875 0.0875 0.0765625 0.1296875
5 0.2515625 0.2296875 0.05625 0.09375
5 0.06875 0.5828125 0.0921875 0.1125
5 0.121875 0.5625 0.08125 0.10625
5 0.203125 0.5625 0.06875 0.0828125
0 0.24752738124999998 0.566094165625 0.266274171875 0.60257376875 0.2796875 0.621160171875 0.2796875 0.5287899125 0.27773050625 0.528572303125 0.268778528125 0.509375 0.24367927812499998 0.509375 0.239195459375 0.54003730625 0.24752738124999998 0.566094165625
1 0.609375 0.628125 0.0265625 0.040625
1 0.64375 0.628125 0.025 0.04375