1 0.290625 0.4640625 0.0921875 0.125
1 0.36875 0.496875 0.0890625 0.121875
1 0.4078125 0.615625 0.0515625 0.0953125
1 0.4625 0.63125 0.0421875 0.109375
1 0.521875 0.39375 0.0578125 0.0453125
1 0.521875 0.48125 0.06875 0.0609375
1 0.54375 0.5640625 0.075 0.0546875
1 0.553125 0.628125 0.0875 0.090625
1 0.546875 0.740625 0.071875 0.0984375
1 0.5296875 0.821875 0.078125 0.08125
1 0.6734375 0.609375 0.0359375 0.084375
1 0.74375 0.5875 0.04375 0.0859375
1 0.79375 0.5734375 0.05 0.078125
1 0.840625 0.490625 0.0359375 0.0703125
1 0.821875 0.4296875 0.05625 0.0640625
1 0.75625 0.471875 0.05625 0.0703125
1 0.6734375 0.5 0.0515625 0.0953125