0 0.335416665625 0.401388890625 0.347916665625 0.423611109375 0.354166665625 0.448611109375 0.366666665625 0.45555555625000005 0.369791665625 0.423611109375 0.378125 0.384722221875 0.396875 0.3625 0.4125 0.363888890625 0.43020833124999996 0.38194444375000003 0.44166666875000005 0.40833333125 0.44895833124999995 0.436111109375 0.45833333125 0.44305555625000004 0.46354166875 0.42083333125 0.47083333125 0.386111109375 0.48958333125 0.35555555625 0.5020833312499999 0.34027777812500004 0.525 0.34027777812500004 0.53854166875 0.35972222187499997 0.5625 0.388888890625 0.56979166875 0.411111109375 0.57291666875 0.41944444374999995 0.590625 0.42222222187499997 0.60416666875 0.397222221875 0.61770833125 0.366666665625 0.63958333125 0.35694444375 0.659375 0.34722222187499996 0.68333333125 0.365277778125 0.69583333125 0.38055555625 0.70416666875 0.425 0.721875 0.43055555625 0.7375 0.395833334375 0.7479166687500001 0.375 0.75520833125 0.366666665625 0.77083333125 0.388888890625 0.77291666875 0.41666666875 0.78020833125 0.45416666875 0.78958333125 0.447222221875 0.790625 0.436111109375 0.790625 0.4 0.7635416687500001 0.34722222187499996 0.7322916687500001 0.326388890625 0.71458333125 0.315277778125 0.68854166875 0.302777778125 0.64791666875 0.29305555625 0.621875 0.315277778125 0.57916666875 0.3125 0.54791666875 0.3125 0.50625 0.3125 0.45416666875 0.3125 0.40729166875 0.311111109375 0.384375 0.315277778125 0.348958334375 0.326388890625 0.328125 0.315277778125 0.310416665625 0.313888890625 0.288541665625 0.333333334375 0.263541665625 0.354166665625 0.255208334375 0.38055555625 0.258333334375 0.40694444374999994 0.269791665625 0.427777778125 0.28125 0.447222221875 0.290625 0.46944444374999994 0.290625 0.44583333124999996 0.29375 0.41805555625 0.294791665625 0.386111109375 0.296875 0.365277778125 0.310416665625 0.35972222187499997 0.319791665625 0.373611109375 0.335416665625 0.401388890625
0 0.521875 0.69166666875 0.55520833125 0.69305555625 0.58645833125 0.702777778125 0.62395833125 0.70833333125 0.66041666875 0.70833333125 0.7 0.713888890625 0.72708333125 0.70694444375 0.72916666875 0.672222221875 0.7208333312499999 0.623611109375 0.703125 0.64166666875 0.6739583312499999 0.62916666875 0.67604166875 0.61944444375 0.66666666875 0.5958333312499999 0.6541666687500001 0.586111109375 0.64166666875 0.588888890625 0.6270833312499999 0.622222221875 0.615625 0.6347222218749999 0.59895833125 0.625 0.590625 0.61944444375 0.57916666875 0.5958333312499999 0.57291666875 0.565277778125 0.56875 0.5875 0.56145833125 0.60416666875 0.55520833125 0.61666666875 0.5375 0.61666666875 0.53020833125 0.611111109375 0.5177083312499999 0.5930555562500001 0.50625 0.540277778125 0.48020833124999995 0.5527777781250001 0.47916666875 0.6 0.46875 0.62083333125 0.453125 0.627777778125 0.434375 0.6152777781250001 0.42708333125 0.601388890625 0.42291666875 0.576388890625 0.40729166875 0.5944444437499999 0.397916665625 0.60555555625 0.386458334375 0.625 0.369791665625 0.627777778125 0.355208334375 0.6152777781250001 0.357291665625 0.598611109375 0.346875 0.584722221875 0.32708333437500003 0.597222221875 0.309375 0.611111109375 0.29791666562499997 0.626388890625 0.29791666562499997 0.659722221875 0.309375 0.66944444375 0.338541665625 0.673611109375 0.346875 0.66805555625 0.365625 0.6805555562500001 0.40416666875 0.69305555625 0.42916666875000004 0.69305555625 0.46770833125 0.68194444375 0.49270833124999996 0.68194444375 0.521875 0.69166666875
1 0.353125 0.4765625 0.053125 0.0953125
1 0.409375 0.5703125 0.040625 0.06875
1 0.496875 0.5734375 0.0453125 0.09375
1 0.5765625 0.584375 0.046875 0.109375
1 0.653125 0.578125 0.0515625 0.1
1 0.728125 0.58125 0.0421875 0.08125
1 0.715625 0.4671875 0.04375 0.09375
1 0.7796875 0.490625 0.0421875 0.0703125
1 0.3421875 0.58125 0.0546875 0.065625
5 0.4484375 0.46875 0.0359375 0.078125
5 0.590625 0.475 0.05 0.1171875
1 0.8 0.6 0.0625 0.08125