0 0 0.6473480281249999 0.04739583125 0.648263890625 0.12760416875 0.649652778125 0.19427083125 0.649652778125 0.265104165625 0.648263890625 0.311979165625 0.65104166875 0.3453125 0.65104166875 0.3796875 0.621875 0.369270834375 0.607986109375 0.3546875 0.585763890625 0.347395834375 0.573263890625 0.338020834375 0.55520833125 0.325520834375 0.5399305562500001 0.31927083437500003 0.56354166875 0.325520834375 0.5760416687500001 0.325520834375 0.59270833125 0.322395834375 0.609375 0.313020834375 0.612152778125 0.302604165625 0.6024305562500001 0.29010416562499997 0.594097221875 0.2796875 0.5774305562500001 0.269270834375 0.559375 0.2484375 0.562152778125 0.23802083437500002 0.569097221875 0.22864583437500002 0.6024305562500001 0.21510416562499998 0.61354166875 0.19739583125 0.61354166875 0.16822916875 0.58854166875 0.15989583125 0.570486109375 0.15885416875 0.557986109375 0.13802083125 0.557986109375 0.1046875 0.569097221875 0.084895834375 0.58854166875 0.0578125 0.595486109375 0.04114583125 0.59131944375 0.025520831249999997 0.560763890625 0.01822916875 0.55243055625 0 0.55069444375 0 0.6473480281249999
0 0 0.37256944375 0.01302083125 0.355208334375 0.04114583125 0.33159722187499996 0.0578125 0.319097221875 0.080729165625 0.33159722187499996 0.099479165625 0.345486109375 0.11614583125 0.360763890625 0.12447916875000001 0.38715277812500004 0.13697916875 0.423263890625 0.15572916875 0.40520833125 0.1671875 0.363541665625 0.18489583125 0.346875 0.21510416562499998 0.32743055625 0.2453125 0.317708334375 0.275520834375 0.32743055625 0.2796875 0.351041665625 0.2859375 0.359375 0.293229165625 0.35381944375 0.308854165625 0.35243055624999997 0.322395834375 0.355208334375 0.343229165625 0.357986109375 0.3609375 0.360763890625 0.380729165625 0.37604166562499997 0.390104165625 0.373263890625 0.40572916875000004 0.362152778125 0.4234375 0.348263890625 0.4328125 0.34131944375 0.43177083125 0.36493055625 0.43489583125 0.373263890625 0.45052083125 0.351041665625 0.45677083124999995 0.31493055625 0.45260416875000004 0.285763890625 0.44322916875 0.24965277812500003 0.42239583124999996 0.232986109375 0.40989583124999995 0.23020833437500002 0.40364583125 0.235763890625 0.4015625 0.259375 0.4140625 0.267708334375 0.40885416875 0.276041665625 0.39947916562499997 0.273263890625 0.388020834375 0.267708334375 0.3796875 0.276041665625 0.3609375 0.282986109375 0.340104165625 0.282986109375 0.3078125 0.276041665625 0.286979165625 0.26909722187499996 0.253645834375 0.260763890625 0.2234375 0.256597221875 0.1859375 0.257986109375 0.16197916875 0.273263890625 0.13697916875 0.284375 0.11614583125 0.288541665625 0.1015625 0.276041665625 0.069270834375 0.25381944375 0.03802083125 0.246875 0.005729165625 0.248263890625 0 0.24949596562499998 0 0.37256944375
1 0.390625 0.4375 0.05625 0.1546875
1 0.321875 0.3828125 0.0765625 0.1046875
1 0.2234375 0.36875 0.11875 0.1765625
5 0.29375 0.578125 0.0625 0.090625
5 0.053125 0.578125 0.059375 0.046875
2 0.4875 0.4015625 0.0359375 0.0546875
3 0.9828125 0.35 0.034375 0.15625
3 0.9609375 0.190625 0.078125 0.1875
3 0.84375 0.34375 0.1203125 0.14375
3 0.834375 0.1734375 0.1375 0.175
3 0.95625 0.90625 0.0875 0.1875