0 0.415625 0.39166666562499997 0.409375 0.370833334375 0.388541665625 0.35694444375 0.382291665625 0.35694444375 0.371875 0.365277778125 0.359375 0.379166665625 0.347916665625 0.39444444375 0.341666665625 0.384722221875 0.320833334375 0.36944444375 0.3125 0.365277778125 0.308333334375 0.386111109375 0.29791666562499997 0.415277778125 0.286458334375 0.4 0.28020833437500003 0.377777778125 0.26875 0.386111109375 0.2625 0.40972222187499996 0.263541665625 0.43055555625 0.273958334375 0.44305555625000004 0.291666665625 0.45416666875 0.307291665625 0.459722221875 0.310416665625 0.459722221875 0.310416665625 0.45833333125 0.310416665625 0.44583333124999996 0.310416665625 0.43194444374999996 0.3125 0.415277778125 0.322916665625 0.4125 0.341666665625 0.42222222187499997 0.354166665625 0.436111109375 0.366666665625 0.45416666875 0.370833334375 0.426388890625 0.375 0.415277778125 0.39166666562499997 0.395833334375 0.4 0.397222221875 0.41666666875 0.4 0.415625 0.39166666562499997
0 0.56666666875 0.427777778125 0.57708333125 0.40972222187499996 0.590625 0.38194444375000003 0.603125 0.372222221875 0.61458333125 0.366666665625 0.61666666875 0.35 0.59479166875 0.34305555625 0.56979166875 0.352777778125 0.5447916687500001 0.354166665625 0.52083333125 0.338888890625 0.48125 0.326388890625 0.44479166875000004 0.32916666562499997 0.43125 0.34722222187499996 0.40729166875 0.35694444375 0.40625 0.39305555625 0.409375 0.40555555625000006 0.42604166875000005 0.423611109375 0.434375 0.43055555625 0.44583333124999996 0.42916666875000004 0.45104166875 0.40694444374999994 0.45208333125 0.39027777812500003 0.45625 0.375 0.46458333124999995 0.366666665625 0.471875 0.361111109375 0.48854166875000005 0.35694444375 0.496875 0.361111109375 0.5135416687500001 0.376388890625 0.52708333125 0.39166666562499997 0.546875 0.413888890625 0.55 0.44166666875000005 0.559375 0.461111109375 0.56666666875 0.427777778125
0 0.75833333125 0.354166665625 0.7479166687500001 0.361111109375 0.73854166875 0.375 0.728125 0.36805555624999997 0.71041666875 0.354166665625 0.69479166875 0.35555555625 0.678125 0.366666665625 0.66145833125 0.35972222187499997 0.6375 0.35 0.62604166875 0.34027777812500004 0.61666666875 0.3625 0.63645833125 0.379166665625 0.653125 0.401388890625 0.659375 0.4375 0.6625 0.45277777812500003 0.675 0.43333333124999995 0.68645833125 0.40694444374999994 0.69583333125 0.39166666562499997 0.7125 0.39305555625 0.71875 0.415277778125 0.72708333125 0.4375 0.73125 0.44444444375 0.73541666875 0.43055555625 0.74270833125 0.40833333125 0.75 0.397222221875 0.75520833125 0.388888890625 0.76145833125 0.376388890625 0.75833333125 0.354166665625
0 0.353125 0.70555555625 0.37395833437500003 0.723611109375 0.388541665625 0.726388890625 0.403125 0.7125 0.4 0.7 0.395833334375 0.6805555562500001 0.3875 0.66666666875 0.37604166562499997 0.640277778125 0.363541665625 0.627777778125 0.365625 0.62083333125 0.354166665625 0.598611109375 0.340625 0.626388890625 0.335416665625 0.661111109375 0.34270833437500003 0.690277778125 0.353125 0.70555555625
0 0.55208333125 0.575 0.5447916687500001 0.5694444437499999 0.534375 0.5930555562500001 0.5291666687500001 0.61666666875 0.525 0.64444444375 0.50833333125 0.64305555625 0.50729166875 0.640277778125 0.49895833125 0.62083333125 0.48541666875 0.597222221875 0.47916666875 0.575 0.471875 0.5694444437499999 0.46041666875000004 0.5930555562500001 0.45416666875 0.60694444375 0.44166666875000005 0.60694444375 0.43125 0.5958333312499999 0.42291666875 0.573611109375 0.41145833125 0.6125 0.41145833125 0.6319444437499999 0.41354166875000004 0.6625 0.41666666875 0.6972222218749999 0.41354166875000004 0.709722221875 0.43020833124999996 0.715277778125 0.45 0.715277778125 0.4625 0.709722221875 0.465625 0.69305555625 0.49375 0.69305555625 0.51041666875 0.6875 0.5375 0.675 0.5447916687500001 0.66944444375 0.56770833125 0.6583333312499999 0.57291666875 0.6319444437499999 0.5645833312499999 0.625 0.55729166875 0.6 0.55208333125 0.575
0 0.60104166875 0.609722221875 0.59375 0.63055555625 0.57083333125 0.638888890625 0.55416666875 0.659722221875 0.55416666875 0.67083333125 0.57291666875 0.67916666875 0.596875 0.672222221875 0.61354166875 0.663888890625 0.62916666875 0.6569444437499999 0.6375 0.6541666687500001 0.64895833125 0.64583333125 0.66458333125 0.6319444437499999 0.67604166875 0.6180555562500001 0.67604166875 0.5944444437499999 0.66354166875 0.5694444437499999 0.64791666875 0.588888890625 0.63645833125 0.586111109375 0.62395833125 0.573611109375 0.61875 0.56805555625 0.61041666875 0.588888890625 0.60104166875 0.609722221875
5 0.278125 0.471875 0.0296875 0.071875
5 0.334375 0.4515625 0.0546875 0.1296875
1 0.4140625 0.440625 0.0765625 0.1296875
1 0.559375 0.4609375 0.0484375 0.11875
1 0.65 0.428125 0.0578125 0.1125
5 0.64375 0.565625 0.05625 0.0765625
5 0.5859375 0.578125 0.0765625 0.115625
5 0.515625 0.5875 0.0765625 0.109375
5 0.4515625 0.5828125 0.065625 0.09375
1 0.6796875 0.6875 0.0546875 0.053125
1 0.66875 0.546875 0.0421875 0.05625
5 0.7390625 0.46875 0.0703125 0.0796875