5 0.646875 0.2953125 0.0453125 0.16875
5 0.571875 0.2953125 0.0734375 0.1515625
5 0.55625 0.421875 0.0828125 0.0734375
5 0.64375 0.43125 0.0484375 0.0578125
5 0.4140625 0.0875 0.075 0.1109375
5 0.428125 0.1625 0.090625 0.0890625
5 0.4359375 0.221875 0.09375 0.0515625
5 0.459375 0.3078125 0.0671875 0.0765625
5 0.453125 0.403125 0.0796875 0.109375
5 0.34375 0.41875 0.0796875 0.0796875
5 0.278125 0.390625 0.078125 0.1390625
5 0.1875 0.4015625 0.078125 0.115625
5 0.221875 0.240625 0.0953125 0.1328125
5 0.14375 0.2296875 0.0703125 0.1671875
1 0.8015625 0.390625 0.075 0.0453125
1 0.8375 0.415625 0.090625 0.046875
1 0.90625 0.4375 0.0703125 0.04375
1 0.9703125 0.4359375 0.059375 0.046875
2 0.409375 0.6734375 0.0390625 0.0515625
3 0.9046875 0.7796875 0.190625 0.271875
3 0.775 0.6765625 0.1921875 0.21875