0 0.16510416875 0.262673609375 0.17864583125 0.2890625 0.18072916875 0.27378472187499997 0.18697916875 0.24878472187499998 0.19739583125 0.22239583437500002 0.20885416562499998 0.200173609375 0.219270834375 0.18072916875 0.24427083437500002 0.18072916875 0.2609375 0.21128472187499997 0.2734375 0.240451390625 0.281770834375 0.25850694375 0.30364583437500003 0.275173609375 0.3171875 0.266840278125 0.333854165625 0.259895834375 0.358854165625 0.255729165625 0.365104165625 0.25711805625 0.3703125 0.25711805625 0.3796875 0.27199900625 0.3796875 0.2049322625 0.374479165625 0.205729165625 0.340104165625 0.21128472187499997 0.3078125 0.19322916875 0.2609375 0.179340278125 0.2359375 0.165451390625 0.2015625 0.150173609375 0.16927083125 0.15572916875 0.1453125 0.2140625 0.1578125 0.23211805624999998 0.16510416875 0.262673609375
0 0.265104165625 0.44322916875 0.25885416562499997 0.452951390625 0.2484375 0.47100694374999996 0.2421875 0.5085069437499999 0.233854165625 0.53350694375 0.22239583437500002 0.5487847218749999 0.2140625 0.53072916875 0.2109375 0.5071180562500001 0.200520834375 0.473784721875 0.205729165625 0.437673609375 0.200520834375 0.43350694375 0.1921875 0.454340278125 0.18072916875 0.477951390625 0.17552083125 0.5085069437499999 0.1671875 0.52239583125 0.14947916875 0.540451390625 0.16302083125 0.5696180562500001 0.18697916875 0.58350694375 0.243229165625 0.5890625 0.271354165625 0.59322916875 0.3015625 0.5918402781250001 0.3453125 0.5890625 0.3796875 0.5890625 0.3796875 0.563090278125 0.372395834375 0.554340278125 0.3640625 0.52239583125 0.358854165625 0.500173609375 0.346354165625 0.5015625 0.3328125 0.512673609375 0.327604165625 0.5460069437499999 0.30364583437500003 0.54739583125 0.283854165625 0.5085069437499999 0.27447916562499997 0.47100694374999996 0.265104165625 0.44322916875
3 0.34375 0.3390625 0.071875 0.203125
1 0.340625 0.478125 0.0765625 0.1171875
1 0.296875 0.265625 0.075 0.115625
1 0.171875 0.2875 0.0546875 0.0953125
3 0.459375 0.0984375 0.1609375 0.196875
0 0.758171490625 0.30288633125 0.738326771875 0.296270653125 0.731381075 0.338610946875 0.7214587156250001 0.3743356125 0.704590734375 0.41006038125 0.6847460187500001 0.408737165625 0.6440643625 0.369043103125 0.6152895093749999 0.33596471562499997 0.59544479375 0.33596471562499997 0.593460275 0.361104259375 0.587506875 0.40476771562499997 0.576592296875 0.43387670624999997 0.55873201875 0.44181549999999997 0.533926121875 0.44181549999999997 0.495228984375 0.416676059375 0.48530662812500003 0.37698199374999997 0.459508434375 0.34258039375 0.44859385312500005 0.33199526874999996 0.431725875 0.34787290312499997 0.41485781875 0.37168933125 0.409896640625 0.4021214875 0.4009665 0.4299073625 0.392036440625 0.43519982500000004 0.3796875 0.43154045625000004 0.3796875 0.509601703125 0.43966371562499995 0.50135659375 0.513089184375 0.50135659375 0.578576734375 0.49871036249999995 0.6460488062499999 0.4881252375 0.691691640625 0.46695509375000005 0.753210309375 0.44181549999999997 0.781985090625 0.42461475000000004 0.8107599437499999 0.41270656250000004 0.824651259375 0.39021335 0.758171490625 0.30288633125
3 0.159375 0.65 0.1125 0.1
5 0.153125 0.815625 0.078125 0.0984375
5 0.21875 0.853125 0.08125 0.1375
0 0.3775628125 0.9652195125 0.3796875 0.965314746875 0.3796875 0.89411628125 0.3716094125 0.9122940937499999 0.355733653125 0.92817178125 0.3269588 0.914940425 0.308106225 0.859368675 0.291238246875 0.81041270625 0.26444790937499996 0.8302597374999999 0.23368853750000002 0.881862040625 0.23468083125 0.9387568 0.31009081875 0.9572807187500001 0.3775628125 0.9652195125