5 0.2953125 0.190625 0.046875 0.1078125
5 0.2890625 0.290625 0.0375 0.0984375
5 0.05625 0.159375 0.059375 0.0890625
0 1 0.20021569687500002 0.938572184375 0.176394009375 0.87674825625 0.176394009375 0.82179365625 0.1846381375 0.731118584375 0.181890078125 0.672042346875 0.170897884375 0.64593899375 0.20112644999999998 0.65555600625 0.23410302187499998 0.672042346875 0.260209528125 0.684407153125 0.21898876875 0.724249259375 0.231355015625 0.753100403125 0.265705646875 0.775082221875 0.31379653125 0.797064146875 0.24646927187499998 0.839653940625 0.20937058125000002 0.897356234375 0.22173683125000002 0.9262073781250001 0.26158352812499996 0.942693821875 0.34814716562500003 0.9605540031249999 0.37287960625 0.9742926531249999 0.339902978125 0.996274578125 0.282193909375 1 0.27412120624999997 1 0.20021569687500002
0 1 0.65213666875 0.993526784375 0.6655470218749999 0.96330179375 0.67241715 0.945441509375 0.642188534375 0.9317028593750001 0.595471653125 0.9083471968750001 0.563869084375 0.8891130625000001 0.621578153125 0.8657574 0.657302790625 0.8424016312499999 0.664172915625 0.830036825 0.6353184062499999 0.8190459656250001 0.589975690625 0.8053073187500001 0.547380821875 0.784699340625 0.5886015812500001 0.762717521875 0.627074278125 0.7393617531250001 0.6243262656249999 0.71737993125 0.610586015625 0.714632246875 0.572113265625 0.70089359375 0.530892509375 0.68715494375 0.55425095 0.66517301875 0.5968457625 0.629326890625 0.609323490625 0.64181735625 0.6353184062499999 0.6610514875 0.6504326625 0.69402426875 0.668295034375 0.7393617531250001 0.67791316875 0.7453102781250001 0.6796875 1 0.6796875 1 0.65213666875
4 0.803125 0.534375 0.075 0.0875
4 0.69375 0.521875 0.084375 0.0984375
3 0.584375 0.465625 0.0828125 0.18125
3 0.61875 0.296875 0.0953125 0.25
3 0.4546875 0.778125 0.08125 0.196875
3 0.425 0.74375 0.05 0.128125
5 0.73125 0.903125 0.090625 0.1484375