0 0 0.23836805625 0.007291668749999999 0.268923609375 0.02083333125 0.2953125 0.02291666875 0.280034721875 0.029166668750000003 0.255034721875 0.03958333125 0.22864583437500002 0.051041665624999996 0.20642360937499998 0.061458334375 0.18697916875 0.086458334375 0.18697916875 0.103125 0.21753472187499998 0.115625 0.24670139062500002 0.12395833125 0.26475694375000003 0.14583333125 0.281423609375 0.159375 0.27309027812500003 0.17604166875 0.266145834375 0.20104166562499998 0.261979165625 0.20729166562499998 0.26336805625 0.2125 0.26336805625 0.234375 0.298090278125 0.260416665625 0.30364583437500003 0.279166665625 0.2703125 0.308333334375 0.25225694375 0.346875 0.24253472187499997 0.36875 0.249479165625 0.37604166562499997 0.248090278125 0.39166666562499997 0.268923609375 0.398958334375 0.316145834375 0.40416666875 0.349479165625 0.41458333124999996 0.3453125 0.42604166875000005 0.334201390625 0.44479166875000004 0.3328125 0.44583333124999996 0.36475694375 0.43958333125 0.392534721875 0.45520833125 0.381423609375 0.48229166875 0.36336805625 0.490625 0.35225694375 0.49895833125 0.33559027812500003 0.50520833125 0.3203125 0.515625 0.30364583437500003 0.521875 0.298090278125 0.5375 0.28975694375 0.5447916687500001 0.298090278125 0.53541666875 0.36336805625 0.52083333125 0.391145834375 0.54791666875 0.380034721875 0.56354166875 0.349479165625 0.571875 0.31336805624999997 0.5796875 0.2677951375 0.5796875 0.203153003125 0.54791666875 0.173090278125 0.51458333125 0.17447916875 0.47083333125 0.21059027812500003 0.43854166875 0.19947916875 0.409375 0.21059027812500003 0.378125 0.19114583125 0.351041665625 0.17725694375 0.33125 0.17586805625 0.28020833437500003 0.20225694375 0.21666666562499998 0.211979165625 0.18229166875 0.21753472187499998 0.15 0.19947916875 0.103125 0.185590278125 0.078125 0.171701390625 0.04375 0.156423609375 0.01145833125 0.16197916875 0 0.189877715625 0 0.23836805625
0 0 0.56465010625 0.005208334375 0.57586805625 0.029166668750000003 0.58975694375 0.085416665625 0.5953125 0.11354166875 0.5994791687500001 0.14375 0.598090278125 0.1875 0.5953125 0.241666665625 0.5953125 0.267708334375 0.5953125 0.320833334375 0.610590278125 0.354166665625 0.5994791687500001 0.379166665625 0.617534721875 0.367708334375 0.6578125 0.38958333437500003 0.65364583125 0.41666666875 0.65086805625 0.434375 0.643923609375 0.446875 0.631423609375 0.45729166875000005 0.6078125 0.471875 0.617534721875 0.48229166875 0.6230902781250001 0.503125 0.61336805625 0.51458333125 0.6022569437499999 0.521875 0.571701390625 0.521875 0.530034721875 0.51145833125 0.510590278125 0.50520833125 0.534201390625 0.50520833125 0.559201390625 0.49791666875 0.58697916875 0.48541666875 0.585590278125 0.47291666875000005 0.573090278125 0.47083333125 0.568923609375 0.45833333125 0.543923609375 0.453125 0.523090278125 0.44375 0.5078125 0.43645833125 0.4953125 0.43958333125 0.531423609375 0.44270833125 0.555034721875 0.44166666875000005 0.571701390625 0.4375 0.58697916875 0.43125 0.6008680562500001 0.41458333124999996 0.605034721875 0.40104166875 0.59114583125 0.396875 0.571701390625 0.388541665625 0.523090278125 0.37604166562499997 0.48975694374999995 0.371875 0.46059027812500003 0.367708334375 0.46336805625000005 0.359375 0.49947916875000004 0.351041665625 0.523090278125 0.34479166562499997 0.5397569437499999 0.341666665625 0.56475694375 0.323958334375 0.5800347218749999 0.314583334375 0.5633680562500001 0.296875 0.530034721875 0.284375 0.5008680562500001 0.271875 0.509201390625 0.258333334375 0.5203125 0.24583333437500002 0.55364583125 0.23645833437500002 0.56197916875 0.225 0.573090278125 0.21458333437500002 0.5605902781250001 0.20625 0.52864583125 0.20104166562499998 0.506423609375 0.18854166875 0.5078125 0.175 0.518923609375 0.16979166875 0.55225694375 0.14583333125 0.55364583125 0.12604166875 0.5147569437499999 0.11666666875000001 0.47725694374999994 0.10729166875 0.44947916875000005 0.10104166875000001 0.459201390625 0.090625 0.47725694374999994 0.084375 0.5147569437499999 0.076041665625 0.5397569437499999 0.064583334375 0.555034721875 0.05625 0.5369791687500001 0.053125 0.51336805625 0.042708331249999995 0.48003472187499996 0.04791666875 0.443923609375 0.042708331249999995 0.43975694374999996 0.034375 0.46059027812500003 0.02291666875 0.484201390625 0.01770833125 0.5147569437499999 0.009375 0.52864583125 0 0.53820465625 0 0.56465010625
3 0.40625 0.3875 0.0890625 0.15
3 0.3375 0.3296875 0.1421875 0.2265625
3 0.2 0.3453125 0.1015625 0.203125
1 0.3921875 0.303125 0.071875 0.1578125
1 0.259375 0.325 0.10625 0.1390625
1 0.190625 0.484375 0.090625 0.1171875
1 0.284375 0.48125 0.075 0.103125
1 0.4234375 0.36875 0.0671875 0.1109375
1 0.1390625 0.271875 0.075 0.115625
1 0.0203125 0.29375 0.040625 0.0953125