0 0.270833334375 0.46666666875 0.279166665625 0.48333333125 0.289583334375 0.498611109375 0.298958334375 0.501388890625 0.307291665625 0.477777778125 0.30625 0.447222221875 0.3125 0.436111109375 0.319791665625 0.425 0.328125 0.4125 0.336458334375 0.40833333125 0.341666665625 0.411111109375 0.354166665625 0.425 0.366666665625 0.44583333124999996 0.379166665625 0.477777778125 0.383333334375 0.4875 0.39166666562499997 0.488888890625 0.4 0.475 0.403125 0.438888890625 0.40625 0.411111109375 0.42083333125 0.388888890625 0.43125 0.376388890625 0.44791666875 0.370833334375 0.47291666875000005 0.361111109375 0.47916666875 0.363888890625 0.49791666875 0.38055555625 0.5125 0.39444444375 0.5291666687500001 0.44305555625000004 0.53854166875 0.4625 0.546875 0.40833333125 0.5625 0.384722221875 0.5760416687500001 0.361111109375 0.5916666687500001 0.348611109375 0.61041666875 0.345833334375 0.62916666875 0.34722222187499996 0.64479166875 0.3625 0.6583333312499999 0.398611109375 0.665625 0.43194444374999996 0.6739583312499999 0.45833333125 0.68854166875 0.44583333124999996 0.69583333125 0.423611109375 0.703125 0.401388890625 0.721875 0.388888890625 0.7375 0.377777778125 0.765625 0.447222221875 0.77291666875 0.46666666875 0.77604166875 0.46944444374999994 0.7875 0.43055555625 0.79166666875 0.4 0.803125 0.365277778125 0.79166666875 0.338888890625 0.76979166875 0.31944444375000003 0.7364583312499999 0.311111109375 0.715625 0.3125 0.6895833312499999 0.315277778125 0.67083333125 0.301388890625 0.65208333125 0.291666665625 0.609375 0.286111109375 0.5875 0.286111109375 0.56770833125 0.291666665625 0.5375 0.31805555625 0.52395833125 0.311111109375 0.496875 0.298611109375 0.453125 0.29444444375 0.425 0.30555555624999997 0.396875 0.323611109375 0.395833334375 0.334722221875 0.382291665625 0.375 0.372916665625 0.395833334375 0.348958334375 0.38194444375000003 0.304166665625 0.388888890625 0.285416665625 0.40833333125 0.279166665625 0.43194444374999996 0.2625 0.40555555625000006 0.246875 0.39305555625 0.233333334375 0.384722221875 0.211458334375 0.38055555625 0.203125 0.41944444374999995 0.196875 0.44166666875000005 0.20520833437500002 0.473611109375 0.210416665625 0.498611109375 0.21458333437500002 0.502777778125 0.223958334375 0.5097222218749999 0.226041665625 0.5 0.23125 0.47083333125 0.234375 0.45833333125 0.2375 0.448611109375 0.246875 0.448611109375 0.253125 0.448611109375 0.261458334375 0.45416666875 0.270833334375 0.46666666875
0 0.47083333125 0.8666666656249999 0.51041666875 0.8625 0.5447916687500001 0.85555555625 0.584375 0.847222221875 0.6125 0.8388888874999999 0.65104166875 0.8444444437499999 0.709375 0.8416666656249999 0.74479166875 0.8166666656249999 0.759375 0.8013888874999999 0.7677083312499999 0.765277778125 0.79583333125 0.79444444375 0.8104166656249999 0.773611109375 0.8 0.73333333125 0.78854166875 0.70833333125 0.77083333125 0.686111109375 0.75833333125 0.70833333125 0.753125 0.7430555562500001 0.728125 0.748611109375 0.696875 0.734722221875 0.68125 0.72916666875 0.678125 0.738888890625 0.66354166875 0.7625 0.64166666875 0.752777778125 0.62395833125 0.734722221875 0.61458333125 0.713888890625 0.6 0.698611109375 0.590625 0.70416666875 0.58333333125 0.713888890625 0.57708333125 0.73055555625 0.5760416687500001 0.74166666875 0.56770833125 0.790277778125 0.55833333125 0.786111109375 0.546875 0.74166666875 0.525 0.73055555625 0.51145833125 0.723611109375 0.48854166875000005 0.709722221875 0.47708333124999996 0.7166666687500001 0.46770833125 0.727777778125 0.45729166875000005 0.75833333125 0.434375 0.7569444437499999 0.42083333125 0.72916666875 0.415625 0.6972222218749999 0.40625 0.675 0.383333334375 0.688888890625 0.372916665625 0.688888890625 0.35833333437500003 0.711111109375 0.34375 0.722222221875 0.32916666562499997 0.73333333125 0.325 0.709722221875 0.321875 0.686111109375 0.320833334375 0.6555555562500001 0.308333334375 0.675 0.29375 0.6875 0.294791665625 0.722222221875 0.277083334375 0.727777778125 0.26666666562499997 0.70694444375 0.255208334375 0.66666666875 0.26458333437500003 0.6375 0.2625 0.6125 0.254166665625 0.5916666687500001 0.242708334375 0.6125 0.234375 0.63055555625 0.21666666562499998 0.663888890625 0.208333334375 0.709722221875 0.2125 0.763888890625 0.23229166562499998 0.809722221875 0.286458334375 0.8375 0.32916666562499997 0.85 0.364583334375 0.8611111125 0.41145833125 0.8638888874999999 0.47083333125 0.8666666656249999
1 0.290625 0.6953125 0.078125 0.1171875
1 0.3796875 0.7328125 0.0828125 0.1515625
1 0.4671875 0.7375 0.075 0.1328125
1 0.5578125 0.75 0.0890625 0.1359375
1 0.634375 0.7125 0.084375 0.153125
1 0.7234375 0.7125 0.0828125 0.1796875
1 0.80625 0.6984375 0.075 0.1828125
3 0.53125 0.63125 0.1171875 0.271875
3 0.4703125 0.44375 0.1359375 0.2
3 0.6171875 0.434375 0.134375 0.2578125
3 0.4515625 0.64375 0.1140625 0.2359375
3 0.8 0.63125 0.078125 0.2296875
3 0.71875 0.446875 0.0875 0.165625
3 0.8046875 0.4640625 0.071875 0.184375
1 0.2484375 0.4625 0.0625 0.0875
1 0.3328125 0.453125 0.0734375 0.11875
1 0.4625 0.375 0.1078125 0.0890625
1 0.721875 0.390625 0.0515625 0.0703125
1 0.80625 0.384375 0.065625 0.0859375
2 0.184375 0.6609375 0.05625 0.1078125