5 0.315625 0.4328125 0.0703125 0.16875
5 0.403125 0.4328125 0.0734375 0.1515625
5 0.41875 0.6125 0.0828125 0.1765625
5 0.321875 0.596875 0.0671875 0.115625
5 0.5609375 0.225 0.075 0.1109375
5 0.546875 0.3 0.090625 0.0890625
5 0.553125 0.053125 0.096875 0.1046875
5 0.5390625 0.359375 0.09375 0.0515625
5 0.515625 0.4453125 0.0671875 0.0765625
5 0.521875 0.540625 0.0796875 0.109375
5 0.528125 0.640625 0.0921875 0.1078125
5 0.521875 0.775 0.0671875 0.1265625
5 0.5328125 0.921875 0.096875 0.0484375
5 0.63125 0.61875 0.0796875 0.2015625
5 0.696875 0.58125 0.078125 0.2453125
5 0.7875 0.6109375 0.078125 0.259375
5 0.753125 0.378125 0.0953125 0.1328125
5 0.83125 0.3671875 0.0703125 0.1671875