3 0.021875 0.046875 0.0421875 0.09375
3 0.1515625 0.059375 0.06875 0.11875
3 0.221875 0.0609375 0.0515625 0.121875
3 0.0875 0.05625 0.0734375 0.1109375
3 0.5375 0.1859375 0.046875 0.1171875
3 0.7140625 0.1953125 0.0359375 0.103125
3 0.4 0.8921875 0.0984375 0.215625
3 0.315625 0.915625 0.1265625 0.1671875
1 0.428125 0.9078125 0.04375 0.184375
1 0.2484375 0.9625 0.06875 0.0734375
1 0.35625 0.959375 0.0859375 0.0796875
3 0.675 0.534375 0.090625 0.153125
3 0.734375 0.4875 0.090625 0.140625
3 0.6125 0.821875 0.0859375 0.10625
3 0.5390625 0.8109375 0.071875 0.0859375
3 0.490625 0.8 0.075 0.08125
5 0.609375 0.83125 0.0671875 0.059375
5 0.4609375 0.51875 0.021875 0.1265625
5 0.675 0.528125 0.059375 0.121875
2 0.81875 0.60625 0.0578125 0.06875
3 0.65625 0.80625 0.0671875 0.0984375