0 0 0.26832837187499997 0.0046875 0.27100694375 0.01302083125 0.268229165625 0.033854168750000004 0.24600694375 0.0390625 0.255729165625 0.0453125 0.275173609375 0.056770834375 0.280729165625 0.075520834375 0.2890625 0.099479165625 0.287673609375 0.11197916875 0.279340278125 0.11614583125 0.27239583437500003 0.11927083125 0.275173609375 0.1359375 0.287673609375 0.15260416875 0.293229165625 0.1671875 0.286284721875 0.19322916875 0.277951390625 0.21302083437500002 0.27239583437500003 0.218229165625 0.27239583437500003 0.269270834375 0.262673609375 0.286979165625 0.25711805625 0.3109375 0.27239583437500003 0.328645834375 0.286284721875 0.353645834375 0.2890625 0.36822916562499997 0.2765625 0.378645834375 0.25850694375 0.3890625 0.24878472187499998 0.40052083125 0.25711805625 0.41302083125 0.252951390625 0.40885416875 0.236284721875 0.396354165625 0.216840278125 0.38385416562499997 0.19878472187500001 0.375520834375 0.165451390625 0.371354165625 0.20850694375 0.36822916562499997 0.240451390625 0.356770834375 0.259895834375 0.347395834375 0.265451390625 0.327604165625 0.2515625 0.331770834375 0.240451390625 0.30572916562499997 0.19461805625 0.297395834375 0.166840278125 0.286979165625 0.17100694375 0.277604165625 0.187673609375 0.269270834375 0.212673609375 0.261979165625 0.23072916562499998 0.250520834375 0.23072916562499998 0.23802083437500002 0.23211805624999998 0.2328125 0.212673609375 0.2265625 0.190451390625 0.2171875 0.18350694375 0.20677083437500002 0.19600694375 0.2015625 0.21961805625 0.19739583125 0.24461805625 0.18697916875 0.25434027812500004 0.18177083125 0.25850694375 0.16302083125 0.255729165625 0.14739583125 0.24878472187499998 0.14322916875 0.234895834375 0.14010416875 0.209895834375 0.1328125 0.20434027812500002 0.11927083125 0.2015625 0.10572916875 0.23211805624999998 0.1015625 0.252951390625 0.0953125 0.259895834375 0.0796875 0.25850694375 0.069270834375 0.236284721875 0.063020834375 0.2265625 0.0546875 0.209895834375 0.052604165625 0.19184027812499999 0.04739583125 0.173784721875 0.0265625 0.18350694375 0.0109375 0.2140625 0 0.20555555625 0 0.26832837187499997
5 0.390625 0.040625 0.0484375 0.0796875
5 0.3203125 0.0296875 0.04375 0.059375
5 0.315625 0.140625 0.05 0.1125
5 0.3859375 0.1625 0.0453125 0.09375
5 0.225 0.134375 0.0625 0.1203125
5 0.11875 0.140625 0.0484375 0.1546875
5 0.1640625 0.034375 0.078125 0.06875
5 0.065625 0.03125 0.1296875 0.0625
5 0.021875 0.1609375 0.04375 0.184375
5 0.0765625 0.23125 0.0546875 0.071875
1 0.4828125 0.1 0.0421875 0.0828125
3 0.028125 0.1203125 0.05625 0.228125
0 0.1203125 0.759375 0.240625 0.48125
3 0.740625 0.653125 0.1796875 0.2703125
3 0.9 0.65 0.2 0.2625