0 0.304166665625 0.44305555625000004 0.320833334375 0.461111109375 0.328125 0.46805555625000006 0.341666665625 0.45555555625000005 0.352083334375 0.448611109375 0.363541665625 0.451388890625 0.382291665625 0.45833333125 0.396875 0.463888890625 0.409375 0.461111109375 0.41458333124999996 0.4375 0.42083333125 0.41666666875 0.43125 0.401388890625 0.45729166875000005 0.386111109375 0.47291666875000005 0.39305555625 0.50625 0.41805555625 0.528125 0.438888890625 0.5375 0.47222222187499996 0.546875 0.45277777812500003 0.55208333125 0.438888890625 0.5604166687500001 0.426388890625 0.5760416687500001 0.40972222187499996 0.59270833125 0.39305555625 0.63541666875 0.372222221875 0.63958333125 0.40416666875 0.64583333125 0.427777778125 0.65104166875 0.44166666875000005 0.6541666687500001 0.44444444375 0.665625 0.45277777812500003 0.67604166875 0.451388890625 0.6875 0.44305555625000004 0.69791666875 0.434722221875 0.7052083312499999 0.41805555625 0.7125 0.4125 0.72708333125 0.411111109375 0.73333333125 0.41944444374999995 0.73854166875 0.42916666875000004 0.74375 0.44166666875000005 0.75104166875 0.44583333124999996 0.76145833125 0.44305555625000004 0.77291666875 0.426388890625 0.77708333125 0.40972222187499996 0.78645833125 0.39444444375 0.796875 0.386111109375 0.809375 0.375 0.811458334375 0.363888890625 0.8010416656249999 0.35 0.78229166875 0.354166665625 0.76145833125 0.35833333437500003 0.72291666875 0.35694444375 0.69583333125 0.351388890625 0.671875 0.354166665625 0.653125 0.35 0.6270833312499999 0.336111109375 0.596875 0.334722221875 0.58125 0.34444444375 0.57291666875 0.361111109375 0.54375 0.36944444375 0.525 0.365277778125 0.49270833124999996 0.348611109375 0.46145833124999996 0.34722222187499996 0.43541666875 0.34722222187499996 0.41145833125 0.352777778125 0.40208333124999995 0.35972222187499997 0.382291665625 0.35972222187499997 0.361458334375 0.35972222187499997 0.345833334375 0.35972222187499997 0.330208334375 0.35694444375 0.316666665625 0.35694444375 0.304166665625 0.348611109375 0.273958334375 0.34027777812500004 0.25104166562499997 0.35694444375 0.2375 0.36944444375 0.2375 0.40416666875 0.24375 0.42083333125 0.25625 0.440277778125 0.255208334375 0.42222222187499997 0.2625 0.4125 0.275 0.41666666875 0.284375 0.425 0.294791665625 0.43333333124999995 0.304166665625 0.44305555625000004
0 0.48541666875 0.70555555625 0.5020833312499999 0.70833333125 0.515625 0.711111109375 0.54270833125 0.715277778125 0.55729166875 0.715277778125 0.5760416687500001 0.7125 0.59791666875 0.711111109375 0.61354166875 0.70555555625 0.6375 0.70416666875 0.65520833125 0.6972222218749999 0.67604166875 0.6944444437499999 0.7 0.6944444437499999 0.71354166875 0.68333333125 0.72604166875 0.67916666875 0.74166666875 0.66944444375 0.74583333125 0.64583333125 0.746875 0.627777778125 0.7375 0.6152777781250001 0.7322916687500001 0.5930555562500001 0.72291666875 0.601388890625 0.72291666875 0.6319444437499999 0.71041666875 0.64305555625 0.69895833125 0.648611109375 0.68020833125 0.64583333125 0.68020833125 0.6347222218749999 0.665625 0.61944444375 0.66145833125 0.61944444375 0.6541666687500001 0.651388890625 0.64166666875 0.6625 0.63333333125 0.675 0.6229166687500001 0.673611109375 0.615625 0.66944444375 0.60416666875 0.6583333312499999 0.59270833125 0.647222221875 0.59270833125 0.67083333125 0.5916666687500001 0.6805555562500001 0.5802083312499999 0.688888890625 0.55520833125 0.698611109375 0.5447916687500001 0.69166666875 0.53125 0.665277778125 0.51979166875 0.638888890625 0.51145833125 0.62083333125 0.50833333125 0.62083333125 0.503125 0.640277778125 0.5 0.65 0.48645833125 0.6625 0.47604166875000004 0.672222221875 0.46041666875000004 0.66805555625 0.44895833124999995 0.6541666687500001 0.44166666875000005 0.6347222218749999 0.44583333124999996 0.60555555625 0.434375 0.5916666687500001 0.421875 0.60694444375 0.41770833124999995 0.6180555562500001 0.40729166875 0.622222221875 0.39375 0.622222221875 0.384375 0.61666666875 0.375 0.6 0.366666665625 0.575 0.3625 0.55694444375 0.354166665625 0.5958333312499999 0.36041666562499997 0.611111109375 0.364583334375 0.6319444437499999 0.372916665625 0.65 0.382291665625 0.6569444437499999 0.40104166875 0.661111109375 0.41666666875 0.6625 0.43229166875 0.651388890625 0.4375 0.66805555625 0.45104166875 0.686111109375 0.46875 0.6972222218749999 0.48541666875 0.70555555625
1 0.296875 0.471875 0.078125 0.1265625
1 0.3671875 0.49375 0.0859375 0.125
1 0.7484375 0.471875 0.0515625 0.1109375
1 0.79375 0.575 0.0390625 0.0734375
1 0.740625 0.5921875 0.046875 0.084375
1 0.671875 0.6078125 0.046875 0.0828125
1 0.6078125 0.621875 0.05625 0.090625
1 0.553125 0.640625 0.0828125 0.1296875
1 0.4734375 0.63125 0.0734375 0.103125
1 0.4125 0.6 0.0671875 0.08125
1 0.8375 0.496875 0.034375 0.0640625
1 0.8125 0.421875 0.0359375 0.0640625
1 0.228125 0.415625 0.059375 0.078125
5 0.6640625 0.4890625 0.053125 0.0875
5 0.5375 0.5046875 0.05625 0.134375