1 0.7796875 0.484375 0.046875 0.078125
1 0.70625 0.4703125 0.0578125 0.0984375
1 0.359375 0.465625 0.0484375 0.0828125
1 0.34375 0.575 0.0359375 0.0671875
1 0.41875 0.575 0.0453125 0.0875
1 0.653125 0.5734375 0.053125 0.0875
1 0.728125 0.5828125 0.0390625 0.0859375
1 0.78125 0.596875 0.0359375 0.0890625
1 0.825 0.60625 0.0421875 0.0734375
1 0.5515625 0.6140625 0.065625 0.0890625
1 0.54375 0.490625 0.06875 0.0734375
1 0.55 0.40625 0.046875 0.0703125
1 0.5421875 0.715625 0.059375 0.0546875
1 0.546875 0.821875 0.0640625 0.059375
1 0.546875 0.9 0.0625 0.0359375
5 0.5640625 0.3078125 0.05625 0.06875