0 0 0.29836805625 0.01822916875 0.287673609375 0.033854168750000004 0.29461805625 0.0671875 0.31961805625 0.0890625 0.340451390625 0.0984375 0.373784721875 0.1078125 0.354340278125 0.11302083125 0.340451390625 0.12135416875 0.327951390625 0.13697916875 0.311284721875 0.15364583125 0.29461805625 0.19635416875 0.27378472187499997 0.200520834375 0.30572916562499997 0.20677083437500002 0.329340278125 0.211979165625 0.343229165625 0.21510416562499998 0.34600694375 0.2265625 0.354340278125 0.236979165625 0.352951390625 0.2484375 0.34461805624999997 0.25885416562499997 0.33628472187499997 0.266145834375 0.31961805625 0.2734375 0.3140625 0.28802083437500003 0.312673609375 0.294270834375 0.32100694375 0.299479165625 0.330729165625 0.3046875 0.343229165625 0.311979165625 0.347395834375 0.322395834375 0.34461805624999997 0.333854165625 0.327951390625 0.338020834375 0.311284721875 0.347395834375 0.29600694375000003 0.3578125 0.287673609375 0.3703125 0.2765625 0.372395834375 0.265451390625 0.361979165625 0.2515625 0.343229165625 0.255729165625 0.322395834375 0.259895834375 0.283854165625 0.25850694375 0.25677083437500003 0.252951390625 0.2328125 0.255729165625 0.2140625 0.2515625 0.18802083125 0.23767360937499998 0.1578125 0.236284721875 0.1421875 0.24600694375 0.13385416875 0.262673609375 0.1046875 0.27100694375 0.0859375 0.266840278125 0.053645834375 0.250173609375 0.02239583125 0.24878472187499998 0 0.24878472187499998 0 0.29836805625
1 0.309375 0.3734375 0.0515625 0.1109375
1 0.35625 0.4640625 0.0390625 0.05
1 0.3015625 0.4703125 0.046875 0.0375
1 0.23125 0.478125 0.046875 0.021875
1 0.3984375 0.3984375 0.034375 0.0640625
1 0.3734375 0.321875 0.0359375 0.0640625
5 0.225 0.390625 0.053125 0.0875
5 0.096875 0.40625 0.05625 0.134375
3 0.4921875 0.053125 0.103125 0.10625
3 0.5890625 0.03125 0.125 0.0625
2 0.2171875 0.9828125 0.084375 0.034375
1 0.48125 0.8140625 0.1046875 0.103125