0 0 0.32118055624999997 0.01770833125 0.315625 0.026041668750000004 0.27118055625 0.03854166875 0.255902778125 0.0625 0.237847221875 0.082291665625 0.24756944375 0.10416666875 0.257291665625 0.11770833124999999 0.287847221875 0.13125 0.31284722187499997 0.14895833125 0.31006944375 0.15208333125 0.301736109375 0.159375 0.279513890625 0.18333333125 0.25034722187499997 0.196875 0.230902778125 0.219791665625 0.230902778125 0.23229166562499998 0.24618055625 0.25104166562499997 0.276736109375 0.258333334375 0.31145833437500003 0.263541665625 0.33368055625 0.272916665625 0.326736109375 0.28020833437500003 0.298958334375 0.291666665625 0.27256944375000003 0.309375 0.254513890625 0.325 0.253125 0.34375 0.275347221875 0.352083334375 0.314236109375 0.355208334375 0.34618055625 0.367708334375 0.339236109375 0.37395833437500003 0.314236109375 0.386458334375 0.292013890625 0.40208333124999995 0.264236109375 0.41145833125 0.25034722187499997 0.425 0.255902778125 0.42708333125 0.276736109375 0.428125 0.30868055625 0.43125 0.336458334375 0.43125 0.36006944375 0.440625 0.337847221875 0.45208333125 0.318402778125 0.46354166875 0.29756944375 0.46666666875 0.27118055625 0.45833333125 0.244791665625 0.43333333124999995 0.223958334375 0.41145833125 0.204513890625 0.39375 0.20590277812500002 0.372916665625 0.217013890625 0.3375 0.20590277812500002 0.314583334375 0.201736109375 0.267708334375 0.203125 0.215625 0.203125 0.17395833125 0.203125 0.14270833125 0.203125 0.1 0.20590277812500002 0.073958334375 0.18368055625 0.03333333125 0.193402778125 0.007291668749999999 0.20590277812500002 0 0.21047794375 0 0.32118055624999997
0 0 0.598904915625 0.021875 0.604513890625 0.061458334375 0.59895833125 0.097916665625 0.59895833125 0.13541666875 0.593402778125 0.16666666875 0.58368055625 0.2 0.58229166875 0.229166665625 0.57256944375 0.254166665625 0.57256944375 0.292708334375 0.58368055625 0.317708334375 0.58368055625 0.35625 0.5711805562500001 0.375 0.55868055625 0.383333334375 0.564236109375 0.4125 0.56006944375 0.42395833125 0.550347221875 0.42395833125 0.517013890625 0.4125 0.501736109375 0.394791665625 0.48784722187499996 0.375 0.475347221875 0.364583334375 0.489236109375 0.366666665625 0.5059027781250001 0.352083334375 0.518402778125 0.335416665625 0.515625 0.323958334375 0.49618055625 0.314583334375 0.48506944374999994 0.298958334375 0.467013890625 0.294791665625 0.492013890625 0.2875 0.5059027781250001 0.26875 0.518402778125 0.253125 0.51145833125 0.242708334375 0.490625 0.241666665625 0.443402778125 0.215625 0.430902778125 0.204166665625 0.48368055625000006 0.19166666875 0.501736109375 0.184375 0.50729166875 0.16666666875 0.50729166875 0.16041666875 0.49479166875 0.153125 0.478125 0.14895833125 0.455902778125 0.14270833125 0.48645833125 0.13125 0.51006944375 0.12291666875 0.515625 0.10625 0.5253472218749999 0.094791665625 0.512847221875 0.080208334375 0.479513890625 0.067708334375 0.476736109375 0.055208334375 0.48645833125 0.04583333125 0.51006944375 0.04791666875 0.51979166875 0.01875 0.53229166875 0.00104166875 0.514236109375 0 0.5203125 0 0.598904915625
1 0.36875 0.3671875 0.053125 0.0953125
1 0.3125 0.4609375 0.040625 0.06875
1 0.225 0.4640625 0.0453125 0.09375
1 0.1453125 0.475 0.046875 0.109375
1 0.06875 0.46875 0.0515625 0.1
1 0.00625 0.471875 0.0125 0.08125
1 0.0140625 0.3578125 0.028125 0.09375
1 0.3796875 0.471875 0.0546875 0.065625
5 0.2734375 0.359375 0.0359375 0.078125
5 0.13125 0.365625 0.05 0.1171875
5 0.065625 0.8359375 0.05625 0.1375
5 0.184375 0.790625 0.05625 0.109375
5 0.2875 0.809375 0.0625 0.1328125
5 0.36875 0.8296875 0.0453125 0.084375
5 0.4828125 0.803125 0.0671875 0.1453125