0 0 0.11603899375 0.008854168749999999 0.110590278125 0.025520831249999997 0.110590278125 0.049479168750000004 0.11614583125 0.0671875 0.134201390625 0.081770834375 0.16059027812499999 0.0953125 0.20225694375 0.10260416875 0.2078125 0.11197916875 0.205034721875 0.11927083125 0.181423609375 0.12447916875000001 0.15364583125 0.1328125 0.12864583125 0.14947916875 0.110590278125 0.1734375 0.0967013875 0.18177083125 0.091145834375 0.200520834375 0.105034721875 0.2140625 0.117534721875 0.2484375 0.17586805625 0.261979165625 0.185590278125 0.271354165625 0.16336805625 0.2734375 0.131423609375 0.28802083437500003 0.1203125 0.3015625 0.11475694375 0.31927083437500003 0.11336805624999999 0.3296875 0.134201390625 0.3390625 0.15364583125 0.3390625 0.14947916875 0.3359375 0.12725694375000002 0.331770834375 0.098090278125 0.309895834375 0.0689236125 0.297395834375 0.0564236125 0.266145834375 0.0564236125 0.247395834375 0.060590278124999994 0.22864583437500002 0.08142361249999999 0.221354165625 0.0564236125 0.1796875 0.05086805625 0.1515625 0.0439236125 0.1265625 0.05225694374999999 0.1109375 0.066145834375 0.096354165625 0.08142361249999999 0.081770834375 0.06753472187500001 0.0671875 0.05225694374999999 0.0390625 0.0453125 0.02135416875 0.046701387500000004 0.0078125 0.0578125 0 0.069221228125 0 0.11603899375
5 0.0234375 0.378125 0.046875 0.1203125
5 0.121875 0.384375 0.0484375 0.1546875
5 0.0734375 0.2203125 0.0765625 0.1890625
5 0.1796875 0.209375 0.1375 0.19375
5 0.3015625 0.1953125 0.09375 0.0890625
5 0.3421875 0.190625 0.0578125 0.1234375
5 0.3109375 0.384375 0.08125 0.16875
5 0.225 0.390625 0.0578125 0.15625
5 0.1625 0.453125 0.0546875 0.03125
3 0.2375 0.359375 0.109375 0.2171875
3 0.771875 0.2828125 0.1546875 0.328125
3 0.75625 0.078125 0.1203125 0.1546875
3 0.9546875 0.83125 0.090625 0.0765625