0 0.41354166875000004 0.513888890625 0.41979166875 0.538888890625 0.42916666875000004 0.55833333125 0.44166666875000005 0.559722221875 0.46145833124999996 0.51944444375 0.46666666875 0.498611109375 0.48333333125 0.488888890625 0.515625 0.490277778125 0.53958333125 0.502777778125 0.54583333125 0.536111109375 0.56145833125 0.54583333125 0.57708333125 0.538888890625 0.58229166875 0.5125 0.5875 0.4875 0.60416666875 0.47222222187499996 0.62604166875 0.47222222187499996 0.64583333125 0.461111109375 0.66458333125 0.475 0.67083333125 0.49444444374999996 0.678125 0.513888890625 0.6854166687500001 0.551388890625 0.70416666875 0.54166666875 0.7166666687500001 0.51944444375 0.7322916687500001 0.488888890625 0.72708333125 0.45694444375 0.696875 0.45416666875 0.68229166875 0.434722221875 0.65729166875 0.43333333124999995 0.61666666875 0.43333333124999995 0.59270833125 0.438888890625 0.5802083312499999 0.45 0.57291666875 0.47222222187499996 0.56770833125 0.47083333125 0.55833333125 0.45555555625000005 0.540625 0.436111109375 0.51875 0.427777778125 0.48854166875000005 0.4375 0.45729166875000005 0.45 0.44270833125 0.46805555625000006 0.4375 0.46805555625000006 0.42291666875 0.45555555625000005 0.403125 0.438888890625 0.38958333437500003 0.44305555625000004 0.37604166562499997 0.463888890625 0.352083334375 0.476388890625 0.333333334375 0.45277777812500003 0.308333334375 0.46805555625000006 0.290625 0.48333333125 0.292708334375 0.515277778125 0.304166665625 0.5291666687500001 0.31875 0.51666666875 0.338541665625 0.525 0.353125 0.55416666875 0.366666665625 0.56805555625 0.36875 0.55416666875 0.37395833437500003 0.5305555562500001 0.380208334375 0.5097222218749999 0.388541665625 0.490277778125 0.40208333124999995 0.49583333124999995 0.41354166875000004 0.513888890625
1 0.415625 0.74375 0.0453125 0.078125
1 0.4703125 0.7359375 0.065625 0.1046875
1 0.540625 0.7296875 0.05625 0.0984375
1 0.60625 0.73125 0.0578125 0.1
1 0.68125 0.725 0.0625 0.0953125
5 0.65 0.6625 0.0390625 0.0703125
5 0.578125 0.6671875 0.0375 0.08125
5 0.7125 0.575 0.0484375 0.096875
5 0.50625 0.6625 0.040625 0.0640625
3 0.403125 0.703125 0.0625 0.14375