3 0.26875 0.3 0.0328125 0.121875
3 0.309375 0.2578125 0.0671875 0.1515625
3 0.359375 0.303125 0.0578125 0.10625
3 0.340625 0.425 0.0578125 0.1140625
3 0.48125 0.4375 0.06875 0.1375
3 0.415625 0.434375 0.0734375 0.1265625
4 0.4453125 0.246875 0.10625 0.084375
4 0.3671875 0.2859375 0.059375 0.08125
4 0.678125 0.03125 0.075 0.0625
3 0.58125 0.0359375 0.09375 0.071875
3 0.703125 0.05 0.0953125 0.0984375
0 0 0.941918 0.0369207125 0.9078115906249999 0.0853498125 0.776485 0.13221670937500002 0.699877809375 0.22282596875 0.718638759375 0.263444040625 0.8155702843749999 0.28375295624999997 0.8609092437499999 0.329057765625 0.7889922781250001 0.3837358125 0.7514704375 0.418104821875 0.6154535937500001 0.29944145 0.5296875 0.019482865625 0.5296875 0 0.535143253125 0 0.941918
2 0.975 0.5953125 0.05 0.10625