1 0.4453125 0.06875 0.0921875 0.125
1 0.36875 0.1015625 0.0890625 0.121875
1 0.328125 0.2203125 0.0515625 0.0953125
1 0.275 0.2375 0.0421875 0.109375
1 0.2125 0.0109375 0.0578125 0.021875
1 0.215625 0.0859375 0.06875 0.0609375
1 0.190625 0.16875 0.075 0.0546875
1 0.184375 0.2328125 0.0875 0.090625
1 0.1875 0.3328125 0.071875 0.071875
1 0.0625 0.215625 0.0359375 0.084375
1 0.00625 0.1890625 0.0125 0.084375
1 0.0625 0.1046875 0.0515625 0.0953125
3 0.8890625 0.1578125 0.0875 0.1484375
3 0.76875 0.04375 0.0921875 0.0875
3 0.8546875 0.0453125 0.125 0.090625
3 0.9484375 0.040625 0.103125 0.08125
3 0.946875 0.159375 0.08125 0.13125
3 0.834375 0.4 0.1 0.0640625
3 0.884375 0.49375 0.0984375 0.175