0 0.734375 0.526388890625 0.71979166875 0.5319444437499999 0.71979166875 0.55833333125 0.71875 0.58055555625 0.7010416687500001 0.598611109375 0.6854166687500001 0.5930555562500001 0.66875 0.577777778125 0.659375 0.5527777781250001 0.63020833125 0.5555555562500001 0.6229166687500001 0.563888890625 0.6072916687500001 0.5944444437499999 0.590625 0.598611109375 0.56354166875 0.5916666687500001 0.54375 0.5722222218749999 0.51041666875 0.561111109375 0.48958333125 0.561111109375 0.48854166875000005 0.573611109375 0.48020833124999995 0.5916666687500001 0.45104166875 0.61666666875 0.43333333124999995 0.61666666875 0.41979166875 0.60555555625 0.41041666875000005 0.5722222218749999 0.4 0.565277778125 0.379166665625 0.5625 0.36875 0.58055555625 0.35833333437500003 0.597222221875 0.345833334375 0.60555555625 0.335416665625 0.6152777781250001 0.326041665625 0.6125 0.322916665625 0.5958333312499999 0.322916665625 0.57916666875 0.32916666562499997 0.56666666875 0.322916665625 0.54305555625 0.310416665625 0.55833333125 0.301041665625 0.576388890625 0.29375 0.588888890625 0.279166665625 0.611111109375 0.26875 0.625 0.303125 0.6541666687500001 0.336458334375 0.6541666687500001 0.383333334375 0.651388890625 0.45416666875 0.652777778125 0.52083333125 0.652777778125 0.60104166875 0.651388890625 0.67291666875 0.65 0.721875 0.648611109375 0.77708333125 0.611111109375 0.77395833125 0.575 0.74583333125 0.547222221875 0.734375 0.526388890625
0 0.355208334375 0.35694444375 0.3625 0.3625 0.36875 0.354166665625 0.372916665625 0.33055555625 0.403125 0.320833334375 0.43333333124999995 0.33055555625 0.46354166875 0.35 0.48125 0.366666665625 0.49270833124999996 0.40833333125 0.51145833125 0.426388890625 0.52395833125 0.39027777812500003 0.53229166875 0.363888890625 0.5489583312499999 0.348611109375 0.56770833125 0.334722221875 0.590625 0.322222221875 0.6072916687500001 0.334722221875 0.63541666875 0.35833333437500003 0.6541666687500001 0.383333334375 0.6583333312499999 0.384722221875 0.66666666875 0.38055555625 0.678125 0.363888890625 0.684375 0.34305555625 0.69479166875 0.334722221875 0.72395833125 0.333333334375 0.74895833125 0.336111109375 0.76666666875 0.338888890625 0.765625 0.326388890625 0.759375 0.29444444375 0.74583333125 0.27777777812500004 0.71875 0.261111109375 0.675 0.258333334375 0.6427083312499999 0.251388890625 0.61041666875 0.25 0.57916666875 0.25694444375000003 0.546875 0.279166665625 0.53229166875 0.291666665625 0.51145833125 0.2875 0.48645833125 0.276388890625 0.4625 0.261111109375 0.425 0.259722221875 0.394791665625 0.263888890625 0.361458334375 0.272222221875 0.340625 0.279166665625 0.308333334375 0.286111109375 0.2875 0.286111109375 0.26875 0.279166665625 0.260416665625 0.270833334375 0.248958334375 0.276388890625 0.239583334375 0.279166665625 0.234375 0.270833334375 0.246875 0.2625 0.244791665625 0.23888889062500002 0.23854166562499998 0.233333334375 0.226041665625 0.236111109375 0.20520833437500002 0.252777778125 0.19583333125 0.288888890625 0.19166666875 0.31805555625 0.19791666875 0.354166665625 0.213541665625 0.376388890625 0.21666666562499998 0.36805555624999997 0.215625 0.34444444375 0.225 0.351388890625 0.242708334375 0.365277778125 0.258333334375 0.376388890625 0.267708334375 0.379166665625 0.2875 0.363888890625 0.305208334375 0.361111109375 0.326041665625 0.35833333437500003 0.339583334375 0.35555555625 0.355208334375 0.35694444375
1 0.2578125 0.440625 0.05625 0.1546875
1 0.328125 0.3859375 0.0765625 0.1046875
1 0.425 0.371875 0.11875 0.1765625
5 0.353125 0.58125 0.0625 0.090625
5 0.5953125 0.58125 0.059375 0.046875
5 0.7 0.56875 0.0609375 0.0890625
5 0.9109375 0.375 0.04375 0.109375
2 0.7984375 0.3875 0.0671875 0.09375
1 0.846875 0.325 0.0578125 0.06875
2 0.159375 0.4046875 0.0359375 0.0546875