0 0.2625 0.588888890625 0.24791666562499998 0.61666666875 0.25625 0.62083333125 0.271875 0.6583333312499999 0.292708334375 0.659722221875 0.30625 0.652777778125 0.3125 0.62083333125 0.296875 0.61666666875 0.290625 0.613888890625 0.2875 0.6 0.290625 0.577777778125 0.283333334375 0.551388890625 0.271875 0.57083333125 0.2625 0.588888890625
0 0.346875 0.6569444437499999 0.338541665625 0.661111109375 0.326041665625 0.638888890625 0.32708333437500003 0.61944444375 0.323958334375 0.601388890625 0.315625 0.58055555625 0.303125 0.6152777781250001 0.289583334375 0.626388890625 0.283333334375 0.661111109375 0.298958334375 0.6625 0.309375 0.6625 0.322916665625 0.6777777781250001 0.3375 0.684722221875 0.35625 0.68333333125 0.363541665625 0.6777777781250001 0.369791665625 0.672222221875 0.365625 0.651388890625 0.346875 0.6569444437499999
0 0.48645833125 0.6805555562500001 0.50833333125 0.67916666875 0.515625 0.672222221875 0.52604166875 0.6625 0.55 0.6583333312499999 0.5645833312499999 0.67083333125 0.5802083312499999 0.672222221875 0.58645833125 0.672222221875 0.596875 0.652777778125 0.59895833125 0.64166666875 0.6072916687500001 0.64444444375 0.61666666875 0.66666666875 0.64166666875 0.66805555625 0.653125 0.659722221875 0.67083333125 0.648611109375 0.68854166875 0.676388890625 0.70208333125 0.69305555625 0.7322916687500001 0.684722221875 0.740625 0.67916666875 0.76458333125 0.6805555562500001 0.77291666875 0.6944444437499999 0.7833333312499999 0.6583333312499999 0.78020833125 0.626388890625 0.76666666875 0.60694444375 0.76145833125 0.58194444375 0.7520833312499999 0.5722222218749999 0.734375 0.60416666875 0.72916666875 0.63055555625 0.721875 0.65 0.70833333125 0.6375 0.7010416687500001 0.609722221875 0.69791666875 0.597222221875 0.68229166875 0.5930555562500001 0.6697916687500001 0.601388890625 0.66145833125 0.613888890625 0.65 0.6319444437499999 0.640625 0.640277778125 0.625 0.627777778125 0.61979166875 0.601388890625 0.61458333125 0.588888890625 0.5958333312499999 0.588888890625 0.584375 0.62083333125 0.57291666875 0.64444444375 0.55416666875 0.640277778125 0.54166666875 0.611111109375 0.53645833125 0.5944444437499999 0.51666666875 0.590277778125 0.50625 0.626388890625 0.49791666875 0.6569444437499999 0.475 0.6555555562500001 0.47291666875000005 0.6347222218749999 0.46354166875 0.611111109375 0.46041666875000004 0.5944444437499999 0.45729166875000005 0.5875 0.4375 0.590277778125 0.43020833124999996 0.611111109375 0.42395833125 0.636111109375 0.409375 0.65 0.395833334375 0.648611109375 0.388541665625 0.63333333125 0.394791665625 0.61944444375 0.396875 0.60555555625 0.396875 0.6 0.397916665625 0.58333333125 0.372916665625 0.602777778125 0.3625 0.63055555625 0.36875 0.651388890625 0.366666665625 0.66666666875 0.3875 0.673611109375 0.41875 0.67916666875 0.43020833124999996 0.673611109375 0.43854166875 0.66805555625 0.44166666875000005 0.665277778125 0.459375 0.676388890625 0.47708333124999996 0.6805555562500001 0.48645833125 0.6805555562500001
0 0.41041666875000005 0.39444444375 0.42395833125 0.4 0.434375 0.41666666875 0.45104166875 0.4375 0.46145833124999996 0.461111109375 0.46875 0.490277778125 0.47291666875000005 0.476388890625 0.48229166875 0.438888890625 0.49375 0.40972222187499996 0.521875 0.398611109375 0.54583333125 0.39444444375 0.57395833125 0.398611109375 0.59479166875 0.41805555625 0.60208333125 0.440277778125 0.61354166875 0.46666666875 0.621875 0.490277778125 0.62916666875 0.477777778125 0.634375 0.451388890625 0.64791666875 0.41666666875 0.6697916687500001 0.395833334375 0.69166666875 0.39027777812500003 0.72395833125 0.386111109375 0.740625 0.40555555625000006 0.75104166875 0.43194444374999996 0.759375 0.461111109375 0.76979166875 0.47083333125 0.78229166875 0.440277778125 0.7989583312499999 0.4125 0.8104166656249999 0.39166666562499997 0.8239583343750001 0.397222221875 0.846875 0.375 0.8010416656249999 0.377777778125 0.77708333125 0.38194444375000003 0.7625 0.376388890625 0.75104166875 0.36944444375 0.73020833125 0.35 0.7010416687500001 0.34722222187499996 0.68020833125 0.351388890625 0.65729166875 0.351388890625 0.62604166875 0.351388890625 0.61041666875 0.352777778125 0.57083333125 0.351388890625 0.5489583312499999 0.348611109375 0.521875 0.348611109375 0.48229166875 0.348611109375 0.45 0.35694444375 0.425 0.35833333437500003 0.40625 0.35833333437500003 0.38125 0.373611109375 0.367708334375 0.398611109375 0.357291665625 0.411111109375 0.346875 0.40416666875 0.33125 0.39027777812500003 0.3125 0.373611109375 0.294791665625 0.3875 0.290625 0.415277778125 0.307291665625 0.447222221875 0.31354166562499997 0.436111109375 0.308333334375 0.413888890625 0.316666665625 0.40972222187499996 0.32916666562499997 0.4125 0.3375 0.41805555625 0.345833334375 0.42916666875000004 0.357291665625 0.459722221875 0.366666665625 0.461111109375 0.37604166562499997 0.4375 0.385416665625 0.40277777812500004 0.41041666875000005 0.39444444375
5 0.234375 0.4546875 0.0578125 0.0921875
5 0.309375 0.475 0.0515625 0.0765625
5 0.2625 0.459375 0.046875 0.0640625
5 0.35625 0.4890625 0.0609375 0.128125
5 0.471875 0.5078125 0.0703125 0.096875
5 0.61875 0.5140625 0.0578125 0.1078125
5 0.76875 0.4921875 0.0421875 0.1015625
5 0.853125 0.434375 0.04375 0.1109375
5 0.9 0.425 0.034375 0.08125
5 0.884375 0.540625 0.0375 0.0703125
5 0.85625 0.5609375 0.0375 0.08125
5 0.825 0.59375 0.04375 0.0734375
5 0.775 0.6 0.059375 0.1171875
5 0.71875 0.60625 0.059375 0.0921875
5 0.640625 0.603125 0.059375 0.0875
5 0.575 0.6171875 0.071875 0.08125
5 0.3765625 0.5875 0.0609375 0.0765625
5 0.31875 0.56875 0.040625 0.0640625
5 0.265625 0.5625 0.0734375 0.10625
5 0.2234375 0.5390625 0.0328125 0.06875