5 0.134375 0.15625 0.075 0.1109375
5 0.1203125 0.23125 0.090625 0.0890625
5 0.1265625 0.01875 0.096875 0.0359375
5 0.1125 0.290625 0.09375 0.0515625
5 0.090625 0.3765625 0.0671875 0.0765625
5 0.09375 0.428125 0.0796875 0.021875
5 0.2703125 0.4140625 0.078125 0.05
5 0.328125 0.309375 0.0953125 0.1328125
5 0.40625 0.2984375 0.0703125 0.1671875
0 0.775 0.2046875 0.45 0.409375
0 1 0.504995521875 0.975520834375 0.492361109375 0.944270834375 0.490972221875 0.9182291656249999 0.490972221875 0.8942708343750001 0.49652777812500004 0.8848958343750001 0.503472221875 0.8651041656249999 0.503472221875 0.8442708343750001 0.503472221875 0.8286458343750001 0.503472221875 0.8130208343750001 0.5006944437499999 0.79947916875 0.5006944437499999 0.7869791687500001 0.492361109375 0.75677083125 0.48402777812500003 0.73385416875 0.5006944437499999 0.7203125 0.51319444375 0.7203125 0.54791666875 0.7265625 0.5645833312499999 0.7390625 0.5840277781250001 0.73802083125 0.565972221875 0.7453125 0.55625 0.7578125 0.5604166687500001 0.7671875 0.56875 0.77760416875 0.57708333125 0.7869791687500001 0.5868055562500001 0.803645834375 0.604861109375 0.8109375 0.61180555625 0.8244791656249999 0.59930555625 0.834895834375 0.592361109375 0.846354165625 0.595138890625 0.8651041656249999 0.60208333125 0.8796875 0.607638890625 0.8921875 0.604861109375 0.897395834375 0.58125 0.903645834375 0.5604166687500001 0.9140625 0.545138890625 0.940104165625 0.529861109375 0.955729165625 0.53680555625 0.9890625 0.5618055562500001 1 0.5722222218749999 1 0.504995521875
0 1 0.776996528125 0.9942708343750001 0.76458333125 0.991145834375 0.76458333125 0.9859375 0.784027778125 0.9828125 0.79375 0.9692708343750001 0.80625 0.9588541656249999 0.815972221875 0.9432291656249999 0.8118055562500001 0.9317708343750001 0.79791666875 0.924479165625 0.778472221875 0.928645834375 0.7493055562500001 0.9171875 0.73541666875 0.9046875 0.7506944437499999 0.9005208343750001 0.76180555625 0.8901041656249999 0.765972221875 0.8765625 0.765972221875 0.8671875 0.76041666875 0.8578125 0.74375 0.8494791656249999 0.71875 0.8453125 0.70069444375 0.836979165625 0.73958333125 0.8432291656249999 0.754861109375 0.8473958343750001 0.77569444375 0.8557291656249999 0.79375 0.8651041656249999 0.80069444375 0.883854165625 0.8048611125 0.899479165625 0.80625 0.915104165625 0.795138890625 0.9203125 0.8118055562500001 0.9338541656249999 0.8298611125 0.9515625 0.840972221875 0.9682291656249999 0.84930555625 0.9848958343750001 0.8520833343750001 0.9984375 0.8548611125000001 1 0.85510149375 1 0.776996528125
1 0.778125 0.615625 0.078125 0.1265625
1 0.85 0.6375 0.0859375 0.125
1 0.95625 0.775 0.0734375 0.103125
1 0.896875 0.74375 0.0671875 0.08125
1 0.7125 0.559375 0.059375 0.078125