4 0.3375 0.221875 0.0703125 0.1328125
3 0.18125 0.134375 0.0953125 0.1609375
3 0.3375 0.1546875 0.08125 0.1984375
0 0 0.273568190625 0.004011925 0.2736573625 0.080414134375 0.2630722375 0.10720446875 0.2630722375 0.174676540625 0.26571851875 0.2232961125 0.276303590625 0.2649699875 0.276303590625 0.339387678125 0.284242384375 0.369154753125 0.284242384375 0.40289078749999996 0.28159615625 0.42868890625 0.264395353125 0.42571224374999994 0.22602445625 0.397929609375 0.20353114374999998 0.377092671875 0.16912959375 0.377092671875 0.171775875 0.37510815625 0.21940877812499998 0.372131490625 0.247194703125 0.35427121562499997 0.26571851875 0.33244205625 0.24322520625 0.304659425 0.18633039375 0.28779144375 0.1598676875 0.26993116562499997 0.181037934375 0.26993116562499997 0.19823858125 0.24909423125000002 0.18236094687499999 0.231233953125 0.1598676875 0.22131159375 0.142666884375 0.21635041562500001 0.171775875 0.20345139375 0.210146821875 0.183606678125 0.2180856125 0.160785221875 0.19956175 0.147886203125 0.16912959375 0.141932728125 0.154575225 0.1270491875 0.17971471875 0.10621225000000001 0.190299790625 0.08934426875 0.16912959375 0.069499553125 0.1386974875 0.063546153125 0.1558982375 0.057592678125 0.175745271875 0.05362379375 0.1942692875 0.037747962499999996 0.202207978125 0.02385664375 0.19956175 0.0079809625 0.18633039375 0.005996365625 0.1664833625 0 0.17447945 0 0.273568190625
3 0.83125 0.1890625 0.0390625 0.0578125
3 0.70625 0.18125 0.0203125 0.0625
5 0.815625 0.915625 0.0921875 0.1125
5 0.7625 0.89375 0.08125 0.109375
5 0.68125 0.896875 0.06875 0.0828125
5 0.5484375 0.8 0.01875 0.0859375
3 0.6015625 0.8140625 0.0921875 0.1390625
0 0.577482915625 0.8228206468750001 0.5701924625 0.787383303125 0.553528690625 0.796763765625 0.5390625 0.8192298625 0.5390625 0.9216229 0.58685623125 0.9541472000000001 0.60456155 0.9541472000000001 0.618100828125 0.9353862656249999 0.63684761875 0.898906665625 0.6451795437500001 0.87284980625 0.638930559375 0.8301165718749999 0.62122531875 0.8301165718749999 0.60664449375 0.86138480625 0.578524384375 0.8645116187499999 0.577482915625 0.8228206468750001