3 0.2984375 0.196875 0.1125 0.1765625
5 0.290625 0.4 0.078125 0.0984375
5 0.359375 0.4375 0.08125 0.1375
0 0.8341407875 0.1870554375 0.830753990625 0.1379629625 0.8291796093749999 0.135453134375 0.8162805125 0.12222178125000001 0.81231163125 0.118252384375 0.8063581531249999 0.118252384375 0.793459134375 0.112959871875 0.783536775 0.115606103125 0.7775833750000001 0.11957555 0.774606634375 0.120898665625 0.7626998375 0.10766730937499999 0.7507929625 0.10766730937499999 0.743847340625 0.10766730937499999 0.73392498125 0.11163670625 0.71904144375 0.11428298750000002 0.705150128125 0.112959871875 0.68133645 0.08782028124999999 0.6356936156249999 0.06797325 0.588066265625 0.064003853125 0.561275925 0.042833656250000005 0.53250106875 0.024309790625 0.505710734375 0.01504783125 0.485866015625 0.022986625 0.465029 0.032248581250000005 0.41045603125 0.030925465625 0.36183653125 0.041510540624999995 0.315201478125 0.057388175 0.296348903125 0.0864971625 0.295356759375 0.11957555 0.308255703125 0.163239009375 0.32909271875 0.197640509375 0.34199181562500003 0.15662333125 0.3429839625 0.115606103125 0.351914175 0.0798814875 0.371758890625 0.0692963625 0.398549228125 0.0864971625 0.4144250625 0.11692926875000001 0.4293086 0.15662333125 0.4441921375 0.18573231875000001 0.45510664375000004 0.189701715625 0.46403685625 0.138099415625 0.48288927812500004 0.10634419375 0.4987650375 0.0798814875 0.518609753125 0.075912040625 0.53150885 0.091789675 0.541431209375 0.11957555 0.559291484375 0.189701715625 0.5702060624999999 0.23071889375 0.582112865625 0.1936711125 0.5940197406250001 0.15133076875 0.6178333406250001 0.12354494375 0.6446237531250001 0.11957555 0.66942965 0.142068809375 0.6962199906250001 0.18573231875000001 0.705150128125 0.24262713125 0.72201810625 0.20425618750000002 0.73690164375 0.15662333125 0.753769696875 0.15265393437500002 0.774606634375 0.180439759375 0.791474615625 0.22278009999999998 0.795443575 0.20293306875 0.799412534375 0.161915840625 0.8133038499999999 0.19234799687499998 0.8242184281249999 0.221456934375 0.8341407875 0.1870554375
0 0.815288290625 0.5218086875 0.8103271124999999 0.4874071875 0.802232165625 0.45542328125 0.797428090625 0.47946839375000005 0.788497953125 0.503284771875 0.7805600375 0.5284243656250001 0.774606634375 0.507254215625 0.7706376781250001 0.46888326874999997 0.7646842781250001 0.45432880000000003 0.759723096875 0.467560153125 0.75178518125 0.49137663125 0.73690164375 0.520485571875 0.728963803125 0.520485571875 0.724002621875 0.49137663125 0.71904144375 0.453005684375 0.7041579062500001 0.423896646875 0.6972122093750001 0.45168256875 0.68728985 0.49137663125 0.66843743125 0.503284771875 0.657522775 0.467560153125 0.63470139375 0.427866090625 0.61981785625 0.450359353125 0.5989809187499999 0.490053415625 0.582112865625 0.511223665625 0.567229328125 0.4768220625 0.553338009375 0.45168256875 0.54341565 0.43315865625 0.53746225 0.441097446875 0.5265476687499999 0.46094447812499995 0.5106719125 0.49666909375 0.49479615312499997 0.51254678125 0.466021296875 0.499315425 0.447168728125 0.443743675 0.430300746875 0.39478770625 0.40351040937500005 0.4146347375 0.3727510375 0.466237040625 0.37374333125 0.5231318 0.40043126874999996 0.5296875 0.82583645625 0.5296875 0.827195165625 0.515193009375 0.8262028718750001 0.48476095625 0.8222339875 0.497992309375 0.815288290625 0.5218086875
5 0.58125 0.6125 0.1234375 0.1671875
5 0.459375 0.596875 0.1109375 0.134375
5 0.584375 0.7703125 0.0671875 0.14375
5 0.4953125 0.775 0.0671875 0.1609375
5 0.4203125 0.771875 0.046875 0.1546875
5 0.359375 0.7765625 0.0515625 0.125
5 0.628125 0.78125 0.0578125 0.134375
5 0.259375 0.575 0.0515625 0.0890625
5 0.778125 0.7 0.040625 0.090625
5 0.7296875 0.75625 0.0328125 0.0890625
5 0.696875 0.7625 0.0046875 0.0125