0 0.268436853125 0.383398665625 0.28332039062500003 0.38472177812499997 0.307134065625 0.39001434375 0.321025384375 0.405891978125 0.33392440625 0.41647705 0.35178468125 0.42309272499999995 0.3587303 0.4217696125 0.37262161875 0.432354684375 0.398419734375 0.43632408125 0.4103266125 0.442939759375 0.41429549374999997 0.450878553125 0.416280009375 0.415153934375 0.42322563124999996 0.38207555000000004 0.43513250625 0.36222851875 0.4579538875 0.3489971625 0.47271823125 0.3508597875 0.50161228125 0.375459871875 0.533363796875 0.41912333124999995 0.550231853125 0.43103151874999995 0.568092053125 0.386044946875 0.603812603125 0.354289675 0.63953308125 0.355612840625 0.604804825 0.298717978125 0.5274104000000001 0.28416350625 0.456961665625 0.28284039375000003 0.391474115625 0.28945606874999996 0.324002046875 0.319888175 0.27637476875 0.319888175 0.23370859687499998 0.327826965625 0.21981728125000002 0.37810610312500004 0.236685334375 0.427062121875 0.247599915625 0.44029347812499997 0.259506715625 0.40853825937500005 0.268436853125 0.383398665625
3 0.3875 0.4984375 0.109375 0.16875
3 0.48125 0.459375 0.1578125 0.265625
3 0.4203125 0.696875 0.0953125 0.228125
3 0.340625 0.6796875 0.1015625 0.2046875
3 0.50625 0.665625 0.103125 0.2046875
3 0.6 0.6703125 0.096875 0.2171875
3 0.784375 0.65 0.1171875 0.2296875
3 0.71875 0.475 0.08125 0.1625
3 0.615625 0.4578125 0.165625 0.2484375
3 0.6875 0.653125 0.0953125 0.165625
3 0.2578125 0.659375 0.0984375 0.1515625