0 0.24075671562499998 0.39447575625 0.249686853125 0.369336165625 0.264570390625 0.370659278125 0.28838406562499996 0.37595184375 0.302275384375 0.391829475 0.31517440625000004 0.40241455000000004 0.33303468125 0.40903022499999997 0.3399803 0.40770711249999997 0.35387161875 0.418292184375 0.379669734375 0.42226158125 0.391576609375 0.428877259375 0.39554549375 0.436816053125 0.3975300125 0.40109143437499994 0.40447563124999997 0.36801305 0.41638250625 0.34816601875000003 0.4392038875 0.3349346625 0.45396823125 0.3367972875 0.48286228124999997 0.361397371875 0.514613796875 0.40506083125 0.5314818531250001 0.41696901875 0.549342053125 0.37198244687500004 0.5796875 0.3450056 0.5796875 0.283458065625 0.5086604 0.27010100625 0.438211665625 0.26877789375 0.37272411562499996 0.27539356875 0.305252046875 0.305825675 0.25762476875 0.305825675 0.214958596875 0.313764465625 0.20106728125 0.364043603125 0.21793533437499998 0.41299962187499994 0.22884991562499998 0.426230978125 0.24075671562499998 0.39447575625
3 0.36875 0.45 0.109375 0.1
3 0.4625 0.40625 0.1578125 0.1890625
3 0.546875 0.409375 0.065625 0.18125
3 0.1859375 0.596875 0.06875 0.1625
3 0.496875 0.6171875 0.0703125 0.1796875
3 0.240625 0.6546875 0.0625 0.14375
3 0.225 0.790625 0.065625 0.1109375
3 0.465625 0.7859375 0.05625 0.1234375
3 0.4140625 0.7875 0.0609375 0.1328125
3 0.309375 0.640625 0.0890625 0.215625