0 0.13369656875 0.149389340625 0.14758788437499998 0.165266978125 0.160486903125 0.17585204999999998 0.17834718125 0.182467728125 0.18529280312500002 0.1811446125 0.19918411875 0.191729684375 0.224982234375 0.19569908125 0.236889109375 0.20231475937500001 0.24085799375 0.210253553125 0.2428425125 0.174528934375 0.249788134375 0.14145055 0.26169500625 0.121603515625 0.28451638749999997 0.108372165625 0.29928073125 0.1102347875 0.32817478125 0.134834871875 0.35992630000000003 0.17849833125 0.376794353125 0.19040651875 0.394654553125 0.14541994375 0.430375103125 0.11366467499999999 0.46609558125 0.114987840625 0.43136732499999997 0.05809297812500001 0.353972896875 0.04353850625 0.283524165625 0.04221539375 0.21803661562499999 0.048831071875 0.150564546875 0.07926317499999999 0.10293726875 0.07926317499999999 0.0602711 0.087201965625 0.04637978125 0.137481103125 0.063247834375 0.186437125 0.074162415625 0.199668478125 0.086069215625 0.16791325625 0.09499935312499999 0.142773665625 0.10988289062500001 0.14409678125 0.13369656875 0.149389340625
3 0.2140625 0.2578125 0.109375 0.16875
3 0.309375 0.21875 0.1578125 0.265625
3 0.246875 0.440625 0.0953125 0.196875
3 0.165625 0.4375 0.1015625 0.203125
3 0.33125 0.425 0.103125 0.2046875
3 0.425 0.4296875 0.096875 0.2171875
3 0.5171875 0.234375 0.025 0.1625
3 0.4421875 0.2171875 0.165625 0.2484375
3 0.4984375 0.4109375 0.0625 0.165625
3 0.084375 0.41875 0.0984375 0.1515625
0 0.9296875 0.4890625 0.140625 0.096875
3 0.046875 0.871875 0.0921875 0.2
3 0.1828125 0.85625 0.2015625 0.23125