3 0.459375 0.078125 0.090625 0.1046875
3 0.4359375 0.165625 0.071875 0.0921875
3 0.315625 0.1578125 0.0828125 0.0796875
1 0.40625 0.14375 0.05625 0.05625
3 0.509375 0.40625 0.0828125 0.1359375
3 0.425 0.39375 0.1296875 0.109375
4 0.153125 0.3984375 0.090625 0.11875
4 0.059375 0.403125 0.0671875 0.1296875
4 0.025 0.4296875 0.05 0.121875
5 0.396875 0.559375 0.0734375 0.0921875
4 0.0203125 0.603125 0.040625 0.1171875
3 0.921875 0.703125 0.1484375 0.103125
3 0.9484375 0.625 0.103125 0.10625
3 0.70625 0.70625 0.1609375 0.1015625
3 0.9390625 0.8421875 0.121875 0.078125
3 0.9484375 0.784375 0.103125 0.0828125