3 0.5140625 0.20625 0.096875 0.265625
3 0.21875 0.16875 0.1359375 0.2296875
3 0.8359375 0.2078125 0.040625 0.059375
3 0.1375 0.4 0.2734375 0.1203125
3 0.365625 0.9328125 0.40625 0.134375
0 1 0.41776620312499996 0.9708333343750001 0.44184027812500004 0.938541665625 0.43072916875 0.909375 0.44184027812500004 0.878125 0.42239583124999996 0.8510416656249999 0.40850694374999996 0.83125 0.40711805625 0.78020833125 0.43350694375 0.7166666687500001 0.44322916875 0.68229166875 0.44878472187499996 0.65 0.43072916875 0.603125 0.416840278125 0.578125 0.402951390625 0.56875 0.39878472187499997 0.56875 0.41822916875000005 0.58645833125 0.41822916875000005 0.603125 0.44878472187499996 0.615625 0.477951390625 0.62395833125 0.49600694375 0.64583333125 0.512673609375 0.659375 0.504340278125 0.67604166875 0.49739583125 0.7010416687500001 0.49322916875 0.70729166875 0.49461805625000005 0.7125 0.49461805625000005 0.734375 0.5293402781250001 0.76041666875 0.53489583125 0.7791666687500001 0.5015625 0.8083333343750001 0.48350694375 0.846875 0.473784721875 0.86875 0.48072916875000005 0.876041665625 0.479340278125 0.891666665625 0.500173609375 0.8989583343750001 0.54739583125 0.9041666656249999 0.58072916875 0.9145833343750001 0.5765625 0.9260416656249999 0.565451390625 0.9447916656249999 0.5640625 0.9458333343750001 0.59600694375 0.9395833343750001 0.623784721875 0.9552083343750001 0.612673609375 0.9822916656249999 0.5946180562500001 0.990625 0.58350694375 0.998958334375 0.566840278125 1 0.56429398125 1 0.41776620312499996
0 1 0.8102926593750001 0.9979166656249999 0.8182291656249999 0.985416665625 0.816840278125 0.9729166656249999 0.804340278125 0.9708333343750001 0.8001736125000001 0.958333334375 0.775173609375 0.953125 0.754340278125 0.94375 0.7390625 0.936458334375 0.7265625 0.9395833343750001 0.762673609375 0.942708334375 0.786284721875 0.9416666656249999 0.8029513875 0.9375 0.8182291656249999 0.93125 0.83211805625 0.9145833343750001 0.836284721875 0.901041665625 0.8223958343750001 0.896875 0.8029513875 0.8885416656249999 0.754340278125 0.876041665625 0.72100694375 0.871875 0.691840278125 0.8677083343750001 0.6946180562500001 0.859375 0.73072916875 0.8510416656249999 0.754340278125 0.844791665625 0.77100694375 0.8416666656249999 0.7960069437499999 0.8239583343750001 0.811284721875 0.8145833343750001 0.79461805625 0.796875 0.761284721875 0.784375 0.73211805625 0.771875 0.740451390625 0.75833333125 0.7515625 0.74583333125 0.78489583125 0.7364583312499999 0.79322916875 0.725 0.804340278125 0.71458333125 0.791840278125 0.70625 0.7598958312499999 0.7010416687500001 0.737673609375 0.68854166875 0.7390625 0.675 0.750173609375 0.6697916687500001 0.78350694375 0.64583333125 0.78489583125 0.62604166875 0.74600694375 0.61666666875 0.70850694375 0.6072916687500001 0.68072916875 0.60104166875 0.690451390625 0.590625 0.70850694375 0.584375 0.74600694375 0.5760416687500001 0.77100694375 0.56875 0.780729165625 0.56875 0.824916409375 0.58541666875 0.8265625 0.61354166875 0.830729165625 0.64375 0.829340278125 0.6875 0.8265625 0.74166666875 0.8265625 0.7677083312499999 0.8265625 0.8208333343750001 0.8418402781250001 0.854166665625 0.830729165625 0.8791666656249999 0.848784721875 0.8677083343750001 0.8890625 0.889583334375 0.8848958343750001 0.916666665625 0.8821180562500001 0.934375 0.8751736125 0.946875 0.8626736125000001 0.9572916656249999 0.8390625 0.971875 0.848784721875 0.9822916656249999 0.854340278125 1 0.8460763874999999 1 0.8102926593750001
3 0.90625 0.61875 0.0890625 0.15
3 0.8375 0.5609375 0.1421875 0.2265625
3 0.7 0.5765625 0.1015625 0.203125
1 0.8921875 0.534375 0.071875 0.1578125
1 0.759375 0.55625 0.10625 0.1390625
1 0.690625 0.715625 0.090625 0.1171875
1 0.784375 0.7125 0.075 0.103125
1 0.9234375 0.6 0.0671875 0.1109375
1 0.6390625 0.503125 0.075 0.115625