3 0.15625 0.0421875 0.1171875 0.084375
3 0.296875 0.16875 0.109375 0.153125
2 0.3484375 0.028125 0.078125 0.05625
1 0.9375 0.3125 0.1234375 0.103125
4 0.4671875 0.6328125 0.265625 0.40625
1 0.16875 0.5953125 0.33125 0.33125
1 0.4046875 0.9234375 0.178125 0.153125
1 0.5546875 0.9390625 0.090625 0.121875
1 0.215625 0.9203125 0.1875 0.159375
5 0.9828125 0.7203125 0.034375 0.178125
5 0.88125 0.440625 0.090625 0.0234375
5 0.8890625 0.46875 0.09375 0.0515625
5 0.9125 0.5546875 0.0671875 0.0765625
5 0.90625 0.65 0.0796875 0.109375
5 0.9 0.75 0.0921875 0.1078125
5 0.90625 0.884375 0.0671875 0.1265625
5 0.796875 0.728125 0.0796875 0.2015625
5 0.73125 0.690625 0.078125 0.2453125
5 0.640625 0.7203125 0.078125 0.259375
5 0.675 0.490625 0.0953125 0.1234375
5 0.615625 0.49375 0.03125 0.1296875