3 0.3109375 0.1125 0.0375 0.1828125
3 0.2890625 0.3859375 0.08125 0.234375
3 0.203125 0.35 0.1015625 0.2109375
3 0.14375 0.378125 0.1 0.2078125
3 0.0546875 0.346875 0.109375 0.2125
3 0.0140625 0.334375 0.028125 0.2265625
5 0.021875 0.13125 0.0421875 0.1234375
5 0.3109375 0.075 0.0375 0.1234375
5 0.0125 0.39375 0.025 0.1765625
5 0.2609375 0.359375 0.078125 0.16875
0 0.48349277187500006 0.133572634375 0.447353315625 0.10268460312500001 0.4133397125 0.052491553125 0.4154655625 0.11040661562500001 0.44522746875 0.145155646875 0.46010841874999997 0.172182675 0.487744471875 0.245541746875 0.515380528125 0.33820584062500003 0.53451318125 0.34206684374999996 0.560023384375 0.31890081875 0.579156040625 0.25326375625 0.60679209375 0.179904684375 0.645057396875 0.141294640625 0.6493090968749999 0.11812861875 0.5812818875 0.12585063125 0.5493941343750001 0.141294640625 0.48349277187500006 0.133572634375
0 0.749224065625 0.12585063125 0.70670705625 0.11812861875 0.6726934531250001 0.071796575 0.668441753125 0.11812861875 0.685448553125 0.195348696875 0.70032950625 0.260985765625 0.717336309375 0.29187379375 0.75772746875 0.245541746875 0.789615221875 0.218514721875 0.7981186218749999 0.257124759375 0.806622025 0.322761825 0.8108737250000001 0.30731780937500003 0.8215029749999999 0.23395873749999999 0.832132228125 0.1605996625 0.8087478750000001 0.12971163125000001 0.774734265625 0.12585063125 0.749224065625 0.12585063125
0 0.40058460937499996 0.12198962499999999 0.40058460937499996 0.064074565625 0.3296875 0.078185740625 0.3296875 0.322902225 0.347438353125 0.3111788125 0.3495642 0.24940275 0.35381589999999996 0.172182675 0.40058460937499996 0.12198962499999999
2 0.925 0.453125 0.0765625 0.13125
2 0.759375 0.39375 0.09375 0.2484375
2 0.646875 0.334375 0.1234375 0.3515625
2 0.428125 0.315625 0.14375 0.36875