3 0.3171875 0.140625 0.084375 0.2796875
3 0.2625 0.14375 0.1953125 0.2859375
3 0.13125 0.2140625 0.178125 0.253125
3 0.04375 0.171875 0.0875 0.3203125
3 0.028125 0.134375 0.05625 0.26875
5 0.30625 0.1046875 0.0703125 0.1125
5 0.20625 0.1609375 0.0703125 0.121875
5 0.06875 0.234375 0.0546875 0.159375
3 0.5421875 0.059375 0.065625 0.11875
3 0.484375 0.053125 0.053125 0.1046875
3 0.6078125 0.0125 0.10625 0.0234375
3 0.596875 0.065625 0.05 0.0921875
4 0.6984375 0.084375 0.034375 0.0671875
4 0.634375 0.078125 0.0375 0.0734375
5 0.025 0.90625 0.0484375 0.075
5 0.11875 0.8765625 0.115625 0.075
5 0.2578125 0.86875 0.1484375 0.09375
5 0.315625 0.7703125 0.0859375 0.075
5 0.215625 0.78125 0.10625 0.0859375
5 0.128125 0.8 0.096875 0.075
5 0.040625 0.809375 0.08125 0.0578125
1 0.66875 0.7515625 0.034375 0.06875
1 0.7140625 0.796875 0.0484375 0.1203125
1 0.7640625 0.771875 0.0296875 0.06875
1 0.81875 0.584375 0.0359375 0.0953125
2 0.690625 0.521875 0.0359375 0.071875
5 0.803125 0.646875 0.0453125 0.0859375
5 0.8203125 0.7265625 0.0484375 0.0796875
1 0.7609375 0.534375 0.04375 0.0828125