3 0.390625 0.109375 0.0859375 0.10625
3 0.4484375 0.1 0.040625 0.0859375
5 0.39375 0.1203125 0.0671875 0.059375
3 0.346875 0.09375 0.0671875 0.0984375
0 1 0.569034853125 0.98609798125 0.56555935 0.9487497062499999 0.576063553125 0.9289084375 0.570811446875 0.9043986343749999 0.521791840625 0.8670503625 0.53054534375 0.846041959375 0.562057946875 0.897395834375 0.58306635 0.91957136875 0.62333245625 0.944081175 0.661847865625 0.9627553125 0.6443408625 0.9837637156250001 0.61983105625 1 0.6103010624999999 1 0.569034853125
0 0.7643426125 0.61282825625 0.77718108125 0.6635985625 0.8110279531250001 0.6460915625 0.82503355625 0.61983105625 0.84254055625 0.60407475625 0.834370621875 0.54280024375 0.799356615625 0.58131565 0.757339809375 0.560307246875 0.707153071875 0.56731005 0.7176572718750001 0.5988226531249999 0.7643426125 0.61282825625
0 0.62662085625 0.618080359375 0.644127859375 0.6495929625 0.666303396875 0.6670999656250001 0.676807596875 0.6355873625 0.690813203125 0.6005733531249999 0.6943146 0.56555935 0.6616348624999999 0.570811446875 0.634790790625 0.57956495 0.59744251875 0.576063553125 0.59160685 0.6005733531249999 0.62662085625 0.618080359375
0 0.5075732375 0.626833859375 0.540252975 0.6425901625 0.5624285125 0.682856265625 0.574099846875 0.6565957625000001 0.5881054531250001 0.628584559375 0.5857711812499999 0.57956495 0.556592846875 0.576063553125 0.536751575 0.558556546875 0.50290470625 0.56731005 0.49590189999999995 0.597071953125 0.5075732375 0.626833859375
0 1 0.84921895 0.99193365 0.840419290625 0.9685909781250001 0.85967699375 0.9277413062500001 0.8981923999999999 0.897395834375 0.85967699375 0.8810559625 0.8754333000000001 0.8682174937499999 0.8999431031249999 0.833203490625 0.8859375 0.80986081875 0.86492909375 0.7841838812499999 0.884186796875 0.7608412125 0.908696603125 0.7608412125 0.941959909375 0.7841838812499999 0.92445290625 0.8203650218749999 0.9332064062500001 0.8530447593750001 0.9349571093750001 0.8787217 0.9139487031250001 0.9114014375 0.903444503125 0.942914040625 0.91219800625 0.969758109375 0.8964416999999999 0.984930846875 0.908696603125 1 0.9043216875000001 1 0.84921895
0 0.6581334625 0.8981923999999999 0.647629259375 0.8684304968750001 0.64179359375 0.8386685937499999 0.63012225625 0.86142769375 0.6149495218750001 0.8929403031250001 0.60911385625 0.929705009375 0.6254537250000001 0.9332064062500001 0.66396913125 0.9332064062500001 0.723492940625 0.9349571093750001 0.745668475 0.9332064062500001 0.76667688125 0.91219800625 0.7550055437500001 0.8999431031249999 0.72932860625 0.8351671906250001 0.718824403125 0.842169990625 0.701317403125 0.8771839968749999 0.6884789312499999 0.894691003125 0.6581334625 0.8981923999999999
4 0.484375 0.684375 0.0296875 0.0828125
4 0.525 0.6859375 0.0671875 0.146875
4 0.6140625 0.69375 0.0984375 0.1953125
4 0.734375 0.690625 0.1328125 0.221875
4 0.8703125 0.6625 0.121875 0.234375
4 0.96875 0.6859375 0.0609375 0.16875
3 0.9640625 0.6828125 0.071875 0.215625
3 0.8765625 0.6875 0.1453125 0.2375