3 0.56875 0.209375 0.1234375 0.259375
3 0.55 0.40625 0.1171875 0.0875
1 0.975 0.171875 0.046875 0.0515625
1 0.928125 0.159375 0.0390625 0.065625
1 0.9921875 0.178125 0.015625 0.04375
3 0.9796875 0.134375 0.040625 0.1265625
3 0.928125 0.13125 0.05 0.09375
3 0.896875 0.046875 0.0828125 0.0921875
1 0.85 0.134375 0.0390625 0.0515625
1 0.79375 0.1125 0.0375 0.0546875
5 0.3125 0.7 0.0546875 0.10625
5 0.021875 0.653125 0.04375 0.0546875
5 0.9484375 0.6671875 0.103125 0.184375
5 0.8296875 0.7 0.075 0.1953125
5 0.7171875 0.7328125 0.1140625 0.121875
5 0.9234375 0.959375 0.059375 0.08125
5 0.834375 0.95625 0.0359375 0.0859375
5 0.728125 0.975 0.0984375 0.05