3 0.44375 0.19375 0.1140625 0.225
3 0.3578125 0.28125 0.078125 0.1828125
3 0.3265625 0.5 0.103125 0.1203125
3 0.228125 0.4875 0.1015625 0.14375
3 0.16875 0.5015625 0.1 0.115625
3 0.06875 0.484375 0.1328125 0.1484375
3 0.028125 0.475 0.0546875 0.16875
5 0.034375 0.303125 0.06875 0.1234375
5 0.353125 0.24375 0.0703125 0.1234375
5 0.025 0.5171875 0.05 0.084375
5 0.2875 0.503125 0.078125 0.1140625
3 0.2 0.809375 0.075 0.115625
2 0.9125 0.634375 0.096875 0.109375
2 0.9828125 0.63125 0.034375 0.0984375
2 0.809375 0.6875 0.10625 0.1015625