3 0.159375 0.2328125 0.0796875 0.13125
3 0.1515625 0.1234375 0.0765625 0.0890625
3 0.10625 0.225 0.053125 0.0671875
3 0.9296875 0.103125 0.140625 0.20625
3 0.9265625 0.2953125 0.146875 0.165625
5 0.296875 0.653125 0.03125 0.16875
5 0.121875 0.7125 0.090625 0.3375
2 0.45625 0.675 0.0234375 0.0375
1 0.628125 0.6890625 0.0265625 0.0421875
3 0.4671875 0.790625 0.034375 0.0796875
3 0.4953125 0.7828125 0.034375 0.0703125
3 0.5203125 0.7875 0.0359375 0.0671875
3 0.546875 0.7953125 0.034375 0.065625
3 0.571875 0.7875 0.0421875 0.0734375
3 0.60625 0.79375 0.034375 0.0734375
4 0.4546875 0.803125 0.028125 0.0359375
4 0.496875 0.8046875 0.03125 0.0359375
4 0.5828125 0.6875 0.0203125 0.040625
5 0.534375 0.69375 0.0234375 0.0484375
5 0.634375 0.79375 0.0296875 0.0421875
5 0.5765625 0.7875 0.0328125 0.05625