3 0.2578125 0.340625 0.1359375 0.2640625
3 0.8109375 0.296875 0.1140625 0.225
3 0.725 0.384375 0.078125 0.1828125
3 0.69375 0.659375 0.103125 0.234375
3 0.596875 0.625 0.1015625 0.2109375
3 0.5375 0.65 0.1 0.2078125
3 0.4375 0.6203125 0.1328125 0.2125
3 0.375 0.6078125 0.09375 0.2265625
3 0.321875 0.6375 0.1375 0.2375
3 0.240625 0.5828125 0.0921875 0.2390625
5 0.396875 0.40625 0.08125 0.1234375
5 0.721875 0.346875 0.0703125 0.1234375
5 0.371875 0.66875 0.0953125 0.1765625
5 0.6546875 0.634375 0.078125 0.16875