3 0.5578125 0.1125 0.084375 0.225
3 0.0671875 0.0859375 0.134375 0.171875
3 0.1828125 0.0984375 0.16875 0.196875
3 0.33125 0.096875 0.1484375 0.1921875
3 0.4421875 0.084375 0.18125 0.1671875
3 0.315625 0.784375 0.1796875 0.203125
3 0.4375 0.7921875 0.153125 0.1625
3 0.04375 0.771875 0.0859375 0.115625
0 0.359375 0.665625 0.1375 0.1015625
5 0.921875 0.3828125 0.065625 0.0875
5 0.796875 0.3875 0.0609375 0.08125
5 0.671875 0.378125 0.0546875 0.078125
1 0.90625 0.515625 0.0765625 0.0609375
1 0.821875 0.5125 0.065625 0.0828125
1 0.753125 0.496875 0.059375 0.084375
2 0.6125 0.340625 0.025 0.059375
3 0.984375 0.36875 0.03125 0.1234375