3 0.3671875 0.24375 0.078125 0.2359375
3 0.309375 0.2625 0.065625 0.2203125
3 0.40625 0.3296875 0.0671875 0.2359375
3 0.46875 0.3078125 0.0796875 0.240625
3 0.9578125 0.3515625 0.084375 0.15625
3 0.9390625 0.0828125 0.05 0.09375
3 0.8828125 0.190625 0.0828125 0.103125
3 0.834375 0.11875 0.1125 0.171875
3 0.9546875 0.2046875 0.090625 0.096875
3 0.40625 0.71875 0.1296875 0.1578125
3 0.3203125 0.7625 0.134375 0.2453125
3 0.2171875 0.76875 0.1265625 0.253125
3 0.46875 0.7625 0.115625 0.1875
1 0.35625 0.728125 0.0984375 0.1765625
1 0.15 0.796875 0.06875 0.1234375
1 0.259375 0.8 0.0859375 0.1375
0 0.384375 0.834375 0.146875 0.1125