3 0.2171875 0.39375 0.128125 0.071875
3 0.61875 0.1421875 0.1375 0.284375
0 0 0.486451790625 0.012105725000000001 0.494926771875 0.037751178125 0.538208640625 0.06660239375 0.562254084375 0.085836453125 0.54462069375 0.105070640625 0.515766175 0.108276278125 0.496529809375 0.119496125 0.46286621562499997 0.140333128125 0.469278325 0.154758734375 0.47088133125000003 0.164375765625 0.483705584375 0.180404190625 0.506148053125 0.202844009375 0.5269873625 0.22528382812499997 0.54301765625 0.23810649687500002 0.53179646875 0.26054631562499997 0.49332376875 0.279780378125 0.445232884375 0.295324034375 0.4296875 0 0.4296875 0 0.486451790625
0 0.47853287812499995 0.55904795 0.50738409375 0.523781321875 0.53357375625 0.508453528125 0.517001125 0.4740874625 0.48654709062499996 0.44362985000000005 0.47260642812500003 0.4296875 0.332687528125 0.4296875 0.347099840625 0.43401172812500005 0.361525446875 0.45004202187500003 0.375950934375 0.486911628125 0.385568084375 0.5285904 0.40800778437499996 0.5077510281250001 0.432050421875 0.490117759375 0.452887425 0.499735878125 0.452887425 0.5189722156250001 0.46250445625000003 0.56385705625 0.47853287812499995 0.55904795
1 0.05625 0.6125 0.0671875 0.1203125
1 0.471875 0.596875 0.0671875 0.071875
1 0.0765625 0.959375 0.125 0.0796875
1 0.1625 0.9296875 0.1078125 0.140625
1 0.2421875 0.9296875 0.109375 0.140625
1 0.3609375 0.95625 0.115625 0.0875
1 0.478125 0.9875 0.0609375 0.0234375
3 0.409375 0.6 0.1328125 0.2390625
3 0.3109375 0.575 0.178125 0.2921875
3 0.075 0.921875 0.1109375 0.15625
3 0.1578125 0.9234375 0.115625 0.153125
3 0.259375 0.9078125 0.1265625 0.184375
3 0.3484375 0.9234375 0.115625 0.153125
2 0.90625 0.809375 0.0984375 0.1765625
2 0.7671875 0.990625 0.046875 0.0171875
2 0.834375 0.884375 0.0765625 0.10625