3 0.153125 0.0234375 0.0921875 0.046875
3 0.08125 0.021875 0.0859375 0.0421875
3 0.015625 0.253125 0.03125 0.08125
3 0.05625 0.25 0.065625 0.075
5 0.053125 0.01875 0.078125 0.0375
2 0.184375 0.075 0.103125 0.078125
3 0.0875 0.24375 0.0640625 0.075
1 0.709375 0.184375 0.075 0.1234375
1 0.6125 0.19375 0.0953125 0.1328125
1 0.859375 0.3203125 0.1078125 0.1015625
0 1 0.2331297625 0.993413115625 0.2187344875 0.985398903125 0.286061734375 0.98700171875 0.34056475937499997 0.96295908125 0.290870809375 0.9212852 0.22835269687499998 0.906859590625 0.1930860375 0.905256771875 0.24117704375 0.8972425625 0.29407688125 0.890831165625 0.346976840625 0.873199921875 0.3774344875 0.8315260406249999 0.3229314 0.8090862218750001 0.245985996875 0.799469190625 0.229955703125 0.770617978125 0.23476477812500002 0.74176688125 0.23476477812500002 0.711312853125 0.23476477812500002 0.69368160625 0.2572073375 0.6648303906249999 0.270031440625 0.6488019656249999 0.22835269687499998 0.6151423 0.19629210625 0.591099659375 0.2187344875 0.5686598375 0.23797085 0.5526314125 0.223543621875 0.5317944125 0.19949818125000002 0.51897174375 0.17545273749999998 0.49492910625000003 0.186673896875 0.475694921875 0.23636784687499998 0.45485804375 0.262016290625 0.42760964687499997 0.229955703125 0.41875 0.2500936375 0.41875 0.38499133125 0.52698595625 0.342167765625 0.7225327 0.36140419375 0.7866464 0.359801065625 0.8539658593749999 0.38865564375 0.9132709875 0.38064049375 0.991810296875 0.379037490625 1 0.376707875 1 0.2331297625
1 0.44375 0.1953125 0.05 0.121875
3 0.375 0.8125 0.0890625 0.2984375
3 0.25 0.821875 0.13125 0.25
3 0.35625 0.859375 0.0921875 0.20625
5 0.459375 0.94375 0.0796875 0.059375