3 0.31875 0.15 0.125 0.2828125
3 0.4078125 0.11875 0.115625 0.2375
3 0.275 0.3875 0.1265625 0.2765625
0 0.1265625 0.5046875 0.253125 0.215625
5 0.8953125 0.1921875 0.0328125 0.0953125
5 0.925 0.334375 0.0296875 0.059375
3 0.396875 0.7703125 0.078125 0.08125
0 0.683269140625 0.891778365625 0.7101132125 0.91985839375 0.74045868125 0.9163483906250001 0.73929155 0.884758359375 0.708946078125 0.8794933531250001 0.701943278125 0.8531683250000001 0.694940475 0.83210830625 0.686770540625 0.793498265625 0.6774334718749999 0.7636632375 0.664595003125 0.735583209375 0.648255134375 0.756643228125 0.631915265625 0.816313290625 0.58756419375 0.8830033593750001 0.55721871875 0.8882683625000001 0.55 0.883616353125 0.55 0.9264363156250001 0.602736928125 0.905818378125 0.62024393125 0.884758359375 0.652923671875 0.8338633062499999 0.683269140625 0.891778365625
4 0.728125 0.765625 0.1234375 0.1609375
4 0.596875 0.8 0.0953125 0.1984375
5 0.8875 0.7625 0.1375 0.1796875