3 0.3828125 0.2078125 0.071875 0.39375
3 0.2 0.1875 0.325 0.35
3 0.2015625 0.325 0.209375 0.2265625
3 0.740625 0.115625 0.1484375 0.1921875
3 0.7671875 0.334375 0.2140625 0.1875
3 0.25625 0.625 0.2140625 0.2
3 0.01875 0.6328125 0.0375 0.15625
3 0.284375 0.865625 0.1375 0.23125
3 0.359375 0.83125 0.0859375 0.2078125
3 0.4 0.878125 0.0359375 0.184375
3 0.35 0.66875 0.096875 0.1609375
3 0.39375 0.73125 0.0484375 0.109375
4 0.478125 0.4625 0.059375 0.046875
4 0.634375 0.653125 0.05 0.146875
4 0.596875 0.46875 0.0671875 0.0609375
5 0.778125 0.69375 0.0609375 0.11875
5 0.86875 0.7125 0.0359375 0.0984375
5 0.940625 0.4828125 0.05625 0.0875
5 0.809375 0.4625 0.0625 0.046875