3 0.1875 0.128125 0.103125 0.165625
3 0.29375 0.1453125 0.0890625 0.078125
3 0.25625 0.0625 0.1 0.1203125
3 0.340625 0.0171875 0.090625 0.034375
3 0.1703125 0.253125 0.128125 0.140625
3 0.5984375 0.35625 0.071875 0.1046875
3 0.6875 0.353125 0.034375 0.059375
3 0.584375 0.43125 0.053125 0.0390625
0 0.534375 0.346875 0.0515625 0.059375
0 0.65 0.3328125 0.0734375 0.0546875
3 0.6484375 0.378125 0.05 0.08125
0 0.5024772937499999 0.615500084375 0.22596265624999998 0.6936706625 0.419679065625 0.765587628125 0.485292909375 0.80310946875 0.47904384687499996 0.868772765625 0.261893871875 0.9109848906250001 0.44155042499999997 0.9594506218750001 0.509375 0.984197059375 0.509375 0.6079237156249999 0.5024772937499999 0.615500084375
5 0.534375 0.646875 0.0484375 0.14375
5 0.546875 0.9 0.0765625 0.11875
0 0.9234375 0.725 0.153125 0.55