3 0.2171875 0.059375 0.146875 0.11875
3 0.246875 0.24375 0.2140625 0.1875
3 0.665625 0.30625 0.1265625 0.259375
3 0.68125 0.49375 0.1171875 0.0703125
3 0.2921875 0.63125 0.2140625 0.2
3 0.0375 0.6375 0.0734375 0.15625
3 0.028125 0.8421875 0.05625 0.171875
3 0.31875 0.8703125 0.1375 0.23125
3 0.3953125 0.834375 0.0859375 0.2078125
3 0.4609375 0.884375 0.0828125 0.184375
3 0.0125 0.771875 0.025 0.16875
3 0.384375 0.671875 0.096875 0.1609375
3 0.5 0.759375 0.0171875 0.1015625
3 0.4578125 0.7359375 0.103125 0.109375
1 0.5328125 0.8875 0.0203125 0.059375
1 0.56875 0.8875 0.0265625 0.0609375