3 0.0515625 0.384375 0.103125 0.3828125
3 0.15 0.3765625 0.18125 0.3484375
3 0.2875 0.4125 0.16875 0.325
3 0.434375 0.4078125 0.1484375 0.325
3 0.51875 0.378125 0.1234375 0.3359375
3 0.234375 0.1421875 0.225 0.284375
3 0.45625 0.1296875 0.2046875 0.259375
3 0.3453125 0.984375 0.06875 0.03125
3 0.240625 0.8203125 0.0828125 0.115625
3 0.29375 0.9765625 0.0671875 0.046875
3 0.39375 0.9671875 0.0734375 0.065625
3 0.45625 0.971875 0.06875 0.0546875
3 0.4140625 0.821875 0.0984375 0.1328125
5 0.965625 0.85 0.0671875 0.075
3 0.959375 0.796875 0.08125 0.1671875
3 0.6375 0.809375 0.1046875 0.190625
3 0.8890625 0.809375 0.1171875 0.23125