3 0.184375 0.328125 0.1296875 0.103125
1 0.821875 0.346875 0.034375 0.065625
1 0.86875 0.35625 0.0484375 0.046875
1 0.91875 0.35625 0.0296875 0.0453125
1 0.9734375 0.18125 0.0359375 0.0953125
2 0.846875 0.11875 0.0359375 0.071875
5 0.959375 0.24375 0.0453125 0.0859375
5 0.975 0.3234375 0.0484375 0.0796875
1 0.915625 0.13125 0.04375 0.0828125
1 0.215625 0.64375 0.075 0.1234375
1 0.3125 0.65 0.0953125 0.1328125
1 0.0625 0.778125 0.1078125 0.1015625
0 0 0.838245496875 0.010166512499999999 0.83845299375 0.069471640625 0.8464681437499999 0.136791096875 0.8176135656250001 0.2009048 0.819216690625 0.39645154374999997 0.799980265625 0.4890625 0.836621796875 0.4890625 0.695728346875 0.46857945624999997 0.719828790625 0.447742578125 0.694180346875 0.42850839374999994 0.644486396875 0.40446575625000003 0.6332652375000001 0.391643090625 0.657310678125 0.3708060875 0.681356121875 0.3547776625 0.6957833531250001 0.332337840625 0.6765469875 0.30829520312500003 0.654104609375 0.274635534375 0.686165196875 0.25860710625 0.727843940625 0.22975589375 0.715019840625 0.212124646875 0.692577278125 0.181670615625 0.692577278125 0.152819525 0.692577278125 0.123968309375 0.687768203125 0.11435127812500001 0.703798496875 0.091911459375 0.780743896875 0.050237575 0.8352469875 0.032606334375000004 0.804789340625 0.026194937499999998 0.75188938125 0.018180725000000002 0.69898954375 0.016577909374999998 0.6508985375 0.0021523000000000002 0.686165196875 0 0.689394025 0 0.838245496875
1 0.471875 0.653125 0.034375 0.121875
3 0.653125 0.6375 0.115625 0.296875