3 0.1671875 0.071875 0.178125 0.14375
3 0.275 0.065625 0.125 0.13125
2 0.884375 0.2546875 0.05625 0.1
1 0.8921875 0.184375 0.05 0.0625
1 0.903125 0.10625 0.0671875 0.0828125
3 0.06875 0.640625 0.0796875 0.13125
3 0.059375 0.553125 0.0765625 0.0453125
3 0.021875 0.634375 0.0421875 0.0671875
2 0.959375 0.825 0.0796875 0.109375
2 0.771875 0.8375 0.0546875 0.0625
1 0.8625 0.978125 0.1171875 0.0421875
1 0.9578125 0.9546875 0.078125 0.090625
2 0.403125 0.6703125 0.0515625 0.1203125
2 0.553125 0.7296875 0.03125 0.075
2 0.6421875 0.828125 0.04375 0.078125
2 0.465625 0.7640625 0.028125 0.04375
2 0.7640625 0.96875 0.04375 0.0609375
1 0.359375 0.95625 0.040625 0.0859375
5 0.475 0.6375 0.0921875 0.1171875
5 0.3671875 0.8453125 0.05625 0.134375
5 0.35625 0.6578125 0.0359375 0.1625
4 0.6046875 0.984375 0.075 0.03125
4 0.5296875 0.9703125 0.075 0.059375
4 0.5625 0.665625 0.0546875 0.1109375