3 0.440625 0.234375 0.1296875 0.29375
3 0.36875 0.3125 0.1484375 0.2875
3 0.246875 0.303125 0.1703125 0.3140625
3 0.14375 0.3875 0.1296875 0.3171875
1 0.975 0.3609375 0.05 0.10625
1 0.921875 0.3671875 0.0734375 0.1015625
1 0.85625 0.3625 0.0546875 0.10625
1 0.9484375 0.271875 0.096875 0.05625
4 0.2078125 0.9453125 0.059375 0.109375
4 0.29375 0.9578125 0.075 0.084375
0 0.69479166875 0.9671875 0.72916666875 0.9602430562500001 0.76875 0.951909721875 0.796875 0.9435763875 0.8354166656249999 0.94913194375 0.89375 0.946354165625 0.9291666656249999 0.9213541656249999 0.94375 0.9060763875 0.952083334375 0.869965278125 0.9802083343750001 0.8991319437499999 0.994791665625 0.8782986125000001 0.984375 0.8380208343750001 0.9729166656249999 0.8130208343750001 0.9552083343750001 0.790798609375 0.942708334375 0.8130208343750001 0.9375 0.84774305625 0.9125 0.8532986125 0.88125 0.839409721875 0.865625 0.8338541656249999 0.8625 0.8435763875 0.8479166656249999 0.8671875 0.8260416656249999 0.8574652781250001 0.8083333343750001 0.839409721875 0.7989583312499999 0.8185763875 0.784375 0.8032986125000001 0.775 0.8088541656249999 0.7677083312499999 0.8185763875 0.76145833125 0.8352430562500001 0.76041666875 0.846354165625 0.7520833312499999 0.894965278125 0.74270833125 0.8907986125 0.73125 0.846354165625 0.709375 0.8352430562500001 0.69583333125 0.8282986125 0.67291666875 0.8144097218749999 0.66145833125 0.821354165625 0.65208333125 0.832465278125 0.64166666875 0.8630208343750001 0.61875 0.86163194375 0.60520833125 0.8338541656249999 0.6 0.801909721875 0.590625 0.7796875 0.56770833125 0.793576390625 0.55729166875 0.793576390625 0.54270833125 0.8157986125000001 0.528125 0.826909721875 0.51875 0.8340525781249999 0.51875 0.9563214875 0.5489583312499999 0.9657986125000001 0.5958333312499999 0.9685763875 0.65520833125 0.971354165625 0.69479166875 0.9671875
1 0.5640625 0.8375 0.0828125 0.1515625
1 0.6515625 0.84375 0.075 0.1328125
1 0.7421875 0.853125 0.0890625 0.1359375
1 0.81875 0.815625 0.084375 0.153125
1 0.9078125 0.81875 0.0828125 0.1796875
1 0.9765625 0.803125 0.046875 0.1828125
3 0.715625 0.740625 0.1171875 0.2609375
3 0.8015625 0.6390625 0.134375 0.059375
3 0.6359375 0.75 0.1140625 0.2359375
3 0.971875 0.7375 0.05625 0.2296875