3 0.1625 0.1421875 0.2171875 0.24375
3 0.34375 0.309375 0.175 0.2890625
3 0.475 0.346875 0.05 0.3703125
0 0.749079603125 0 0.7763180281250001 0.09133084062499999 0.79545068125 0.095191846875 0.820960884375 0.07202581875 0.8400935374999999 0.00638875625 0.842500328125 0 0.749079603125 0
0 0.580739796875 0.54692929375 0.559481290625 0.5237632750000001 0.5360969375 0.46198720625 0.508460884375 0.450404196875 0.5 0.527238178125 0.5 0.65 0.511258284375 0.65 0.521215984375 0.62028836875 0.55735544375 0.616427365625 0.6105017 0.6473153968750001 0.659396259375 0.62028836875 0.6487670062500001 0.51990226875 0.63813775625 0.454265203125 0.6296343531249999 0.473570225 0.6105017 0.5430682906250001 0.580739796875 0.54692929375
0 0.8252125875 0.5700953156249999 0.79545068125 0.5392072906250001 0.772066328125 0.477431225 0.740178571875 0.450404196875 0.72742346875 0.450404196875 0.72104591875 0.50445825 0.701913265625 0.5430682906250001 0.6827806125 0.527624278125 0.665773809375 0.492875240625 0.65727040625 0.60098335 0.670025509375 0.64345439375 0.7125425187500001 0.639593384375 0.742304421875 0.60484435625 0.8124574843750001 0.6125663593749999 0.8252125875 0.5700953156249999
0 0.8337159843749999 0.62028836875 0.86985544375 0.635732384375 0.905994896875 0.6318713812500001 0.8953656437499999 0.585539334375 0.865603740625 0.5392072906250001 0.8422193874999999 0.44268219062499997 0.829464284375 0.43882118437499995 0.8124574843750001 0.51990226875 0.8145833343750001 0.59712234375 0.8337159843749999 0.62028836875
0 1 0.59599374375 0.9952806125 0.5894003375 0.96977040625 0.5121802625 0.9506377562500001 0.46970921875 0.927253403125 0.454265203125 0.9144983 0.5623733125 0.9144983 0.635732384375 0.9378826531250001 0.6473153968750001 0.96764455625 0.6473153968750001 0.970600815625 0.65 1 0.65 1 0.59599374375
2 0.9859375 0.1546875 0.028125 0.265625
2 0.90625 0.13125 0.1234375 0.2625
2 0.6875 0.1265625 0.14375 0.253125
3 0.4078125 0.959375 0.1625 0.08125
3 0.10625 0.93125 0.1890625 0.1359375
0 0.378125 0.93125 0.24375 0.1375
2 0.415625 0.9578125 0.09375 0.084375
5 0.6078125 0.715625 0.065625 0.0875
5 0.73125 0.7203125 0.0609375 0.08125
5 0.859375 0.709375 0.0546875 0.078125
1 0.625 0.85 0.0765625 0.0609375
1 0.70625 0.846875 0.065625 0.0828125
1 0.778125 0.83125 0.059375 0.084375
2 0.934375 0.6765625 0.0609375 0.053125
3 0.5296875 0.70625 0.059375 0.1125