3 0.290625 0.359375 0.0921875 0.140625
3 0.3625 0.35625 0.0859375 0.140625
3 0.63125 0.371875 0.090625 0.153125
3 0.690625 0.3265625 0.090625 0.140625
3 0.56875 0.659375 0.0859375 0.10625
3 0.496875 0.65 0.071875 0.0859375
3 0.446875 0.6375 0.075 0.08125
3 0.3875 0.6328125 0.065625 0.075
5 0.5671875 0.6703125 0.0671875 0.059375
5 0.390625 0.3578125 0.078125 0.1265625
5 0.63125 0.365625 0.059375 0.121875
2 0.778125 0.44375 0.0578125 0.06875
2 0.259375 0.459375 0.103125 0.078125
3 0.6140625 0.64375 0.0671875 0.0984375
3 0.35625 0.6265625 0.0640625 0.075