3 0.10625 0.071875 0.1921875 0.14375
3 0.06875 0.45 0.115625 0.2265625
3 0.1328125 0.253125 0.1109375 0.1828125
3 0.246875 0.203125 0.2171875 0.2546875
3 0.9 0.39375 0.078125 0.115625
3 0.61875 0.35625 0.0828125 0.1421875
3 0.95625 0.34375 0.0765625 0.0984375
3 0.909375 0.5 0.0625 0.078125
3 0.875 0.4875 0.059375 0.0953125
3 0.665625 0.49375 0.059375 0.096875
3 0.71875 0.4984375 0.0546875 0.109375
3 0.85 0.384375 0.0859375 0.14375
3 0.184375 0.840625 0.1375 0.2265625
3 0.059375 0.75 0.1078125 0.18125
3 0.0375 0.9203125 0.075 0.159375
3 0.0171875 0.8421875 0.034375 0.209375
2 0.59375 0.90625 0.059375 0.078125
2 0.9015625 0.94375 0.196875 0.1125