3 0.3046875 0.03125 0.146875 0.0625
3 0.153125 0.025 0.13125 0.05
3 0.2578125 0.03125 0.090625 0.0625
3 0.2765625 0.15625 0.0765625 0.134375
3 0.421875 0.15625 0.09375 0.1390625
3 0.34375 0.153125 0.0890625 0.1640625
3 0.2125 0.1609375 0.078125 0.1375
3 0.453125 0.14375 0.0296875 0.1109375
2 0.821875 0.140625 0.059375 0.078125
5 0.4484375 0.959375 0.040625 0.08125
5 0.303125 0.946875 0.1390625 0.1046875
5 0.1578125 0.94375 0.1171875 0.08125
5 0.034375 0.940625 0.0671875 0.078125
5 0.028125 0.865625 0.05625 0.0546875
5 0.09375 0.8671875 0.09375 0.0703125
5 0.1984375 0.8703125 0.090625 0.0890625
5 0.2921875 0.8734375 0.109375 0.0625
5 0.4171875 0.8671875 0.103125 0.075
3 0.925 0.75625 0.1484375 0.3609375
3 0.8734375 0.8890625 0.153125 0.221875