3 0.209375 0.46875 0.2140625 0.18125
3 0.3015625 0.5 0.096875 0.11875
3 0.375 0.54375 0.1046875 0.0296875
2 0.690625 0.3765625 0.2109375 0.365625
1 0.3765625 0.653125 0.128125 0.1890625
1 0.2375 0.671875 0.1578125 0.225
1 0.08125 0.6453125 0.1390625 0.171875
5 0.025 0.76875 0.0484375 0.1171875
5 0.246875 0.7359375 0.1515625 0.165625
5 0.109375 0.7640625 0.1296875 0.125
5 0.446875 0.65625 0.0265625 0.1578125
5 0.240625 0.909375 0.0859375 0.18125
5 0.140625 0.915625 0.0890625 0.1671875
5 0.35 0.89375 0.0890625 0.2109375
1 0.346875 0.9671875 0.1046875 0.065625
1 0.240625 0.9625 0.0984375 0.0734375
1 0.140625 0.9625 0.1046875 0.0734375