3 0.2640625 0.16875 0.253125 0.3375
3 0.1640625 0.321875 0.1515625 0.2796875
3 0.171875 0.56875 0.178125 0.2
5 0.734375 0.315625 0.065625 0.0875
5 0.609375 0.3203125 0.0609375 0.08125
5 0.5 0.309375 0.021875 0.078125
1 0.71875 0.45 0.0765625 0.0609375
1 0.634375 0.446875 0.065625 0.0828125
1 0.565625 0.43125 0.059375 0.084375
3 0.821875 0.3015625 0.078125 0.1234375
5 0.053125 0.9703125 0.10625 0.059375
5 0.071875 0.93125 0.0375 0.059375
5 0.084375 0.8703125 0.0375 0.0859375
5 0.059375 0.8171875 0.071875 0.075
5 0.06875 0.7453125 0.05625 0.075
5 0.071875 0.709375 0.0484375 0.0203125
5 0.365625 0.73125 0.0578125 0.0625
5 0.390625 0.80625 0.0625 0.065625
5 0.396875 0.8625 0.0625 0.1015625
5 0.415625 0.9484375 0.05 0.0625
2 0.4578125 0.9765625 0.03125 0.046875
2 0.45 0.946875 0.040625 0.06875
2 0.04375 0.975 0.0390625 0.0453125
3 0.9 0.878125 0.1375 0.2421875
3 0.5234375 0.921875 0.06875 0.1546875