3 0.0984375 0.159375 0.1625 0.240625
3 0.0140625 0.190625 0.028125 0.2625
3 0.146875 0.26875 0.0859375 0.1671875
3 0.234375 0.2921875 0.084375 0.1125
3 0.159375 0.453125 0.0765625 0.23125
3 0.23125 0.4421875 0.075 0.2609375
3 0.075 0.4875 0.0765625 0.2625
3 0.025 0.484375 0.05 0.2671875
3 0.284375 0.28125 0.0625 0.0984375
3 0.290625 0.4390625 0.078125 0.175
3 0.3375 0.359375 0.0625 0.153125
0 1 0.119956896875 0.738111234375 0.046620665625 0.541270178125 0.188891090625 0.575639190625 0.3249079375 0.630317234375 0.362429778125 0.675622040625 0.43434674375000004 0.69593095625 0.389007784375 0.736549028125 0.29207625937500004 0.827158290625 0.273315309375 0.8740251875 0.3499225 0.9224542874999999 0.481249090625 0.9833812749999999 0.53753188125 1 0.488968503125 1 0.119956896875
3 0.00625 0.684375 0.0109375 0.0515625
3 0.021875 0.678125 0.034375 0.0375
3 0.046875 0.68125 0.0359375 0.0421875
3 0.071875 0.684375 0.034375 0.0484375
3 0.1 0.68125 0.0421875 0.04375
3 0.1328125 0.684375 0.034375 0.05
4 0.025 0.684375 0.03125 0.0359375
5 0.159375 0.6765625 0.0296875 0.034375
5 0.103125 0.678125 0.0328125 0.0359375