2 0.984375 0.1109375 0.03125 0.140625
2 0.91875 0.090625 0.1171875 0.1640625
2 0.6234375 0.0875 0.08125 0.1078125
5 0.5234375 0.14375 0.0875 0.1296875
3 0.6609375 0.278125 0.1359375 0.2203125
3 0.765625 0.278125 0.0953125 0.196875
3 0.55 0.303125 0.1109375 0.1890625
3 0.61875 0.140625 0.1375 0.19375
2 0.346875 0.7625 0.0625 0.0734375
2 0.296875 0.75 0.0703125 0.0828125
3 0.940625 0.575 0.11875 0.1484375
3 0.8984375 0.8296875 0.153125 0.340625
3 0.55625 0.584375 0.1046875 0.1703125
3 0.5234375 0.8140625 0.090625 0.371875
3 0.50625 0.5765625 0.0515625 0.153125