0 0.537351453125 0 0.53166168125 0.0012774499999999999 0.5088210656250001 0.014502396875 0.48838485625 0.0373456125 0.47876776562499995 0.071009196875 0.47996997500000005 0.10226825312500001 0.489587065625 0.126313696875 0.511225475 0.14314552187500001 0.530459475 0.1082796125 0.5496936625 0.103470553125 0.5677256374999999 0.11789778125000001 0.578544753125 0.13833641562500001 0.6170130281249999 0.172000025 0.62663011875 0.113088721875 0.6446621 0.086638728125 0.6554812125 0.097459190625 0.66750253125 0.115493271875 0.677119625 0.126313696875 0.6939494875000001 0.14915688124999998 0.705970809375 0.164786409375 0.715587809375 0.145550078125 0.732417675 0.131122803125 0.757662425 0.0926500875 0.7636730843749999 0.085436471875 0.788917928125 0.09505464062499999 0.805747703125 0.105875059375 0.81656690625 0.11068416875 0.829790340625 0.126313696875 0.844215978125 0.156370496875 0.852630865625 0.173202325 0.86104584375 0.205663678125 0.8706628437499999 0.24052954375 0.8862905937500001 0.25615907187500003 0.8983119125 0.26337273125 0.915141778125 0.24654090312500002 0.925960890625 0.22249546250000002 0.927163096875 0.194843215625 0.9367801 0.162381859375 0.95240785 0.131122803125 0.96322705625 0.1082796125 0.968035509375 0.066200090625 0.978854715625 0.051772815625 0.998088809375 0.048166009375 1 0.04948929375 1 0 0.7542814843750001 0 0.7468433125 0.002479678125 0.729212078125 0 0.537351453125 0
0 1 0.46131791250000004 0.9944824656250001 0.45814077500000006 0.972844053125 0.431690825 0.953609965625 0.462949878125 0.930769440625 0.49300668124999997 0.922354553125 0.5242657375 0.89350336875 0.5627385 0.89350336875 0.5362884593749999 0.881482046875 0.48579306562499996 0.8778756156249999 0.491804428125 0.86345006875 0.542299821875 0.852630865625 0.5651430093750001 0.8394074343750001 0.542299821875 0.8201733375 0.490602175 0.8117583625 0.43649993125000003 0.7793008375 0.418465803125 0.768481628125 0.426881715625 0.7468433125 0.460545371875 0.715587809375 0.49541128125 0.6939494875000001 0.47136583749999994 0.674715396875 0.44852265312500006 0.6542791 0.47016349375 0.63264078125 0.520658975 0.59898105 0.53869305625 0.57734273125 0.501422640625 0.562917 0.44130904062500004 0.5520978875 0.44972490625 0.525651021875 0.47857945312499994 0.501608384375 0.520658975 0.47035288125 0.5242657375 0.47756574374999994 0.46535447812499997 0.4739593125 0.42207265625 0.47035288125 0.42447716562500004 0.459375 0.437145428125 0.459375 0.6 1 0.6 1 0.46131791250000004
1 0.7875 0.1234375 0.1515625 0.1359375
1 0.559375 0.1875 0.121875 0.196875
1 0.665625 0.1625 0.11875 0.15625
1 0.4765625 0.409375 0.034375 0.1453125
1 0.51875 0.45 0.1203125 0.1921875
1 0.625 0.459375 0.1390625 0.209375
1 0.85 0.44375 0.146875 0.23125
3 0.953125 0.19375 0.09375 0.28125
2 0.540625 0.640625 0.053125 0.0796875