3 0.528125 0.371875 0.08125 0.103125
3 0.259375 0.4859375 0.0796875 0.0875
3 0.26875 0.3984375 0.0765625 0.0890625
3 0.3140625 0.4984375 0.053125 0.0625
3 0.48125 0.3 0.1125 0.171875
1 0.76875 0.2 0.134375 0.1234375
1 0.9125 0.209375 0.078125 0.1015625
1 0.8328125 0.03125 0.084375 0.0625
3 0.4484375 0.5875 0.034375 0.0796875
3 0.4203125 0.5796875 0.034375 0.0703125
3 0.3953125 0.584375 0.0359375 0.0671875
3 0.36875 0.5921875 0.034375 0.065625
3 0.34375 0.584375 0.0421875 0.0734375
3 0.309375 0.590625 0.034375 0.0734375
4 0.4609375 0.6 0.028125 0.0359375
4 0.41875 0.6015625 0.03125 0.0359375
5 0.28125 0.590625 0.0296875 0.0421875
5 0.3390625 0.584375 0.0328125 0.05625
5 0.690625 0.9734375 0.065625 0.053125
5 0.615625 0.6203125 0.0828125 0.159375
5 0.6828125 0.875 0.0671875 0.125