3 0.115625 0.4296875 0.153125 0.21875
3 0.24375 0.4125 0.1296875 0.2515625
3 0.315625 0.4546875 0.1484375 0.16875
3 0.38125 0.44375 0.05625 0.1921875
3 0.059375 0.109375 0.11875 0.21875
3 0.184375 0.13125 0.165625 0.2625
3 0.046875 0.45625 0.09375 0.1640625
5 0.015625 0.665625 0.03125 0.1609375
0 1 0.732042940625 0.9644345781249999 0.729028571875 0.9331791687500001 0.730230846875 0.8249872968749999 0.744658146875 0.787721228125 0.7518717374999999 0.7155933125 0.77591718125 0.638656853125 0.7650967343749999 0.5593161656250001 0.761489903125 0.50041168125 0.77471495 0.477571065625 0.7879399 0.45713485625 0.8107831125 0.44751776562499995 0.844446696875 0.44871997500000005 0.875705753125 0.458337065625 0.899751196875 0.479975475 0.916583021875 0.49920947499999996 0.8817171125 0.5184436625 0.876908053125 0.5364756374999999 0.8913352812499999 0.547294753125 0.911773915625 0.5857630281249999 0.945437525 0.59538011875 0.8865262218750001 0.6134121 0.8600762281250001 0.6242312125 0.870896690625 0.63625253125 0.8889307750000001 0.645869625 0.899751196875 0.6626994875000001 0.9225943843750001 0.674720809375 0.938223909375 0.684337809375 0.9189875781250001 0.701167675 0.904560303125 0.726412425 0.8660875875 0.7324230843749999 0.858873971875 0.757667928125 0.868492140625 0.774497703125 0.879312559375 0.7853169062500001 0.88412166875 0.7985403375 0.899751196875 0.812965978125 0.929807996875 0.821380865625 0.9466398249999999 0.82979584375 0.9791011812500001 0.835560334375 1 0.89288095 1 0.894710890625 0.9959329625000001 0.895913096875 0.968280715625 0.9055301 0.935819359375 0.92115785 0.904560303125 0.93197705625 0.8817171125 0.936785509375 0.839637590625 0.947604715625 0.8252103156249999 0.966838809375 0.8216035093749999 0.9824665593749999 0.832423978125 0.9944878781250001 0.839637590625 1 0.846987953125 1 0.732042940625
1 0.75625 0.896875 0.1515625 0.1359375
1 0.5265625 0.93125 0.121875 0.1375
1 0.634375 0.928125 0.11875 0.14375
3 0.9375 0.9125 0.125 0.1734375