3 0.7859375 0.259375 0.2515625 0.43125
3 0.303125 0.44375 0.1375 0.2828125
3 0.353125 0.7859375 0.153125 0.3765625
3 0.696875 0.496875 0.1046875 0.2171875
3 0.759375 0.7828125 0.15625 0.434375
3 0.778125 0.496875 0.1125 0.1875
3 0.9484375 0.64375 0.103125 0.2375
3 0.9078125 0.68125 0.1515625 0.2671875
3 0.853125 0.709375 0.1328125 0.3171875
3 0.83125 0.48125 0.078125 0.165625
3 0.909375 0.43125 0.1265625 0.19375
3 0.1125 0.7375 0.0796875 0.28125
3 0.059375 0.603125 0.096875 0.171875
3 0.1046875 0.4953125 0.1234375 0.1890625