1 0.4265625 0.0265625 0.05625 0.053125
1 0.3875 0.215625 0.1078125 0.246875
1 0.4875 0.171875 0.0828125 0.1421875
1 0.540625 0.153125 0.05 0.1296875
1 0.21875 0.19375 0.1171875 0.184375
1 0.121875 0.16875 0.08125 0.1359375
1 0.0359375 0.1703125 0.071875 0.128125
0 0.3203125 0.30625 0.4703125 0.221875
3 0.615625 0.290625 0.0546875 0.2296875
3 0.759375 0.346875 0.140625 0.190625
3 0.853125 0.375 0.115625 0.1703125
3 0.9125 0.3484375 0.121875 0.2078125
3 0.96875 0.3625 0.0625 0.1953125
3 0.68125 0.30625 0.1171875 0.2078125
3 0.54375 0.4984375 0.0890625 0.078125
3 0.471875 0.521875 0.1375 0.1234375
3 0.1 0.50625 0.140625 0.0921875
3 0.03125 0.528125 0.0609375 0.1375
3 0.759375 0.5703125 0.1859375 0.221875