1 0.4515625 0.309375 0.075 0.1359375
1 0.3546875 0.3125 0.1046875 0.128125
1 0.2296875 0.29375 0.0921875 0.1375
1 0.115625 0.2609375 0.1484375 0.2171875
1 0.2296875 0.0125 0.090625 0.0234375
1 0.134375 0.0453125 0.071875 0.090625
0 0.20625 0.3625 0.4109375 0.1125
0 0.034375 0.253125 0.06875 0.10625
3 0.1171875 0.0875 0.146875 0.175
2 0.621875 0.284375 0.2640625 0.2703125
4 0.9078125 0.559375 0.159375 0.2125
4 0.7625 0.5375 0.1328125 0.190625
4 0.6 0.5375 0.1765625 0.2390625
4 0.709375 0.6765625 0.075 0.1046875
4 0.596875 0.7140625 0.0953125 0.1140625