1 0.025 0.475 0.05 0.0875
1 0.0953125 0.496875 0.0546875 0.103125
1 0.1875 0.5 0.05625 0.159375
1 0.2265625 0.740625 0.1078125 0.246875
1 0.128125 0.696875 0.0828125 0.1421875
1 0.0734375 0.6796875 0.05 0.1296875
1 0.3953125 0.721875 0.1171875 0.184375
1 0.49375 0.69375 0.08125 0.1359375
1 0.59375 0.696875 0.1046875 0.128125
1 0.71875 0.678125 0.0921875 0.1375
1 0.834375 0.6453125 0.1484375 0.2171875
1 0.71875 0.353125 0.090625 0.1109375
1 0.8125 0.371875 0.071875 0.20625
1 0.9 0.325 0.0546875 0.121875
0 0.3 0.3296875 0.546875 0.2421875
0 0.753125 0.26875 0.3953125 0.190625
0 0.74375 0.78125 0.415625 0.1796875
0 0.925 0.6375 0.0921875 0.10625
0 0.29375 0.8328125 0.4703125 0.221875
3 0.828125 0.415625 0.1484375 0.290625