3 0.553125 0.278125 0.1625 0.2234375
3 0.6765625 0.3625 0.15 0.153125
3 0.8546875 0.25 0.1890625 0.275
0 0.575 0.2328125 0.2609375 0.2453125
2 0.5453125 0.221875 0.09375 0.1140625
5 0.190625 0.75 0.034375 0.0390625
5 0.10625 0.79375 0.028125 0.0296875
1 0.165625 0.803125 0.034375 0.0625
1 0.1890625 0.803125 0.0359375 0.05625
5 0.265625 0.715625 0.021875 0.0203125
5 0.234375 0.70625 0.028125 0.0203125
5 0.153125 0.7515625 0.03125 0.0515625
5 0.109375 0.69375 0.025 0.034375
5 0.078125 0.6875 0.021875 0.0390625
5 0.059375 0.703125 0.028125 0.040625
5 0.215625 0.803125 0.028125 0.05625
5 0.1328125 0.7890625 0.0328125 0.0703125
5 0.2671875 0.803125 0.0296875 0.0359375
5 0.2828125 0.784375 0.028125 0.034375
5 0.0453125 0.7671875 0.0265625 0.028125
5 0.040625 0.696875 0.0203125 0.0234375
3 0.671875 0.5578125 0.234375 0.2375
3 0.7046875 0.771875 0.125 0.2578125