0 0.1375 0.165625 0.275 0.33125
2 0.28125 0.1796875 0.0734375 0.109375
3 0.2125 0.253125 0.2109375 0.3359375
1 0.64375 0.2125 0.046875 0.0515625
1 0.690625 0.2 0.0390625 0.065625
1 0.6140625 0.2203125 0.0390625 0.04375
3 0.63125 0.178125 0.05625 0.1265625
3 0.690625 0.1734375 0.05 0.09375
3 0.721875 0.0671875 0.0828125 0.134375
3 0.6 0.1875 0.05625 0.0890625
1 0.475 0.15 0.0453125 0.0515625
1 0.76875 0.1765625 0.0390625 0.0515625
1 0.825 0.15625 0.0375 0.0546875
5 0.38125 0.73125 0.0671875 0.075
3 0.3765625 0.7 0.103125 0.121875
3 0.709375 0.7125 0.1046875 0.146875
3 0.86875 0.70625 0.0921875 0.134375
3 0.45625 0.721875 0.1171875 0.1671875