0 0.053125 0.046875 0.10625 0.09375
0 0.2953125 0.0609375 0.2875 0.121875
0 0.55625 0.0625 0.1984375 0.1234375
0 0.640625 0.4 0.0953125 0.1390625
0 0.5015625 0.3921875 0.16875 0.153125
0 0.3203125 0.390625 0.18125 0.1546875
0 0.146875 0.3859375 0.159375 0.165625
0 0.03125 0.371875 0.0625 0.19375
3 0.73125 0.275 0.0859375 0.3890625
3 0.875 0.253125 0.19375 0.4328125
3 0.94375 0.190625 0.1109375 0.3796875
1 0.775 0.3578125 0.0671875 0.221875
3 0.3140625 0.9140625 0.128125 0.171875
3 0.23125 0.9515625 0.1171875 0.096875
4 0.84375 0.9421875 0.3109375 0.115625