0 0.1875 0.1390625 0.3734375 0.275
1 0.071875 0.0296875 0.1015625 0.059375
3 0.034375 0.059375 0.06875 0.11875
1 0.165625 0.04375 0.121875 0.0875
3 0.815625 0.203125 0.046875 0.1171875
3 0.6390625 0.2125 0.0359375 0.103125
3 0.740625 0.665625 0.078125 0.115625
3 0.4578125 0.6265625 0.0828125 0.1421875
3 0.7953125 0.6140625 0.0765625 0.0984375
3 0.75 0.76875 0.0625 0.078125
3 0.7140625 0.75625 0.059375 0.0953125
3 0.5046875 0.765625 0.059375 0.096875
3 0.55625 0.76875 0.0546875 0.109375
3 0.6875 0.6546875 0.0859375 0.14375