0 0.159375 0.1078125 0.31875 0.215625
3 0.525 0.04375 0.1859375 0.0875
3 0.9546875 0.0640625 0.090625 0.128125
3 0.984375 0.25 0.03125 0.20625
3 0.9859375 0.1203125 0.028125 0.140625
3 0.271875 0.746875 0.0328125 0.121875
3 0.23125 0.7046875 0.0671875 0.1515625
3 0.18125 0.75 0.0578125 0.10625
3 0.2 0.871875 0.0578125 0.1140625
3 0.059375 0.884375 0.06875 0.1375
3 0.0078125 0.8875 0.015625 0.1390625
3 0.125 0.88125 0.0734375 0.1265625
4 0.0953125 0.69375 0.10625 0.084375
4 0.1734375 0.7328125 0.059375 0.08125