1 0.478125 0.3140625 0.0421875 0.1
3 0.1765625 0.315625 0.06875 0.3
3 0.3640625 0.328125 0.1046875 0.225
3 0.25 0.2828125 0.1125 0.2171875
3 0.20625 0.0859375 0.0953125 0.171875
3 0.4328125 0.3140625 0.1015625 0.265625
3 0.353125 0.309375 0.0875 0.221875
3 0.8296875 0.1125 0.15 0.1984375
3 0.946875 0.065625 0.10625 0.1296875
3 0.0625 0.6390625 0.125 0.159375
3 0.153125 0.69375 0.1375 0.14375
3 0.478125 0.65625 0.0453125 0.15625
3 0.4265625 0.584375 0.146875 0.16875
3 0.275 0.590625 0.1640625 0.1484375
3 0.7625 0.8 0.0515625 0.059375
3 0.71875 0.8046875 0.0578125 0.0578125