3 0.25625 0.03125 0.10625 0.0625
3 0.2109375 0.3046875 0.125 0.16875
3 0.140625 0.040625 0.1453125 0.0796875
2 0.653125 0.178125 0.03125 0.1234375
1 0.99375 0.1171875 0.0109375 0.06875
5 0.965625 0.01875 0.0453125 0.0359375
5 0.9484375 0.071875 0.0484375 0.0796875
2 0.50625 0.859375 0.1171875 0.1171875
2 0.5234375 0.9578125 0.065625 0.084375
2 0.525 0.775 0.0765625 0.0828125
3 0.465625 0.725 0.1390625 0.15625
3 0.4265625 0.615625 0.165625 0.190625
3 0.040625 0.5359375 0.0796875 0.159375
2 0.809375 0.653125 0.0234375 0.0515625