1 0.703125 0.53125 0.0453125 0.1
3 0.9859375 0.53125 0.028125 0.3
3 0.8203125 0.5453125 0.1046875 0.225
3 0.934375 0.5 0.1125 0.2171875
3 0.9640625 0.2765625 0.071875 0.221875
3 0.7515625 0.53125 0.1015625 0.265625
3 0.83125 0.525 0.0875 0.221875
3 0.109375 0.96875 0.1734375 0.0625
3 0.1390625 0.825 0.121875 0.1890625
3 0.215625 0.828125 0.1484375 0.1640625
3 0.496875 0.840625 0.1484375 0.1953125
3 0.60625 0.8921875 0.125 0.196875
1 0.85625 0.8953125 0.0796875 0.1
3 0.703125 0.871875 0.046875 0.25625
3 0.96875 0.8984375 0.0625 0.203125
3 0.921875 0.88125 0.1015625 0.2375
3 0.978125 0.8890625 0.0421875 0.221875