3 0.03125 0.23125 0.0609375 0.2609375
3 0.49375 0.396875 0.06875 0.0828125
3 0.41875 0.4015625 0.1125 0.075
3 0.4625 0.253125 0.0953125 0.2203125
3 0.2375 0.40625 0.1015625 0.0671875
3 0.3171875 0.4125 0.0875 0.0515625
0 0.7078125 0.25625 0.315625 0.3671875
5 0.196875 0.5078125 0.1078125 0.1375
5 0.290625 0.53125 0.06875 0.13125
5 0.0640625 0.5078125 0.053125 0.1078125
2 0.365625 0.475 0.0578125 0.0734375
4 0.9453125 0.5375 0.109375 0.1984375
4 0.859375 0.5828125 0.0625 0.1
4 0.7171875 0.5640625 0.0703125 0.1109375
4 0.9796875 0.8078125 0.040625 0.159375
5 0.8625 0.80625 0.1375 0.1796875