5 0.8890625 0.05 0.03125 0.1
5 0.7140625 0.121875 0.090625 0.24375
5 0.5453125 0.096875 0.09375 0.1921875
5 0.0546875 0.6796875 0.10625 0.0921875
5 0.10625 0.759375 0.090625 0.090625
5 0.228125 0.821875 0.0828125 0.0953125
5 0.31875 0.8265625 0.1 0.09375
0 0.78141048125 0.70774685 0.744062209375 0.718251053125 0.7242209374999999 0.712998946875 0.699711134375 0.663979340625 0.6623628625 0.67273284375 0.641354459375 0.704245446875 0.69270833125 0.72525385 0.71488386875 0.76551995625 0.739393675 0.804035365625 0.7580678125 0.7865283625 0.7790762124999999 0.7620185562499999 0.8059202843750001 0.74626225625 0.831597221875 0.7935311625 0.84793709375 0.776024159375 0.8491042249999999 0.75676645625 0.8642769593749999 0.74626225625 0.8957895656250001 0.74801295625 0.9074609 0.718251053125 0.8864525000000001 0.6937412468749999 0.8642769593749999 0.6989933500000001 0.8362657562500001 0.712998946875 0.8164244875 0.71650035 0.78141048125 0.70774685
0 0.5596551125 0.75501575625 0.57249358125 0.8057860625 0.606340453125 0.7882790625 0.62034605625 0.7620185562499999 0.63785305625 0.74626225625 0.6296831218750001 0.68498774375 0.594669115625 0.72350315 0.552652309375 0.702494746875 0.502465571875 0.70949755 0.512969771875 0.741010153125 0.5596551125 0.75501575625
0 0.42193335625 0.7602678593750001 0.439440359375 0.7917804625 0.461615896875 0.809287465625 0.472120096875 0.7777748625 0.48612570312500003 0.742760853125 0.4896271 0.70774685 0.45694736249999995 0.712998946875 0.43010329062499997 0.72175245 0.39275501875 0.718251053125 0.38691935312500003 0.742760853125 0.42193335625 0.7602678593750001
0 1 0.901835071875 0.9821574468750001 0.930085784375 0.9669847125000001 0.9475927875 0.9529791062499999 0.9528448875000001 0.915630834375 0.9370885875000001 0.9004581 0.968601190625 0.9167979687500001 0.98610819375 0.940140640625 0.98785889375 0.967120875 1 0.9827867250000001 1 0.9973301812500001 0.993110996875 1 0.989106265625 1 0.901835071875
4 0.98125 0.76875 0.0375 0.1171875
4 0.9375 0.8140625 0.06875 0.125
4 0.4125 0.834375 0.0890625 0.1953125
4 0.5296875 0.8328125 0.1328125 0.221875
4 0.665625 0.8046875 0.121875 0.234375
4 0.78125 0.828125 0.090625 0.16875
4 0.8734375 0.8203125 0.065625 0.1796875
3 0.78125 0.828125 0.1125 0.215625
3 0.671875 0.83125 0.1453125 0.2375