5 0.025 0.1703125 0.0484375 0.19375
5 0.315625 0.078125 0.0953125 0.15625
2 0.809375 0.0125 0.10625 0.025
4 0.7109375 0.1125 0.1140625 0.1578125
1 0.878125 0.0875 0.1 0.1203125
1 0.909375 0.321875 0.0546875 0.11875
1 0.8171875 0.3546875 0.071875 0.109375
1 0.578125 0.3328125 0.078125 0.11875
1 0.46875 0.303125 0.0671875 0.13125
5 0.3 0.30625 0.0609375 0.1140625
4 0.490625 0.071875 0.1015625 0.1109375
0 1 0.46565558124999995 0.9865153125000001 0.46365761250000004 0.936506703125 0.43416183124999996 0.9288129812499999 0.38927700625 0.90188524375 0.353369159375 0.8839333875 0.39953643437499997 0.858287909375 0.417490384375 0.832642428125 0.41620798125 0.8121260625 0.38927700625 0.79417420625 0.379017628125 0.7839160749999999 0.405948553125 0.763399709375 0.43544433437499996 0.7326251125 0.449550975 0.7082618875 0.4457036625 0.699286009375 0.41492547812499997 0.698003653125 0.39184191562500004 0.6838986593749999 0.40723095625 0.67107591875 0.431597025 0.655688671875 0.41492547812499997 0.62747858125 0.39697162812500003 0.614655840625 0.37645281875 0.594139475 0.350804346875 0.574905365625 0.349521896875 0.559518115625 0.37260551249999996 0.5518244906249999 0.40723095625 0.53259038125 0.431597025 0.5018157875 0.42518490625 0.491557553125 0.39697162812500003 0.483863928125 0.34823949375 0.477452559375 0.31233164062499996 0.4466779625 0.34439223124999996 0.41975013125 0.3828648875 0.3992338625 0.42133759687500005 0.36333015 0.43544433437499996 0.345378390625 0.41236066875 0.34153153125 0.36875825 0.347942903125 0.31233164062499996 0.3517897625 0.27642374062499997 0.322297421875 0.304637071875 0.3004988 0.341827375 0.279982334375 0.350804346875 0.26875 0.367280353125 0.26875 0.430803234375 0.308192325 0.46494001875 0.513356271875 0.512389746875 0.801867928125 0.5111072437499999 1 0.5378582375 1 0.46565558124999995
3 0.7296875 0.95 0.06875 0.1
3 0.625 0.7515625 0.0828125 0.115625
3 0.61875 0.9640625 0.0796875 0.071875
3 0.678125 0.9421875 0.0671875 0.115625
3 0.778125 0.921875 0.0734375 0.1125
3 0.840625 0.9375 0.06875 0.1234375
3 0.7984375 0.753125 0.0984375 0.1328125